149157068 1 100002 1420574522643
573956600 1 100001 1420574582643
573956600 1 100001 1420574642643
49437246 1 100002 1420574822643
49437246 1 100002 1420575002643
12794362 1 100001 1420575122643
15787325 1 100003 1420575782643
49437246 1 100002 1420576862643
49437246 2 100002 1420576922643
49437246 2 100002 1420576982643
49437246 1 100002 1420577042643
149157068 1 100002 1420577342643
49437246 1 100002 1420577462643
49437246 1 100002 1420577522643
149157068 1 100002 1420578242643
149157068 1 100002 1420578302643
23624581 1 100001 1420578362643
263131563 1 100001 1420578662643
12794362 1 100001 1420578662643
12794362 1 100001 1420578722643
149157068 1 100002 1420579322643
49437246 1 100002 1420579382643
149157068 1 100002 1420579382643
12794362 1 100001 1420579502643
12794362 1 100001 1420579562643
12794362 1 100001 1420579982643
23624581 1 100001 1420580702643
23624581 1 100001 1420580762643
23624581 1 100001 1420581242643
49437246 1 100002 1420581422643
49437246 1 100002 1420581482643
23624581 1 100001 1420581482643
23624581 1 100001 1420581542643
263131563 1 100001 1420581662643
263131563 1 100001 1420581722643
49437246 1 100002 1420582742643
49437246 1 100002 1420582802643
50672288 1 100002 1420582982643
49437246 1 100002 1420583042643
49437246 1 100002 1420583102643
49437246 1 100002 1420583162643
49437246 1 100002 1420583222643
49437246 1 100002 1420583282643
49437246 2 100002 1420583402643
49437246 1 100002 1420583462643
