89787221 2 100004 1420574522643
7867072 2 100000 1420574522643
326821147 2 99990 1420574522643
12273252 2 99986 1420574522643
140080129 2 99945 1420574522643
278093318 2 74267 1420574522643
104227735 2 44911 1420574522643
1381345892 1 100008 1420574522643
29788830 1 100006 1420574522643
1581203119 1 100001 1420574522643
89787221 2 100004 1420574582643
7867072 2 100000 1420574582643
15111389 2 99999 1420574582643
12273252 2 99986 1420574582643
14192680 2 88618 1420574582643
18964685 2 48034 1420574582643
23354464 2 32095 1420574582643
1381345892 1 100008 1420574582643
29788830 1 100006 1420574582643
532171645 1 100003 1420574582643
89787221 2 100004 1420574642643
7867072 2 100000 1420574642643
27091328 2 99999 1420574642643
12273252 2 99986 1420574642643
12413892 2 99981 1420574642643
73417273 2 83166 1420574642643
1381345892 1 100008 1420574642643
90714989 1 100004 1420574642643
976147104 1 100003 1420574642643
5146511 1 100000 1420574642643
89787221 2 100004 1420574702643
976147104 2 100003 1420574702643
27091328 2 100000 1420574702643
7867072 2 100000 1420574702643
73417273 2 83166 1420574702643
183807568 2 33884 1420574702643
384479689 2 32296 1420574702643
23354464 2 32095 1420574702643
1381345892 1 100008 1420574702643
23779501 1 100003 1420574702643
89787221 2 100004 1420574762643
27091328 2 100000 1420574762643
7867072 2 100000 1420574762643
17698956 2 99921 1420574762643
73417273 2 83166 1420574762643
278093318 2 74267 1420574762643
92733433 2 68843 1420574762643
11178672 2 64179 1420574762643
183807568 2 33884 1420574762643
384479689 2 32296 1420574762643
89787221 2 100004 1420574822643
27091328 2 100000 1420574822643
7867072 2 100000 1420574822643
73417273 2 83166 1420574822643
92733433 2 68843 1420574822643
11178672 2 64179 1420574822643
384479689 2 32296 1420574822643
38702668 2 12088 1420574822643
1381345892 1 100008 1420574822643
19200736 1 100002 1420574822643
7867072 2 100001 1420574882643
27091328 2 100000 1420574882643
12273252 2 99986 1420574882643
21842357 2 77828 1420574882643
92733433 2 68843 1420574882643
11178672 2 64179 1420574882643
384479689 2 32296 1420574882643
89787221 1 100004 1420574882643
976147104 1 100003 1420574882643
818340 1 100001 1420574882643
976147104 2 100003 1420574942643
7867072 2 100001 1420574942643
17070252 2 99999 1420574942643
12273252 2 99986 1420574942643
14192680 2 88618 1420574942643
73417273 2 83166 1420574942643
174890917 2 80830 1420574942643
21842357 2 77828 1420574942643
92733433 2 68843 1420574942643
18964685 2 48034 1420574942643
7867072 2 100001 1420575002643
14192680 2 88618 1420575002643
73417273 2 83166 1420575002643
174890917 2 80830 1420575002643
384479689 2 32296 1420575002643
89787221 1 100004 1420575002643
976147104 1 100003 1420575002643
15601977 1 100001 1420575002643
15920875 1 100001 1420575002643
27091328 1 100001 1420575002643
1381345892 2 100008 1420575062643
89787221 2 100004 1420575062643
27091328 2 100001 1420575062643
7867072 2 100001 1420575062643
12273252 2 99986 1420575062643
174890917 2 80830 1420575062643
384479689 2 32296 1420575062643
16253142 1 100002 1420575062643
15601977 1 100001 1420575062643
15920875 1 100001 1420575062643
1381345892 2 100008 1420575122643
89787221 2 100004 1420575122643
27091328 2 100001 1420575122643
1051313198 2 99997 1420575122643
8861752 2 92164 1420575122643
11178672 2 64179 1420575122643
186222238 2 43816 1420575122643
384479689 2 32296 1420575122643
16253142 1 100002 1420575122643
15601977 1 100001 1420575122643
89787221 2 100004 1420575182643
12413892 2 99981 1420575182643
140080129 2 99945 1420575182643
384479689 2 32296 1420575182643
1381345892 1 100008 1420575182643
19200736 1 100002 1420575182643
202777395 1 100002 1420575182643
15601977 1 100001 1420575182643
27091328 1 100000 1420575182643
15856366 1 100000 1420575182643
89787221 2 100004 1420575242643
12413892 2 99981 1420575242643
140080129 2 99945 1420575242643
14192680 2 88618 1420575242643
278093318 2 74267 1420575242643
92733433 2 68843 1420575242643
19200736 1 100002 1420575242643
202777395 1 100002 1420575242643
7867072 1 100001 1420575242643
166715703 1 100000 1420575242643
17070252 2 99999 1420575302643
12413892 2 99981 1420575302643
17604456 2 95242 1420575302643
174890917 2 80830 1420575302643
384479689 2 32296 1420575302643
1381345892 1 100008 1420575302643
89787221 1 100004 1420575302643
166715703 1 100000 1420575302643
27091328 1 100000 1420575302643
12273252 1 99986 1420575302643
1381345892 2 100008 1420575362643
7867072 2 100001 1420575362643
17070252 2 99999 1420575362643
12273252 2 99986 1420575362643
17604456 2 95242 1420575362643
73417273 2 83166 1420575362643
18970044 2 14261 1420575362643
15601977 1 100001 1420575362643
120985729 1 100001 1420575362643
17472921 1 99999 1420575362643
202777395 2 100002 1420575422643
17070252 2 99999 1420575422643
20745130 2 99998 1420575422643
1618007706 2 99991 1420575422643
140080129 2 99945 1420575422643
14192680 2 88618 1420575422643
278093318 2 74267 1420575422643
24773493 2 15893 1420575422643
1381345892 1 100008 1420575422643
89787221 1 100004 1420575422643
89787221 2 100004 1420575482643
17070252 2 99999 1420575482643
140080129 2 99945 1420575482643
14192680 2 88618 1420575482643
174890917 2 80830 1420575482643
278093318 2 74267 1420575482643
202777395 1 100002 1420575482643
234484328 1 100001 1420575482643
7867072 1 100001 1420575482643
27091328 1 100000 1420575482643
89787221 2 100004 1420575542643
7867072 2 100001 1420575542643
140080129 2 99945 1420575542643
174890917 2 80830 1420575542643
278093318 2 74267 1420575542643
19200736 1 100002 1420575542643
234484328 1 100001 1420575542643
15601977 1 100001 1420575542643
17070252 1 100000 1420575542643
27091328 1 100000 1420575542643
89787221 2 100004 1420575602643
140080129 2 99945 1420575602643
73417273 2 83166 1420575602643
189107456 2 46850 1420575602643
7867072 1 100002 1420575602643
27091328 1 100000 1420575602643
1618007706 1 99991 1420575602643
326821147 1 99990 1420575602643
12273252 1 99986 1420575602643
12413892 1 99981 1420575602643
89787221 2 100004 1420575662643
326821147 2 99990 1420575662643
140080129 2 99945 1420575662643
73417273 2 83166 1420575662643
92733433 2 68843 1420575662643
15445129 2 49419 1420575662643
202777395 1 100002 1420575662643
27091328 1 100000 1420575662643
199358175 1 99999 1420575662643
12273252 1 99986 1420575662643
21044502 2 100001 1420575722643
140080129 2 99945 1420575722643
73417273 2 83166 1420575722643
69020299 2 32338 1420575722643
23354464 2 32095 1420575722643
89787221 1 100004 1420575722643
976147104 1 100003 1420575722643
7867072 1 100002 1420575722643
15601977 1 100001 1420575722643
120985729 1 100001 1420575722643
89787221 2 100004 1420575782643
140080129 2 99945 1420575782643
73417273 2 83166 1420575782643
278093318 2 74267 1420575782643
11178672 2 64179 1420575782643
69020299 2 32338 1420575782643
1381345892 1 100008 1420575782643
976147104 1 100003 1420575782643
15787325 1 100002 1420575782643
21044502 1 100002 1420575782643
15601977 2 100001 1420575842643
27091328 2 99999 1420575842643
140080129 2 99945 1420575842643
18964685 2 48034 1420575842643
69020299 2 32338 1420575842643
384479689 2 32296 1420575842643
1381345892 1 100008 1420575842643
89787221 1 100004 1420575842643
202777395 1 100002 1420575842643
7867072 1 100002 1420575842643
7867072 2 100002 1420575902643
140080129 2 99945 1420575902643
92733433 2 68843 1420575902643
69020299 2 32338 1420575902643
21986815 2 24516 1420575902643
275665487 1 100002 1420575902643
202777395 1 100002 1420575902643
234484328 1 100001 1420575902643
15601977 1 100001 1420575902643
27091328 1 99999 1420575902643
140080129 2 99945 1420575962643
92733433 2 68843 1420575962643
11178672 2 64179 1420575962643
69020299 2 32338 1420575962643
89787221 1 100004 1420575962643
275665487 1 100002 1420575962643
7867072 1 100002 1420575962643
15601977 1 100001 1420575962643
17070252 1 99999 1420575962643
818340 1 99999 1420575962643
15601977 2 100001 1420576022643
12273252 2 99986 1420576022643
140080129 2 99945 1420576022643
17698956 2 99921 1420576022643
92733433 2 68843 1420576022643
118292510 2 49053 1420576022643
69020299 2 32338 1420576022643
89787221 1 100004 1420576022643
275665487 1 100002 1420576022643
202777395 1 100002 1420576022643
202777395 2 100002 1420576082643
15601977 2 100001 1420576082643
140080129 2 99945 1420576082643
118292510 2 49053 1420576082643
69020299 2 32338 1420576082643
89787221 1 100004 1420576082643
275665487 1 100002 1420576082643
7867072 1 100002 1420576082643
11129062 1 100001 1420576082643
27091328 1 99999 1420576082643
1381345892 2 100008 1420576142643
7867072 2 100002 1420576142643
12273252 2 99986 1420576142643
12413892 2 99981 1420576142643
140080129 2 99945 1420576142643
17698956 2 99921 1420576142643
14192680 2 88618 1420576142643
174890917 2 80830 1420576142643
278093318 2 74267 1420576142643
69020299 2 32338 1420576142643
7867072 2 100002 1420576202643
15601977 2 100001 1420576202643
27091328 2 99999 1420576202643
12273252 2 99986 1420576202643
17698956 2 99921 1420576202643
92733433 2 68843 1420576202643
69020299 2 32338 1420576202643
23354464 2 32095 1420576202643
1381345892 1 100008 1420576202643
203020760 1 100002 1420576202643
15601977 2 100001 1420576262643
15856366 2 100000 1420576262643
27091328 2 99999 1420576262643
14845376 2 99985 1420576262643
12413892 2 99981 1420576262643
384479689 2 32296 1420576262643
19200736 1 100002 1420576262643
45710831 1 100002 1420576262643
7867072 1 100002 1420576262643
22192440 1 100001 1420576262643
12413892 2 99981 1420576322643
69020299 2 32338 1420576322643
1381345892 1 100008 1420576322643
19200736 1 100002 1420576322643
7867072 1 100002 1420576322643
15601977 1 100001 1420576322643
166715703 1 100001 1420576322643
22192440 1 100001 1420576322643
20096207 1 100001 1420576322643
15856366 1 100000 1420576322643
12413892 2 99981 1420576382643
17698956 2 99921 1420576382643
1381345892 1 100008 1420576382643
7867072 1 100002 1420576382643
166715703 1 100001 1420576382643
487535749 1 99997 1420576382643
44426926 1 99993 1420576382643
140080129 1 99945 1420576382643
14192680 1 88618 1420576382643
8312862 1 83694 1420576382643
487535749 2 99996 1420576442643
44426926 2 99993 1420576442643
12413892 2 99981 1420576442643
278093318 2 74267 1420576442643
7867072 1 100002 1420576442643
199358175 1 100000 1420576442643
326821147 1 99990 1420576442643
14845376 1 99985 1420576442643
140080129 1 99945 1420576442643
17698956 1 99921 1420576442643
12413892 2 99981 1420576502643
140080129 2 99945 1420576502643
17698956 2 99921 1420576502643
8861752 2 92164 1420576502643
278093318 2 74267 1420576502643
69020299 2 32338 1420576502643
976147104 1 100003 1420576502643
45710831 1 100002 1420576502643
7867072 1 100002 1420576502643
11129062 1 100001 1420576502643
818340 2 99999 1420576562643
12413892 2 99981 1420576562643
17698956 2 99921 1420576562643
309220197 2 92199 1420576562643
8861752 2 92164 1420576562643
824157 2 61286 1420576562643
69020299 2 32338 1420576562643
23354464 2 32095 1420576562643
976147104 1 100003 1420576562643
45710831 1 100002 1420576562643
326821147 2 99990 1420576622643
8861752 2 92164 1420576622643
69020299 2 32338 1420576622643
19200736 1 100002 1420576622643
7867072 1 100002 1420576622643
15601977 1 100001 1420576622643
20096207 1 100001 1420576622643
818340 1 100000 1420576622643
27091328 1 99999 1420576622643
487535749 1 99996 1420576622643
19200736 2 100002 1420576682643
7867072 2 100002 1420576682643
278093318 2 74267 1420576682643
69020299 2 32338 1420576682643
45710831 1 100001 1420576682643
487535749 1 99996 1420576682643
44426926 1 99993 1420576682643
1618007706 1 99991 1420576682643
326821147 1 99990 1420576682643
12273252 1 99986 1420576682643
818340 2 100000 1420576742643
140080129 2 99945 1420576742643
17698956 2 99921 1420576742643
8861752 2 92164 1420576742643
278093318 2 74267 1420576742643
24849868 2 51608 1420576742643
69020299 2 32338 1420576742643
89787221 1 100004 1420576742643
19200736 1 100002 1420576742643
120985729 1 100002 1420576742643
89787221 2 100004 1420576802643
44426926 2 99993 1420576802643
140080129 2 99945 1420576802643
17698956 2 99921 1420576802643
174890917 2 80830 1420576802643
24849868 2 51608 1420576802643
18964685 2 48034 1420576802643
69020299 2 32338 1420576802643
384479689 2 32296 1420576802643
23354464 2 32095 1420576802643
89787221 2 100004 1420576862643
7867072 2 100002 1420576862643
57333521 2 99993 1420576862643
12273252 2 99986 1420576862643
140080129 2 99945 1420576862643
23354464 2 32095 1420576862643
17810599 2 12444 1420576862643
811303 1 100005 1420576862643
166715703 1 100002 1420576862643
36440780 1 100002 1420576862643
57333521 2 99993 1420576922643
140080129 2 99945 1420576922643
14192680 2 88618 1420576922643
49437246 2 19449 1420576922643
1381345892 1 100008 1420576922643
89787221 1 100004 1420576922643
166715703 1 100002 1420576922643
36440780 1 100002 1420576922643
7867072 1 100002 1420576922643
15601977 1 100001 1420576922643
89787221 2 100005 1420576982643
7867072 2 100002 1420576982643
14192680 2 88618 1420576982643
394078527 2 41650 1420576982643
69020299 2 32338 1420576982643
61292961 2 22851 1420576982643
49437246 2 19449 1420576982643
1381345892 1 100008 1420576982643
44426926 1 99999 1420576982643
57333521 1 99993 1420576982643
7867072 2 100002 1420577042643
27091328 2 99999 1420577042643
1618007706 2 99991 1420577042643
174890917 2 80830 1420577042643
23354464 2 32095 1420577042643
89787221 1 100005 1420577042643
123576946 1 100002 1420577042643
316053072 1 99999 1420577042643
44426926 1 99998 1420577042643
10005212 1 99997 1420577042643
7867072 2 100002 1420577102643
14845376 2 99985 1420577102643
8861752 2 92164 1420577102643
23354464 2 32095 1420577102643
195897346 2 25901 1420577102643
1381345892 1 100008 1420577102643
316053072 1 99999 1420577102643
27091328 1 99999 1420577102643
44426926 1 99998 1420577102643
10005212 1 99997 1420577102643
14845376 2 99985 1420577162643
10069612 2 54724 1420577162643
24849868 2 51608 1420577162643
25368027 2 49956 1420577162643
175295203 2 13940 1420577162643
1381345892 1 100008 1420577162643
89787221 1 100005 1420577162643
16101657 1 100002 1420577162643
7867072 1 100002 1420577162643
15601977 1 100001 1420577162643
14845376 2 99985 1420577222643
14192680 2 88618 1420577222643
24849868 2 51608 1420577222643
25368027 2 49956 1420577222643
1381345892 1 100008 1420577222643
89787221 1 100005 1420577222643
7867072 1 100003 1420577222643
16101657 1 100002 1420577222643
1454742764 1 100001 1420577222643
226606138 1 99994 1420577222643
1381345892 2 100008 1420577282643
14845376 2 99985 1420577282643
14192680 2 88618 1420577282643
25368027 2 49956 1420577282643
69020299 2 32338 1420577282643
7867072 1 100003 1420577282643
18360000 1 100000 1420577282643
17070252 1 100000 1420577282643
44426926 1 99998 1420577282643
226606138 1 99994 1420577282643
1381345892 2 100008 1420577342643
14845376 2 99985 1420577342643
23354464 2 32095 1420577342643
976147104 1 100003 1420577342643
17070252 1 100000 1420577342643
27091328 1 99999 1420577342643
44426926 1 99998 1420577342643
119538278 1 99996 1420577342643
226606138 1 99994 1420577342643
1618007706 1 99991 1420577342643
226606138 2 99994 1420577402643
12273252 2 99986 1420577402643
14845376 2 99985 1420577402643
34541677 2 78376 1420577402643
10069612 2 54724 1420577402643
23354464 2 32095 1420577402643
1381345892 1 100008 1420577402643
203020760 1 100002 1420577402643
202777395 1 100002 1420577402643
45710831 1 100001 1420577402643
12273252 2 99986 1420577462643
14845376 2 99985 1420577462643
8861752 2 92164 1420577462643
14192680 2 88618 1420577462643
23354464 2 32095 1420577462643
195897346 2 25901 1420577462643
89787221 1 100005 1420577462643
203020760 1 100002 1420577462643
202777395 1 100002 1420577462643
373316165 1 100001 1420577462643
14845376 2 99985 1420577522643
824157 2 61286 1420577522643
25368027 2 49956 1420577522643
23354464 2 32095 1420577522643
7867072 1 100003 1420577522643
11129062 1 100001 1420577522643
10005212 1 100000 1420577522643
51220493 1 99997 1420577522643
326821147 1 99990 1420577522643
12273252 1 99986 1420577522643
7867072 2 100003 1420577582643
51220493 2 99997 1420577582643
15520253 2 99989 1420577582643
14845376 2 99985 1420577582643
174890917 2 80830 1420577582643
10069612 2 54724 1420577582643
25368027 2 49956 1420577582643
40996128 2 36858 1420577582643
69020299 2 32338 1420577582643
23354464 2 32095 1420577582643
44426926 2 99998 1420577642643
14845376 2 99985 1420577642643
140080129 2 99945 1420577642643
8861752 2 92164 1420577642643
174890917 2 80830 1420577642643
25368027 2 49956 1420577642643
23354464 2 32095 1420577642643
1381345892 1 100008 1420577642643
7867072 1 100003 1420577642643
11129062 1 100001 1420577642643
1381345892 2 100008 1420577702643
14845376 2 99985 1420577702643
140080129 2 99945 1420577702643
73417273 2 83166 1420577702643
174890917 2 80830 1420577702643
824157 2 61286 1420577702643
23354464 2 32095 1420577702643
7867072 1 100003 1420577702643
15856366 1 100002 1420577702643
19287097 1 100001 1420577702643
1381345892 2 100008 1420577762643
7867072 2 100003 1420577762643
14845376 2 99985 1420577762643
140080129 2 99945 1420577762643
174890917 2 80830 1420577762643
23354464 2 32095 1420577762643
976147104 1 100003 1420577762643
15856366 1 100002 1420577762643
19287097 1 100001 1420577762643
27091328 1 100000 1420577762643
1381345892 2 100008 1420577822643
7867072 2 100003 1420577822643
14845376 2 99985 1420577822643
309220197 2 92199 1420577822643
8312862 2 83694 1420577822643
174890917 2 80830 1420577822643
278093318 2 74267 1420577822643
824157 2 61286 1420577822643
23354464 2 32095 1420577822643
976147104 1 100003 1420577822643
1381345892 2 100008 1420577882643
7867072 2 100003 1420577882643
14845376 2 99985 1420577882643
8312862 2 83694 1420577882643
174890917 2 80830 1420577882643
278093318 2 74267 1420577882643
92791146 2 41782 1420577882643
384479689 2 32296 1420577882643
23354464 2 32095 1420577882643
17145499 2 12629 1420577882643
7867072 2 100003 1420577942643
18360000 2 100000 1420577942643
14845376 2 99985 1420577942643
140080129 2 99945 1420577942643
73417273 2 83166 1420577942643
174890917 2 80830 1420577942643
278093318 2 74267 1420577942643
92791146 2 41782 1420577942643
384479689 2 32296 1420577942643
23354464 2 32095 1420577942643
12273252 2 99986 1420578002643
14845376 2 99985 1420578002643
140080129 2 99945 1420578002643
109013694 2 80660 1420578002643
278093318 2 74267 1420578002643
16045956 2 56425 1420578002643
10069612 2 54724 1420578002643
23354464 2 32095 1420578002643
1381345892 1 100008 1420578002643
811303 1 100005 1420578002643
1381345892 2 100008 1420578062643
7867072 2 100003 1420578062643
14845376 2 99985 1420578062643
140080129 2 99945 1420578062643
278093318 2 74267 1420578062643
824157 2 61286 1420578062643
16045956 2 56425 1420578062643
384479689 2 32296 1420578062643
23354464 2 32095 1420578062643
89787221 1 100005 1420578062643
1381345892 2 100008 1420578122643
57333521 2 99993 1420578122643
14845376 2 99985 1420578122643
22948692 2 95475 1420578122643
73417273 2 83166 1420578122643
34541677 2 78376 1420578122643
278093318 2 74267 1420578122643
92733433 2 68843 1420578122643
824157 2 61286 1420578122643
16045956 2 56425 1420578122643
1381345892 2 100008 1420578182643
7867072 2 100003 1420578182643
14845376 2 99985 1420578182643
22948692 2 95475 1420578182643
73417273 2 83166 1420578182643
21842357 2 77828 1420578182643
276554601 2 77143 1420578182643
278093318 2 74267 1420578182643
92733433 2 68843 1420578182643
16045956 2 56425 1420578182643
7867072 2 100003 1420578242643
57333521 2 99993 1420578242643
15520253 2 99989 1420578242643
14845376 2 99985 1420578242643
22948692 2 95475 1420578242643
109013694 2 80660 1420578242643
278093318 2 74267 1420578242643
92733433 2 68843 1420578242643
16045956 2 56425 1420578242643
10069612 2 54724 1420578242643
7867072 2 100001 1420578302643
1618007706 2 99991 1420578302643
14845376 2 99985 1420578302643
22948692 2 95475 1420578302643
73417273 2 83166 1420578302643
16045956 2 56425 1420578302643
23354464 2 32095 1420578302643
1381345892 1 100008 1420578302643
10005212 1 100000 1420578302643
27091328 1 100000 1420578302643
1381345892 2 100008 1420578362643
14845376 2 99985 1420578362643
22948692 2 95475 1420578362643
384479689 2 32296 1420578362643
23354464 2 32095 1420578362643
89787221 1 100005 1420578362643
10005212 1 100001 1420578362643
7867072 1 100001 1420578362643
20745130 1 99998 1420578362643
23624581 1 99998 1420578362643
1381345892 2 100008 1420578422643
57333521 2 99993 1420578422643
14845376 2 99985 1420578422643
22948692 2 95475 1420578422643
16045956 2 56425 1420578422643
23354464 2 32095 1420578422643
89787221 1 100005 1420578422643
58975906 1 100002 1420578422643
43216942 1 100002 1420578422643
20745130 1 100000 1420578422643
1381345892 2 100008 1420578482643
14845376 2 99985 1420578482643
14192680 2 88618 1420578482643
278093318 2 74267 1420578482643
23354464 2 32095 1420578482643
89787221 1 100008 1420578482643
58975906 1 100002 1420578482643
51220493 1 99999 1420578482643
57333521 1 99993 1420578482643
12273252 1 99986 1420578482643
14845376 2 99985 1420578542643
278093318 2 74267 1420578542643
92733433 2 68843 1420578542643
92791146 2 41782 1420578542643
89316412 2 39059 1420578542643
23354464 2 32095 1420578542643
567341777 2 12722 1420578542643
1381345892 1 100005 1420578542643
19200736 1 100003 1420578542643
120985729 1 100002 1420578542643
14845376 2 99985 1420578602643
278093318 2 74267 1420578602643
92791146 2 41782 1420578602643
89316412 2 39059 1420578602643
23354464 2 32095 1420578602643
195897346 2 25901 1420578602643
19200736 1 100003 1420578602643
120985729 1 100002 1420578602643
17070252 1 100001 1420578602643
316053072 1 100000 1420578602643
7867072 2 100001 1420578662643
14845376 2 99985 1420578662643
22948692 2 95475 1420578662643
14192680 2 88618 1420578662643
73417273 2 83166 1420578662643
278093318 2 74267 1420578662643
16045956 2 56425 1420578662643
23354464 2 32095 1420578662643
195897346 2 25901 1420578662643
89787221 1 100008 1420578662643
7867072 2 100001 1420578722643
14845376 2 99985 1420578722643
278093318 2 74267 1420578722643
23354464 2 32095 1420578722643
89787221 1 100008 1420578722643
1381345892 1 100005 1420578722643
19200736 1 100003 1420578722643
22192440 1 100002 1420578722643
44426926 1 100000 1420578722643
12273252 1 99986 1420578722643
14845376 2 99985 1420578782643
278093318 2 74267 1420578782643
23354464 2 32095 1420578782643
467431144 2 15294 1420578782643
567341777 2 12722 1420578782643
1381345892 1 100005 1420578782643
90714989 1 100004 1420578782643
19200736 1 100003 1420578782643
22192440 1 100002 1420578782643
44426926 1 100001 1420578782643
22192440 2 100002 1420578842643
14845376 2 99985 1420578842643
23354464 2 32095 1420578842643
90714989 1 100004 1420578842643
15856366 1 100002 1420578842643
10005212 1 100001 1420578842643
15920875 1 100001 1420578842643
27091328 1 100001 1420578842643
17472921 1 100000 1420578842643
57333521 1 99993 1420578842643
14845376 2 99985 1420578902643
140080129 2 99945 1420578902643
19200736 1 100003 1420578902643
15856366 1 100002 1420578902643
22192440 1 100002 1420578902643
251369428 1 100002 1420578902643
10005212 1 100001 1420578902643
44426926 1 100001 1420578902643
15920875 1 100001 1420578902643
17070252 1 100001 1420578902643
15856366 2 100002 1420578962643
12273252 2 99986 1420578962643
14845376 2 99985 1420578962643
140080129 2 99945 1420578962643
23354464 2 32095 1420578962643
180026716 1 100007 1420578962643
19200736 1 100003 1420578962643
44426926 1 100001 1420578962643
619739966 1 100001 1420578962643
7867072 1 100001 1420578962643
23354464 2 32095 1420579022643
195897346 2 25901 1420579022643
160890393 2 14963 1420579022643
180026716 1 100007 1420579022643
15856366 1 100002 1420579022643
16101657 1 100002 1420579022643
619739966 1 100001 1420579022643
27091328 1 100001 1420579022643
818340 1 99999 1420579022643
20133051 1 99998 1420579022643
27091328 2 100002 1420579082643
14845376 2 99985 1420579082643
23354464 2 32095 1420579082643
384940104 2 30564 1420579082643
160890393 2 14963 1420579082643
15856366 1 100002 1420579082643
16101657 1 100002 1420579082643
44426926 1 100001 1420579082643
818340 1 99999 1420579082643
51220493 1 99997 1420579082643
140080129 2 99945 1420579142643
14192680 2 88618 1420579142643
824157 2 61286 1420579142643
23354464 2 32095 1420579142643
373316165 1 100002 1420579142643
27091328 1 100002 1420579142643
15856366 1 100002 1420579142643
44426926 1 100001 1420579142643
17472921 1 100000 1420579142643
57333521 1 99993 1420579142643
15856366 2 100002 1420579202643
50023090 2 93088 1420579202643
14192680 2 88618 1420579202643
73417273 2 83166 1420579202643
92733433 2 68843 1420579202643
373316165 1 100002 1420579202643
27091328 1 100002 1420579202643
7867072 1 100002 1420579202643
15111389 1 100001 1420579202643
17472921 1 100000 1420579202643
89787221 2 100008 1420579262643
7867072 2 100002 1420579262643
14845376 2 99985 1420579262643
12413892 2 99981 1420579262643
14192680 2 88618 1420579262643
278093318 2 74267 1420579262643
92733433 2 68843 1420579262643
384479689 2 32296 1420579262643
41644754 2 27221 1420579262643
1381345892 1 100005 1420579262643
89787221 2 100008 1420579322643
1381345892 2 100005 1420579322643
14845376 2 99985 1420579322643
140080129 2 99945 1420579322643
278093318 2 74267 1420579322643
23354464 2 32095 1420579322643
4282171 2 27533 1420579322643
1364403168 2 22213 1420579322643
811303 1 100005 1420579322643
27091328 1 100002 1420579322643
89787221 2 100008 1420579382643
14845376 2 99985 1420579382643
140080129 2 99945 1420579382643
23354464 2 32095 1420579382643
1381345892 1 100005 1420579382643
7867072 1 100002 1420579382643
43216942 1 100002 1420579382643
15920875 1 100001 1420579382643
251369428 1 100001 1420579382643
17472921 1 100000 1420579382643
89787221 2 100008 1420579442643
7867072 2 100001 1420579442643
14845376 2 99985 1420579442643
14192680 2 88618 1420579442643
278093318 2 74267 1420579442643
10069612 2 54724 1420579442643
1381345892 1 100005 1420579442643
17472921 1 100000 1420579442643
12273252 1 99986 1420579442643
12413892 1 99981 1420579442643
89787221 2 100008 1420579502643
7867072 2 100002 1420579502643
12273252 2 99986 1420579502643
309220197 2 92199 1420579502643
8861752 2 92164 1420579502643
14192680 2 88618 1420579502643
174890917 2 80830 1420579502643
278093318 2 74267 1420579502643
1381345892 1 100005 1420579502643
15856366 1 100002 1420579502643
89787221 2 100007 1420579562643
7867072 2 100002 1420579562643
12273252 2 99986 1420579562643
14845376 2 99985 1420579562643
309220197 2 92199 1420579562643
174890917 2 80830 1420579562643
278093318 2 74267 1420579562643
325220198 2 23101 1420579562643
57333521 1 99998 1420579562643
1618007706 1 99991 1420579562643
57333521 2 99998 1420579622643
1618007706 2 99991 1420579622643
12273252 2 99986 1420579622643
174890917 2 80830 1420579622643
34541677 2 78376 1420579622643
278093318 2 74267 1420579622643
23742474 2 63504 1420579622643
23354464 2 32095 1420579622643
89787221 1 100007 1420579622643
17070252 1 100003 1420579622643
17070252 2 100003 1420579682643
7867072 2 100002 1420579682643
140080129 2 99945 1420579682643
8861752 2 92164 1420579682643
174890917 2 80830 1420579682643
34541677 2 78376 1420579682643
23354464 2 32095 1420579682643
1381345892 1 100005 1420579682643
27091328 1 100002 1420579682643
22192440 1 100002 1420579682643
89787221 2 100007 1420579742643
27091328 2 100002 1420579742643
14845376 2 99985 1420579742643
8861752 2 92164 1420579742643
23354464 2 32095 1420579742643
4282171 2 27533 1420579742643
1581203119 1 100007 1420579742643
1381345892 1 100005 1420579742643
17070252 1 100003 1420579742643
22192440 1 100002 1420579742643
1381345892 2 100005 1420579802643
27091328 2 100002 1420579802643
14845376 2 99985 1420579802643
8861752 2 92164 1420579802643
174890917 2 80830 1420579802643
27103822 2 75475 1420579802643
278093318 2 74267 1420579802643
36573752 2 42212 1420579802643
384479689 2 32296 1420579802643
23354464 2 32095 1420579802643
1381345892 2 100005 1420579862643
14845376 2 99985 1420579862643
8861752 2 92164 1420579862643
14192680 2 88618 1420579862643
174890917 2 80830 1420579862643
278093318 2 74267 1420579862643
186222238 2 43816 1420579862643
384479689 2 32296 1420579862643
89787221 1 100007 1420579862643
1581203119 1 100007 1420579862643
1581203119 2 100007 1420579922643
1381345892 2 100005 1420579922643
14845376 2 99985 1420579922643
16045956 2 56425 1420579922643
186222238 2 43816 1420579922643
89787221 1 100007 1420579922643
17070252 1 100003 1420579922643
10005212 1 100002 1420579922643
15856366 1 100002 1420579922643
36440780 1 100002 1420579922643
1381345892 2 100005 1420579982643
7867072 2 100002 1420579982643
1618007706 2 99991 1420579982643
14845376 2 99985 1420579982643
14192680 2 88618 1420579982643
278093318 2 74267 1420579982643
16045956 2 56425 1420579982643
10069612 2 54724 1420579982643
186222238 2 43816 1420579982643
89787221 1 100007 1420579982643
1618007706 2 99991 1420580042643
12273252 2 99986 1420580042643
12413892 2 99981 1420580042643
309220197 2 92199 1420580042643
186222238 2 43816 1420580042643
384479689 2 32296 1420580042643
89787221 1 100007 1420580042643
1381345892 1 100005 1420580042643
976147104 1 100004 1420580042643
17070252 1 100003 1420580042643
1618007706 2 99991 1420580102643
12413892 2 99981 1420580102643
8861752 2 92164 1420580102643
14192680 2 88618 1420580102643
824157 2 61286 1420580102643
89787221 1 100007 1420580102643
1381345892 1 100005 1420580102643
17070252 1 100003 1420580102643
27091328 1 100002 1420580102643
15856366 1 100002 1420580102643
14845376 2 99985 1420580162643
8861752 2 92164 1420580162643
16262688 2 70876 1420580162643
824157 2 61286 1420580162643
17348724 2 37870 1420580162643
23354464 2 32095 1420580162643
89787221 1 100007 1420580162643
17070252 1 100003 1420580162643
45710831 1 100002 1420580162643
120985729 1 100002 1420580162643
45710831 2 100002 1420580222643
20745130 2 100000 1420580222643
14845376 2 99985 1420580222643
16262688 2 70876 1420580222643
92733433 2 68843 1420580222643
17348724 2 37870 1420580222643
384479689 2 32296 1420580222643
89787221 1 100007 1420580222643
17070252 1 100003 1420580222643
10005212 1 100002 1420580222643
278093318 2 74267 1420580282643
92733433 2 68843 1420580282643
1381345892 1 100005 1420580282643
17070252 1 100003 1420580282643
45710831 1 100002 1420580282643
27091328 1 100002 1420580282643
15856366 1 100002 1420580282643
22192440 1 100002 1420580282643
7867072 1 100002 1420580282643
10005212 1 100001 1420580282643
45710831 2 100002 1420580342643
27091328 2 100002 1420580342643
7867072 2 100002 1420580342643
10005212 2 100001 1420580342643
174890917 2 80830 1420580342643
278093318 2 74267 1420580342643
69020299 2 32338 1420580342643
89787221 1 100007 1420580342643
1381345892 1 100005 1420580342643
17070252 1 100003 1420580342643
89787221 2 100007 1420580402643
7867072 2 100002 1420580402643
174890917 2 80830 1420580402643
278093318 2 74267 1420580402643
1581203119 1 100007 1420580402643
1381345892 1 100005 1420580402643
44426926 1 100002 1420580402643
45710831 1 100002 1420580402643
27091328 1 100002 1420580402643
10005212 1 100001 1420580402643
1381345892 2 100005 1420580462643
45710831 2 100002 1420580462643
7867072 2 100002 1420580462643
14845376 2 99985 1420580462643
22948692 2 95475 1420580462643
174890917 2 80830 1420580462643
34541677 2 78376 1420580462643
278093318 2 74267 1420580462643
25368027 2 49956 1420580462643
89787221 1 100007 1420580462643
1381345892 2 100005 1420580522643
45710831 2 100004 1420580522643
14845376 2 99985 1420580522643
140080129 2 99945 1420580522643
278093318 2 74267 1420580522643
22192440 1 100003 1420580522643
7867072 1 100002 1420580522643
1454742764 1 100001 1420580522643
326821147 1 99990 1420580522643
17047743 1 99988 1420580522643
1381345892 2 100005 1420580582643
45710831 2 100004 1420580582643
10005212 2 100001 1420580582643
1454742764 2 100001 1420580582643
15601977 2 100000 1420580582643
14845376 2 99985 1420580582643
140080129 2 99945 1420580582643
21842357 2 77828 1420580582643
278093318 2 74267 1420580582643
387220815 2 38308 1420580582643
1381345892 2 100005 1420580642643
45710831 2 100004 1420580642643
15520253 2 99989 1420580642643
14845376 2 99985 1420580642643
140080129 2 99945 1420580642643
278093318 2 74267 1420580642643
387220815 2 38308 1420580642643
195897346 2 25901 1420580642643
17070252 1 100003 1420580642643
10005212 1 100001 1420580642643
45710831 2 100004 1420580702643
57333521 2 99998 1420580702643
14845376 2 99985 1420580702643
278093318 2 74267 1420580702643
811303 1 100005 1420580702643
1381345892 1 100005 1420580702643
15856366 1 100002 1420580702643
7867072 1 100002 1420580702643
1454742764 1 100001 1420580702643
20745130 1 99999 1420580702643
45710831 2 100004 1420580762643
14845376 2 99985 1420580762643
140080129 2 99945 1420580762643
278093318 2 74267 1420580762643
23354464 2 32095 1420580762643
4282171 2 27533 1420580762643
811303 1 100005 1420580762643
1381345892 1 100005 1420580762643
22192440 1 100003 1420580762643
7867072 1 100002 1420580762643
57333521 2 99998 1420580822643
14845376 2 99985 1420580822643
140080129 2 99945 1420580822643
21842357 2 77828 1420580822643
45710831 1 100004 1420580822643
15920875 1 100003 1420580822643
17070252 1 100003 1420580822643
1454742764 1 100001 1420580822643
31634255 1 100001 1420580822643
19205893 1 100000 1420580822643
57333521 2 99998 1420580882643
12273252 2 99986 1420580882643
14845376 2 99985 1420580882643
21842357 2 77828 1420580882643
89787221 1 100007 1420580882643
44426926 1 100004 1420580882643
45710831 1 100004 1420580882643
19200736 1 100003 1420580882643
15920875 1 100003 1420580882643
17070252 1 100003 1420580882643
45710831 2 100004 1420580942643
14845376 2 99985 1420580942643
278093318 2 74267 1420580942643
89787221 1 100007 1420580942643
44426926 1 100004 1420580942643
19200736 1 100003 1420580942643
7023592 1 100002 1420580942643
36440780 1 100002 1420580942643
202777395 1 100002 1420580942643
7867072 1 100002 1420580942643
45710831 2 100004 1420581002643
202777395 2 100002 1420581002643
12273252 2 99986 1420581002643
14845376 2 99985 1420581002643
8861752 2 92164 1420581002643
19934731 2 10522 1420581002643
89787221 1 100007 1420581002643
15856366 1 100003 1420581002643
7023592 1 100002 1420581002643
20745130 1 100001 1420581002643
45710831 2 100004 1420581062643
57333521 2 99998 1420581062643
14845376 2 99985 1420581062643
140080129 2 99945 1420581062643
34541677 2 78376 1420581062643
19934731 2 10522 1420581062643
202777395 1 100006 1420581062643
120985729 1 100003 1420581062643
7867072 1 100002 1420581062643
10005212 1 100000 1420581062643
45710831 2 100004 1420581122643
14845376 2 99985 1420581122643
140080129 2 99945 1420581122643
7867072 1 100004 1420581122643
120985729 1 100003 1420581122643
20745130 1 100001 1420581122643
15111389 1 100000 1420581122643
57333521 1 99998 1420581122643
1618007706 1 99991 1420581122643
12273252 1 99986 1420581122643
14845376 2 99985 1420581182643
140080129 2 99945 1420581182643
19200736 1 100004 1420581182643
44426926 1 100004 1420581182643
45710831 1 100004 1420581182643
17070252 1 100003 1420581182643
120985729 1 100003 1420581182643
20745130 1 100001 1420581182643
15111389 1 100000 1420581182643
34409159 1 99994 1420581182643
57333521 2 99998 1420581242643
14845376 2 99985 1420581242643
140080129 2 99945 1420581242643
188077169 2 68753 1420581242643
92791146 2 41782 1420581242643
89316412 2 39059 1420581242643
202777395 1 100006 1420581242643
19200736 1 100004 1420581242643
7867072 1 100004 1420581242643
17070252 1 100003 1420581242643
57333521 2 99998 1420581302643
14845376 2 99985 1420581302643
140080129 2 99945 1420581302643
202777395 1 100006 1420581302643
45710831 1 100004 1420581302643
15856366 1 100003 1420581302643
22192440 1 100003 1420581302643
40329236 1 99999 1420581302643
14192680 1 88618 1420581302643
21842357 1 77828 1420581302643
45710831 2 100004 1420581362643
57333521 2 99998 1420581362643
12273252 2 99986 1420581362643
14845376 2 99985 1420581362643
140080129 2 99945 1420581362643
14192680 2 88618 1420581362643
46213956 2 35262 1420581362643
15856366 1 100003 1420581362643
22192440 1 100003 1420581362643
203020760 1 100002 1420581362643
45710831 2 100004 1420581422643
14845376 2 99985 1420581422643
14192680 2 88618 1420581422643
1381345892 1 100005 1420581422643
16101657 1 100002 1420581422643
203020760 1 100001 1420581422643
31634255 1 100001 1420581422643
40329236 1 99999 1420581422643
57333521 1 99998 1420581422643
12273252 1 99986 1420581422643
45710831 2 100004 1420581482643
14845376 2 99985 1420581482643
140080129 2 99945 1420581482643
14192680 2 88618 1420581482643
21842357 2 77828 1420581482643
259637983 2 54609 1420581482643
17166894 2 50023 1420581482643
1381345892 1 100005 1420581482643
44426926 1 100004 1420581482643
1454742764 1 100004 1420581482643
1454742764 2 100004 1420581542643
57333521 2 99998 1420581542643
14845376 2 99985 1420581542643
140080129 2 99945 1420581542643
21842357 2 77828 1420581542643
89787221 1 100007 1420581542643
44426926 1 100004 1420581542643
45710831 1 100004 1420581542643
7867072 1 100004 1420581542643
532171645 1 100003 1420581542643
89787221 2 100007 1420581602643
57333521 2 99998 1420581602643
14845376 2 99985 1420581602643
140080129 2 99945 1420581602643
14192680 2 88618 1420581602643
21842357 2 77828 1420581602643
1581203119 1 100007 1420581602643
1381345892 1 100005 1420581602643
1454742764 1 100004 1420581602643
7867072 1 100004 1420581602643
1381345892 2 100005 1420581662643
17070252 2 100003 1420581662643
57333521 2 99998 1420581662643
14845376 2 99985 1420581662643
34541677 2 78376 1420581662643
278093318 2 74267 1420581662643
17166894 2 50023 1420581662643
384479689 2 32296 1420581662643
89787221 1 100007 1420581662643
1581203119 1 100007 1420581662643
1381345892 2 100005 1420581722643
57333521 2 99999 1420581722643
14845376 2 99985 1420581722643
15646547 2 35980 1420581722643
23354464 2 32095 1420581722643
140140890 2 13444 1420581722643
90714989 1 100004 1420581722643
976147104 1 100004 1420581722643
45710831 1 100004 1420581722643
1454742764 1 100004 1420581722643
1381345892 2 100005 1420581782643
7867072 2 100004 1420581782643
15111389 2 100000 1420581782643
12413892 2 99981 1420581782643
23354464 2 32095 1420581782643
24773493 2 15893 1420581782643
90714989 1 100004 1420581782643
45710831 1 100004 1420581782643
36440780 1 100002 1420581782643
57333521 1 99999 1420581782643
1381345892 2 100005 1420581842643
15111389 2 100000 1420581842643
12413892 2 99981 1420581842643
24773493 2 15893 1420581842643
89787221 1 100007 1420581842643
1581203119 1 100007 1420581842643
10005212 1 100004 1420581842643
45710831 1 100004 1420581842643
7867072 1 100004 1420581842643
17070252 1 100003 1420581842643
1381345892 2 100005 1420581902643
7867072 2 100004 1420581902643
23742474 2 63504 1420581902643
10069612 2 54724 1420581902643
14787749 2 47262 1420581902643
89787221 1 100007 1420581902643
1581203119 1 100007 1420581902643
10005212 1 100004 1420581902643
44426926 1 100004 1420581902643
45710831 1 100004 1420581902643
1381345892 2 100005 1420581962643
7867072 2 100004 1420581962643
14845376 2 99985 1420581962643
14787749 2 47262 1420581962643
89787221 1 100007 1420581962643
44426926 1 100005 1420581962643
45710831 1 100004 1420581962643
226493139 1 100000 1420581962643
57333521 1 99999 1420581962643
326821147 1 99990 1420581962643
1381345892 2 100005 1420582022643
7867072 2 100004 1420582022643
24773493 2 15893 1420582022643
89787221 1 100007 1420582022643
180026716 1 100007 1420582022643
316053072 1 100002 1420582022643
107024149 1 100002 1420582022643
226493139 1 100000 1420582022643
57333521 1 99999 1420582022643
326821147 1 99990 1420582022643
89787221 2 100007 1420582082643
1381345892 2 100005 1420582082643
7867072 2 100004 1420582082643
57333521 2 100000 1420582082643
8312862 2 83694 1420582082643
24773493 2 15893 1420582082643
45710831 1 100004 1420582082643
316053072 1 100002 1420582082643
17437735 1 100001 1420582082643
226493139 1 100000 1420582082643
1381345892 2 100005 1420582142643
57333521 2 100000 1420582142643
8312862 2 83694 1420582142643
23354464 2 32095 1420582142643
24773493 2 15893 1420582142643
89787221 1 100007 1420582142643
180026716 1 100007 1420582142643
10005212 1 100004 1420582142643
45710831 1 100004 1420582142643
1454742764 1 100004 1420582142643
180026716 2 100007 1420582202643
8312862 2 83694 1420582202643
92733433 2 68843 1420582202643
824157 2 61286 1420582202643
23354464 2 32095 1420582202643
24773493 2 15893 1420582202643
89787221 1 100007 1420582202643
1381345892 1 100005 1420582202643
10005212 1 100004 1420582202643
45710831 1 100004 1420582202643
180026716 2 100007 1420582262643
1618007706 2 99991 1420582262643
92733433 2 68843 1420582262643
824157 2 61286 1420582262643
19934731 2 10522 1420582262643
89787221 1 100007 1420582262643
45710831 1 100004 1420582262643
31634255 1 100003 1420582262643
120985729 1 100003 1420582262643
43216942 1 100002 1420582262643
180026716 2 100007 1420582322643
1381345892 2 100005 1420582322643
15856366 2 100003 1420582322643
57333521 2 100000 1420582322643
17604456 2 95242 1420582322643
27103822 2 75475 1420582322643
278093318 2 74267 1420582322643
824157 2 61286 1420582322643
16045956 2 56425 1420582322643
25368027 2 49956 1420582322643
180026716 2 100007 1420582382643
15856366 2 100003 1420582382643
57333521 2 100000 1420582382643
17698956 2 99921 1420582382643
34541677 2 78376 1420582382643
278093318 2 74267 1420582382643
15646547 2 35980 1420582382643
46213956 2 35262 1420582382643
1381345892 1 100005 1420582382643
7867072 1 100004 1420582382643
180026716 2 100007 1420582442643
1381345892 2 100005 1420582442643
7867072 2 100004 1420582442643
57333521 2 100001 1420582442643
17698956 2 99921 1420582442643
34541677 2 78376 1420582442643
278093318 2 74267 1420582442643
24849868 2 51608 1420582442643
14787749 2 47262 1420582442643
15484266 2 18643 1420582442643
180026716 2 100007 1420582502643
7867072 2 100004 1420582502643
57333521 2 100001 1420582502643
17698956 2 99921 1420582502643
34541677 2 78376 1420582502643
24849868 2 51608 1420582502643
19934731 2 10522 1420582502643
89787221 1 100007 1420582502643
17070252 1 100007 1420582502643
44426926 1 100005 1420582502643
1381345892 2 100005 1420582562643
34541677 2 78376 1420582562643
25368027 2 49956 1420582562643
15484266 2 18643 1420582562643
89787221 1 100007 1420582562643
180026716 1 100007 1420582562643
17070252 1 100007 1420582562643
44426926 1 100005 1420582562643
45710831 1 100004 1420582562643
15856366 1 100004 1420582562643
34541677 2 78376 1420582622643
27103822 2 75475 1420582622643
193232854 2 45006 1420582622643
186222238 2 43816 1420582622643
89787221 1 100007 1420582622643
1581203119 1 100007 1420582622643
180026716 1 100007 1420582622643
44426926 1 100005 1420582622643
1381345892 1 100005 1420582622643
15856366 1 100004 1420582622643
180026716 2 100007 1420582682643
14845376 2 99985 1420582682643
17698956 2 99921 1420582682643
17604456 2 95242 1420582682643
34541677 2 78376 1420582682643
27103822 2 75475 1420582682643
23354464 2 32095 1420582682643
384940104 2 30564 1420582682643
24773493 2 15893 1420582682643
1581203119 1 100007 1420582682643
180026716 2 100007 1420582742643
1381345892 2 100005 1420582742643
17698956 2 99921 1420582742643
34541677 2 78376 1420582742643
24206345 2 36959 1420582742643
24773493 2 15893 1420582742643
45710831 1 100004 1420582742643
166715703 1 100004 1420582742643
1454742764 1 100004 1420582742643
107024149 1 100002 1420582742643
1381345892 2 100005 1420582802643
14845376 2 99985 1420582802643
17698956 2 99921 1420582802643
34541677 2 78376 1420582802643
152341106 2 28823 1420582802643
24773493 2 15893 1420582802643
1454742764 1 100008 1420582802643
89787221 1 100007 1420582802643
180026716 1 100007 1420582802643
36440780 1 100002 1420582802643
180026716 2 100007 1420582862643
1381345892 2 100005 1420582862643
14845376 2 99985 1420582862643
34541677 2 78376 1420582862643
24773493 2 15893 1420582862643
89787221 1 100007 1420582862643
45710831 1 100004 1420582862643
373316165 1 100002 1420582862643
36440780 1 100002 1420582862643
15601977 1 100001 1420582862643
14845376 2 99985 1420582922643
34541677 2 78376 1420582922643
259637983 2 54609 1420582922643
96184837 2 35974 1420582922643
384479689 2 32296 1420582922643
152341106 2 28823 1420582922643
180026716 1 100007 1420582922643
44426926 1 100005 1420582922643
1381345892 1 100005 1420582922643
373316165 1 100002 1420582922643
180026716 2 100007 1420582982643
17698956 2 99921 1420582982643
14192680 2 88618 1420582982643
96184837 2 35974 1420582982643
24773493 2 15893 1420582982643
44426926 1 100005 1420582982643
45710831 1 100004 1420582982643
15111389 1 99999 1420582982643
20096207 1 99995 1420582982643
14845376 1 99985 1420582982643
180026716 2 100007 1420583042643
1381345892 2 100005 1420583042643
12273252 2 99986 1420583042643
14192680 2 88618 1420583042643
96184837 2 35974 1420583042643
45710831 1 100004 1420583042643
27091328 1 100004 1420583042643
70314632 1 100003 1420583042643
199358175 1 99997 1420583042643
1618007706 1 99991 1420583042643
180026716 2 100007 1420583102643
1381345892 2 100005 1420583102643
12273252 2 99986 1420583102643
14192680 2 88618 1420583102643
824157 2 61286 1420583102643
96184837 2 35974 1420583102643
202777395 1 100006 1420583102643
811303 1 100005 1420583102643
27091328 1 100004 1420583102643
36440780 1 100003 1420583102643
811303 2 100005 1420583162643
1381345892 2 100005 1420583162643
17698956 2 99921 1420583162643
171716921 2 68913 1420583162643
96184837 2 35974 1420583162643
384479689 2 32296 1420583162643
180026716 1 100007 1420583162643
202777395 1 100006 1420583162643
7867072 1 100004 1420583162643
36440780 1 100003 1420583162643
811303 2 100005 1420583222643
1381345892 2 100005 1420583222643
17698956 2 99921 1420583222643
34541677 2 78376 1420583222643
92733433 2 68843 1420583222643
96184837 2 35974 1420583222643
55252152 2 11255 1420583222643
180026716 1 100007 1420583222643
7867072 1 100004 1420583222643
107024149 1 100002 1420583222643
180026716 2 100007 1420583282643
811303 2 100005 1420583282643
15111389 2 99999 1420583282643
17698956 2 99921 1420583282643
278093318 2 74267 1420583282643
188077169 2 68753 1420583282643
96184837 2 35974 1420583282643
44426926 1 100005 1420583282643
1381345892 1 100005 1420583282643
107024149 1 100002 1420583282643
180026716 2 100007 1420583342643
15111389 2 99999 1420583342643
17698956 2 99921 1420583342643
525187154 2 85937 1420583342643
278093318 2 74267 1420583342643
96184837 2 35974 1420583342643
44426926 1 100005 1420583342643
811303 1 100005 1420583342643
1381345892 1 100005 1420583342643
45710831 1 100004 1420583342643
180026716 2 100007 1420583402643
811303 2 100005 1420583402643
1381345892 2 100005 1420583402643
15601977 2 100001 1420583402643
15111389 2 99999 1420583402643
14845376 2 99985 1420583402643
14192680 2 88618 1420583402643
525187154 2 85937 1420583402643
14787749 2 47262 1420583402643
96184837 2 35974 1420583402643
811303 2 100005 1420583462643
1381345892 2 100005 1420583462643
14845376 2 99985 1420583462643
14192680 2 88618 1420583462643
525187154 2 85937 1420583462643
21842357 2 77828 1420583462643
278093318 2 74267 1420583462643
10069612 2 54724 1420583462643
259637983 2 54609 1420583462643
14787749 2 47262 1420583462643
