18964685 1 100002 1420574522643
1581203119 1 100001 1420574522643
384479689 1 100004 1420574522643
472207757 1 100002 1420574522643
11178672 1 100003 1420574522643
20096207 1 100007 1420574522643
29788830 1 100002 1420574522643
73417273 1 100010 1420574522643
226606138 1 100002 1420574522643
18964685 2 100002 1420574582643
1581203119 1 100002 1420574582643
107654081 1 100006 1420574582643
472207757 1 100002 1420574582643
11178672 1 100003 1420574582643
33491215 1 100001 1420574582643
20096207 1 100007 1420574582643
29788830 1 100002 1420574582643
73417273 1 100010 1420574582643
18964685 1 100002 1420574642643
24705687 1 100004 1420574642643
107654081 1 100006 1420574642643
73417273 2 100010 1420574642643
976147104 1 100005 1420574642643
24705687 1 100004 1420574702643
384479689 2 100004 1420574702643
11178672 1 100003 1420574702643
23779501 1 100003 1420574702643
73417273 2 100010 1420574702643
976147104 2 100005 1420574702643
128044351 1 100004 1420574762643
384479689 2 100004 1420574762643
11178672 2 100003 1420574762643
33491215 1 100001 1420574762643
23779501 1 100003 1420574762643
73417273 2 100010 1420574762643
976147104 1 100005 1420574762643
18964685 1 100002 1420574822643
49437246 1 100002 1420574822643
384479689 2 100004 1420574822643
11178672 2 100003 1420574822643
33491215 1 100001 1420574822643
19200736 1 100001 1420574822643
325220198 1 100001 1420574822643
73417273 2 100010 1420574822643
25368027 1 100001 1420574822643
18964685 1 100002 1420574882643
384479689 2 100004 1420574882643
818340 1 100003 1420574882643
11178672 2 100003 1420574882643
325220198 1 100001 1420574882643
73417273 1 100010 1420574882643
976147104 1 100005 1420574882643
25368027 1 100001 1420574882643
18964685 2 100002 1420574942643
384479689 1 100004 1420574942643
818340 1 100003 1420574942643
11178672 1 100003 1420574942643
73417273 2 100010 1420574942643
976147104 2 100005 1420574942643
18964685 1 100002 1420575002643
24705687 1 100004 1420575002643
49437246 1 100002 1420575002643
384479689 2 100004 1420575002643
15601977 1 100002 1420575002643
73417273 2 100010 1420575002643
976147104 1 100005 1420575002643
18964685 1 100002 1420575062643
24705687 1 100004 1420575062643
384479689 2 100004 1420575062643
15601977 1 100002 1420575062643
15920875 1 100001 1420575062643
73417273 1 100010 1420575062643
76162725 1 100002 1420575062643
46358463 1 100001 1420575062643
18964685 1 100002 1420575122643
384479689 2 100004 1420575122643
15601977 1 100002 1420575122643
11178672 2 100003 1420575122643
76162725 1 100001 1420575122643
46358463 1 100001 1420575122643
18964685 1 100002 1420575182643
384479689 2 100004 1420575182643
15601977 1 100002 1420575182643
11178672 1 100003 1420575182643
19200736 1 100001 1420575182643
14158682 1 100001 1420575182643
16045956 1 100004 1420575182643
18964685 1 100002 1420575242643
384479689 1 100004 1420575242643
19200736 1 100001 1420575242643
14158682 1 100001 1420575242643
16045956 1 100004 1420575242643
384479689 2 100004 1420575302643
12273252 1 100001 1420575302643
11178672 1 100003 1420575302643
73417273 1 100009 1420575302643
18964685 1 100002 1420575362643
20660146 1 100001 1420575362643
384479689 1 100004 1420575362643
15601977 1 100002 1420575362643
12273252 2 100001 1420575362643
11178672 1 100003 1420575362643
73417273 2 100009 1420575362643
76162725 1 100001 1420575362643
18964685 1 100002 1420575422643
20660146 1 100001 1420575422643
15601977 1 100002 1420575422643
12273252 1 100001 1420575422643
11178672 1 100003 1420575422643
73417273 1 100009 1420575422643
25368027 1 100001 1420575422643
76162725 1 100001 1420575422643
18964685 1 100002 1420575482643
11178672 1 100003 1420575482643
25368027 1 100001 1420575482643
18964685 1 100002 1420575542643
19200736 1 100003 1420575542643
384479689 1 100004 1420575542643
73417273 1 100009 1420575542643
15601977 1 100002 1420575542643
12273252 1 100001 1420575542643
384479689 1 100004 1420575602643
73417273 2 100009 1420575602643
25368027 1 100001 1420575602643
15445129 1 100002 1420575602643
12273252 1 100001 1420575602643
384479689 1 100004 1420575662643
15445129 2 100002 1420575662643
12273252 1 100001 1420575662643
11178672 1 100003 1420575662643
555359654 1 100002 1420575662643
73417273 2 100009 1420575662643
17698956 1 100035 1420575662643
21044502 2 100001 1420575722643
384479689 1 100004 1420575722643
15601977 1 100002 1420575722643
193232854 1 100001 1420575722643
15445129 1 100002 1420575722643
12273252 1 100001 1420575722643
349227445 1 100003 1420575722643
512403075 1 100001 1420575722643
11178672 1 100003 1420575722643
555359654 1 100002 1420575722643
73417273 2 100009 1420575722643
976147104 1 100005 1420575722643
17698956 1 100035 1420575722643
18964685 1 100002 1420575782643
15787325 1 100006 1420575782643
384479689 1 100004 1420575782643
21044502 1 100001 1420575782643
15601977 1 100002 1420575782643
12273252 1 100001 1420575782643
349227445 1 100003 1420575782643
512403075 1 100001 1420575782643
11178672 2 100003 1420575782643
73417273 2 100009 1420575782643
25368027 1 100001 1420575782643
976147104 1 100005 1420575782643
17698956 1 100035 1420575782643
18964685 2 100002 1420575842643
384479689 2 100004 1420575842643
15601977 2 100002 1420575842643
12273252 1 100001 1420575842643
11178672 1 100003 1420575842643
73417273 1 100009 1420575842643
25368027 1 100001 1420575842643
18964685 1 100002 1420575902643
384479689 1 100004 1420575902643
15601977 1 100002 1420575902643
12273252 1 100001 1420575902643
11178672 1 100003 1420575902643
8923182 1 100001 1420575902643
17698956 1 100035 1420575902643
140080129 2 100015 1420575962643
11178672 2 100003 1420575962643
388784593 1 100001 1420575962643
8923182 1 100001 1420575962643
15601977 1 100002 1420575962643
73417273 1 100009 1420575962643
17698956 1 100035 1420575962643
818340 1 100003 1420575962643
12273252 1 100001 1420575962643
140080129 2 100015 1420576022643
11178672 1 100003 1420576022643
384479689 1 100004 1420576022643
8312862 1 100001 1420576022643
15601977 2 100002 1420576022643
118292510 2 100002 1420576022643
17698956 2 100035 1420576022643
12273252 2 100001 1420576022643
818340 1 100003 1420576022643
567341777 1 100002 1420576082643
384479689 1 100004 1420576082643
118292510 2 100002 1420576082643
15601977 2 100002 1420576082643
12273252 1 100001 1420576082643
140080129 2 100015 1420576082643
8923182 1 100001 1420576082643
17698956 1 100035 1420576082643
214214616 1 100003 1420576082643
384479689 1 100004 1420576142643
118292510 1 100002 1420576142643
15601977 1 100002 1420576142643
15920875 1 100001 1420576142643
96184837 1 100001 1420576142643
12273252 2 100001 1420576142643
140080129 2 100015 1420576142643
19200736 1 100003 1420576142643
17698956 2 100035 1420576142643
384479689 1 100004 1420576202643
15601977 2 100002 1420576202643
15920875 1 100001 1420576202643
12273252 2 100001 1420576202643
472207757 1 100002 1420576202643
140080129 1 100015 1420576202643
19200736 1 100003 1420576202643
17698956 2 100035 1420576202643
384479689 2 100004 1420576262643
15601977 2 100002 1420576262643
193232854 1 100001 1420576262643
818340 1 100003 1420576262643
12273252 1 100001 1420576262643
472207757 1 100002 1420576262643
140080129 1 100015 1420576262643
20096207 1 100007 1420576262643
19200736 1 100003 1420576262643
8312862 1 100001 1420576262643
17698956 1 100035 1420576262643
384479689 1 100004 1420576322643
15601977 1 100002 1420576322643
818340 1 100001 1420576322643
12273252 1 100001 1420576322643
140080129 1 100015 1420576322643
20096207 1 100007 1420576322643
19200736 1 100003 1420576322643
17698956 1 100035 1420576322643
140080129 1 100015 1420576382643
130600206 1 100001 1420576382643
384479689 1 100004 1420576382643
118292510 1 100002 1420576382643
8312862 1 100001 1420576382643
193232854 1 100001 1420576382643
17698956 2 100035 1420576382643
130600206 1 100001 1420576442643
15646547 1 100006 1420576442643
384479689 1 100004 1420576442643
118292510 1 100002 1420576442643
193232854 1 100001 1420576442643
140080129 1 100015 1420576442643
73417273 1 100009 1420576442643
17698956 1 100035 1420576442643
384479689 1 100004 1420576502643
118292510 1 100002 1420576502643
193232854 1 100001 1420576502643
818340 1 100001 1420576502643
140080129 2 100015 1420576502643
976147104 1 100003 1420576502643
17698956 2 100035 1420576502643
18964685 1 100001 1420576562643
384479689 1 100004 1420576562643
15601977 1 100002 1420576562643
118292510 1 100002 1420576562643
193232854 1 100001 1420576562643
12273252 1 100001 1420576562643
818340 2 100001 1420576562643
140080129 1 100015 1420576562643
20096207 1 100007 1420576562643
8923182 1 100001 1420576562643
976147104 1 100003 1420576562643
17698956 2 100035 1420576562643
18964685 1 100001 1420576622643
329121956 1 100001 1420576622643
14811775 1 100001 1420576622643
384479689 1 100004 1420576622643
15601977 1 100002 1420576622643
193232854 1 100001 1420576622643
818340 1 100001 1420576622643
12273252 1 100001 1420576622643
20096207 1 100007 1420576622643
19200736 1 100003 1420576622643
8923182 1 100001 1420576622643
17698956 1 100035 1420576622643
24705687 1 100002 1420576682643
329121956 1 100001 1420576682643
14811775 1 100001 1420576682643
384479689 1 100004 1420576682643
12273252 1 100001 1420576682643
140080129 1 100015 1420576682643
19200736 2 100003 1420576682643
16045956 1 100004 1420576682643
18964685 1 100001 1420576742643
24705687 1 100002 1420576742643
384479689 1 100004 1420576742643
12273252 1 100006 1420576742643
818340 2 100001 1420576742643
140080129 2 100015 1420576742643
174890917 1 100001 1420576742643
19200736 1 100003 1420576742643
17698956 2 100035 1420576742643
16045956 1 100004 1420576742643
18964685 2 100001 1420576802643
384479689 2 100004 1420576802643
12273252 1 100006 1420576802643
818340 1 100001 1420576802643
140080129 2 100015 1420576802643
61733092 1 100002 1420576802643
174890917 2 100001 1420576802643
20096207 1 100007 1420576802643
17698956 2 100035 1420576802643
46358463 1 100004 1420576802643
18964685 1 100001 1420576862643
49437246 1 100002 1420576862643
384479689 1 100004 1420576862643
12273252 2 100006 1420576862643
140080129 2 100015 1420576862643
174890917 1 100001 1420576862643
20096207 1 100007 1420576862643
73417273 1 100009 1420576862643
17698956 1 100035 1420576862643
46358463 1 100004 1420576862643
811303 1 100006 1420576862643
55252152 1 100002 1420576862643
49437246 2 100003 1420576922643
15601977 1 100002 1420576922643
12273252 1 100006 1420576922643
140080129 2 100015 1420576922643
512403075 1 100001 1420576922643
55252152 1 100002 1420576922643
49437246 2 100003 1420576982643
384479689 1 100003 1420576982643
140080129 1 100015 1420576982643
512403075 1 100001 1420576982643
174890917 1 100001 1420576982643
17698956 1 100035 1420576982643
316053072 1 100002 1420577042643
49437246 1 100003 1420577042643
96184837 1 100001 1420577042643
12273252 1 100006 1420577042643
174890917 2 100001 1420577042643
10005212 1 100001 1420577042643
17698956 1 100035 1420577042643
55252152 1 100002 1420577042643
316053072 1 100002 1420577102643
15445129 1 100002 1420577102643
140080129 1 100015 1420577102643
174890917 1 100001 1420577102643
10005212 1 100001 1420577102643
73417273 1 100010 1420577102643
25368027 1 100005 1420577102643
55252152 1 100002 1420577102643
174890917 1 100001 1420577162643
109013694 1 100003 1420577162643
73417273 1 100010 1420577162643
15601977 1 100002 1420577162643
20263526 1 100001 1420577162643
25368027 2 100005 1420577162643
24705687 1 100002 1420577222643
174890917 1 100001 1420577222643
109013694 1 100003 1420577222643
73417273 1 100010 1420577222643
20263526 1 100001 1420577222643
25368027 2 100005 1420577222643
17698956 1 100035 1420577222643
226606138 1 100002 1420577222643
24705687 1 100002 1420577282643
174890917 1 100001 1420577282643
25368027 2 100005 1420577282643
17698956 1 100055 1420577282643
226606138 1 100002 1420577282643
174890917 1 100001 1420577342643
109013694 1 100003 1420577342643
976147104 1 100003 1420577342643
25368027 1 100005 1420577342643
46358463 1 100004 1420577342643
214214616 1 100002 1420577342643
226606138 1 100002 1420577342643
384479689 1 100003 1420577402643
12273252 2 100006 1420577402643
174890917 1 100001 1420577402643
109013694 1 100003 1420577402643
373316165 1 100003 1420577402643
73417273 1 100010 1420577402643
25368027 1 100005 1420577402643
202777395 1 100001 1420577402643
226606138 2 100002 1420577402643
18964685 1 100001 1420577462643
49437246 1 100003 1420577462643
384479689 1 100003 1420577462643
12273252 2 100006 1420577462643
373316165 1 100003 1420577462643
73417273 1 100010 1420577462643
25368027 1 100005 1420577462643
202777395 1 100001 1420577462643
226606138 1 100002 1420577462643
512403075 1 100003 1420577522643
10005212 1 100001 1420577522643
49437246 1 100003 1420577522643
25368027 2 100005 1420577522643
17698956 1 100055 1420577522643
12273252 1 100006 1420577522643
824157 1 100002 1420577582643
186222238 1 100002 1420577582643
174890917 2 100001 1420577582643
10005212 1 100001 1420577582643
25368027 2 100005 1420577582643
811303 1 100006 1420577582643
4282171 1 100001 1420577582643
7867072 1 100001 1420577642643
824157 1 100002 1420577642643
21104725 1 100002 1420577642643
140080129 2 100036 1420577642643
174890917 2 100001 1420577642643
73417273 1 100010 1420577642643
25368027 2 100005 1420577642643
140080129 2 100036 1420577702643
174890917 2 100001 1420577702643
7867072 1 100001 1420577702643
824157 2 100002 1420577702643
14811775 1 100001 1420577702643
73417273 2 100010 1420577702643
25368027 1 100005 1420577702643
19287097 1 100002 1420577702643
15856366 1 100001 1420577702643
21104725 1 100002 1420577702643
7867072 2 100001 1420577762643
824157 1 100002 1420577762643
14811775 1 100001 1420577762643
87290802 1 100002 1420577762643
19287097 1 100002 1420577762643
15856366 1 100001 1420577762643
12273252 1 100006 1420577762643
140080129 2 100036 1420577762643
174890917 2 100001 1420577762643
73417273 1 100010 1420577762643
8312862 1 100002 1420577762643
976147104 1 100001 1420577762643
7867072 2 100001 1420577822643
824157 2 100002 1420577822643
384479689 1 100003 1420577822643
87290802 1 100002 1420577822643
12273252 1 100006 1420577822643
472207757 1 100002 1420577822643
21104725 1 100002 1420577822643
140080129 1 100036 1420577822643
17145499 1 100002 1420577822643
174890917 2 100001 1420577822643
19200736 1 100003 1420577822643
10005212 1 100001 1420577822643
8312862 2 100002 1420577822643
25368027 1 100005 1420577822643
976147104 1 100001 1420577822643
487535749 1 100001 1420577822643
16045956 1 100004 1420577822643
7867072 2 100001 1420577882643
824157 1 100002 1420577882643
384479689 2 100003 1420577882643
140080129 1 100036 1420577882643
17145499 2 100002 1420577882643
174890917 2 100001 1420577882643
109013694 1 100003 1420577882643
19200736 1 100004 1420577882643
10005212 1 100001 1420577882643
73417273 1 100010 1420577882643
8312862 2 100002 1420577882643
25368027 1 100005 1420577882643
16045956 1 100004 1420577882643
811303 1 100006 1420577882643
18703477 1 100003 1420577942643
7867072 2 100001 1420577942643
824157 1 100002 1420577942643
384479689 2 100003 1420577942643
140080129 2 100036 1420577942643
17145499 1 100002 1420577942643
174890917 2 100001 1420577942643
20096207 1 100003 1420577942643
109013694 1 100003 1420577942643
8312862 1 100002 1420577942643
73417273 2 100010 1420577942643
20263526 1 100001 1420577942643
17698956 1 100055 1420577942643
16045956 1 100004 1420577942643
316053072 1 100002 1420578002643
18703477 1 100003 1420578002643
7867072 1 100001 1420578002643
824157 1 100002 1420578002643
384479689 1 100003 1420578002643
15856366 1 100001 1420578002643
12273252 2 100006 1420578002643
140080129 2 100036 1420578002643
174890917 1 100001 1420578002643
20096207 1 100003 1420578002643
109013694 2 100003 1420578002643
10005212 1 100001 1420578002643
73417273 1 100010 1420578002643
20263526 1 100001 1420578002643
382230093 1 100002 1420578002643
17698956 1 100055 1420578002643
16045956 2 100002 1420578002643
811303 1 100006 1420578002643
1581203119 1 100007 1420578062643
24705687 1 100001 1420578062643
7867072 2 100001 1420578062643
824157 2 100002 1420578062643
384479689 2 100003 1420578062643
15856366 1 100001 1420578062643
12273252 1 100006 1420578062643
140080129 2 100036 1420578062643
109013694 1 100003 1420578062643
10005212 1 100001 1420578062643
73417273 1 100010 1420578062643
382230093 1 100002 1420578062643
16045956 2 100002 1420578062643
811303 1 100006 1420578062643
18703477 1 100003 1420578122643
1581203119 1 100007 1420578122643
20745130 1 100002 1420578122643
7867072 1 100001 1420578122643
824157 2 100002 1420578122643
14811775 1 100001 1420578122643
384479689 2 100003 1420578122643
140080129 1 100036 1420578122643
174890917 1 100001 1420578122643
37666026 1 100002 1420578122643
73417273 2 100010 1420578122643
16045956 2 100002 1420578122643
276554601 2 100003 1420578182643
7867072 2 100001 1420578182643
824157 1 100002 1420578182643
14811775 1 100001 1420578182643
384479689 1 100003 1420578182643
19287097 1 100002 1420578182643
12273252 1 100006 1420578182643
36767344 1 100002 1420578182643
140080129 1 100036 1420578182643
174890917 1 100001 1420578182643
109013694 1 100003 1420578182643
37666026 1 100002 1420578182643
73417273 2 100010 1420578182643
976147104 1 100001 1420578182643
16045956 2 100002 1420578182643
567341777 1 100002 1420578242643
276554601 1 100003 1420578242643
7867072 2 100001 1420578242643
19287097 1 100002 1420578242643
79292033 1 100002 1420578242643
36767344 1 100002 1420578242643
12273252 1 100006 1420578242643
109013694 2 100003 1420578242643
73417273 1 100010 1420578242643
976147104 1 100001 1420578242643
16045956 2 100002 1420578242643
567341777 1 100002 1420578302643
1618007706 2 100002 1420578302643
7867072 2 100001 1420578302643
384479689 1 100003 1420578302643
79292033 1 100002 1420578302643
109013694 1 100003 1420578302643
10005212 1 100001 1420578302643
22948692 2 100005 1420578302643
73417273 2 100010 1420578302643
76162725 1 100002 1420578302643
16045956 2 100002 1420578302643
1618007706 1 100002 1420578362643
20745130 1 100002 1420578362643
7867072 1 100001 1420578362643
15646547 1 100009 1420578362643
384479689 2 100003 1420578362643
11178672 1 100002 1420578362643
10005212 1 100001 1420578362643
22948692 2 100005 1420578362643
73417273 1 100010 1420578362643
8312862 1 100002 1420578362643
25368027 1 100005 1420578362643
76162725 1 100002 1420578362643
16045956 1 100002 1420578362643
20745130 1 100002 1420578422643
15646547 1 100009 1420578422643
384479689 1 100003 1420578422643
321470779 1 100001 1420578422643
12273252 1 100006 1420578422643
140080129 1 100036 1420578422643
11178672 1 100002 1420578422643
22948692 2 100005 1420578422643
25368027 1 100005 1420578422643
16045956 2 100002 1420578422643
18964685 1 100001 1420578482643
567341777 1 100002 1420578482643
131003396 1 100003 1420578482643
321470779 1 100001 1420578482643
15445129 1 100001 1420578482643
12273252 1 100006 1420578482643
109013694 1 100003 1420578482643
22948692 1 100005 1420578482643
73417273 1 100010 1420578482643
16045956 1 100002 1420578482643
18964685 1 100001 1420578542643
567341777 2 100002 1420578542643
74578857 1 100002 1420578542643
50225386 1 100001 1420578542643
131003396 1 100003 1420578542643
15445129 1 100001 1420578542643
12273252 1 100009 1420578542643
140080129 1 100036 1420578542643
19200736 1 100004 1420578542643
109013694 1 100003 1420578542643
22948692 1 100005 1420578542643
16045956 1 100002 1420578542643
316053072 1 100002 1420578602643
567341777 1 100002 1420578602643
1618007706 1 100002 1420578602643
50225386 1 100001 1420578602643
384479689 1 100003 1420578602643
12273252 1 100009 1420578602643
140080129 1 100036 1420578602643
19200736 1 100004 1420578602643
92791146 2 100001 1420578602643
22948692 1 100005 1420578602643
16045956 1 100002 1420578602643
316053072 1 100002 1420578662643
1618007706 1 100002 1420578662643
7867072 2 100001 1420578662643
263131563 1 100001 1420578662643
140080129 1 100036 1420578662643
92791146 1 100001 1420578662643
73417273 2 100010 1420578662643
22948692 2 100005 1420578662643
89787221 1 100004 1420578662643
16045956 2 100002 1420578662643
567341777 1 100002 1420578722643
1886740873 1 100002 1420578722643
7867072 2 100001 1420578722643
12273252 1 100009 1420578722643
140080129 1 100036 1420578722643
28516164 1 100001 1420578722643
19200736 1 100004 1420578722643
92791146 1 100001 1420578722643
22192440 1 100001 1420578722643
73417273 1 100010 1420578722643
22948692 1 100005 1420578722643
25368027 1 100005 1420578722643
89787221 1 100004 1420578722643
16045956 1 100002 1420578722643
28516164 1 100001 1420578782643
567341777 2 100002 1420578782643
1886740873 1 100002 1420578782643
19200736 1 100004 1420578782643
7867072 1 100001 1420578782643
22192440 1 100001 1420578782643
140080129 1 100036 1420578842643
567341777 1 100002 1420578842643
388784593 1 100002 1420578842643
824157 1 100002 1420578842643
92791146 1 100001 1420578842643
10005212 1 100001 1420578842643
22192440 2 100001 1420578842643
15920875 1 100001 1420578842643
25368027 1 100005 1420578842643
15856366 1 100001 1420578842643
567341777 1 100002 1420578902643
7867072 1 100001 1420578902643
824157 1 100002 1420578902643
15920875 1 100001 1420578902643
15856366 1 100001 1420578902643
12273252 1 100009 1420578902643
140080129 2 100036 1420578902643
388784593 1 100002 1420578902643
19200736 1 100004 1420578902643
92791146 1 100001 1420578902643
10005212 1 100002 1420578902643
22192440 1 100001 1420578902643
251369428 1 100002 1420578902643
140080129 2 100036 1420578962643
567341777 1 100002 1420578962643
19200736 1 100004 1420578962643
7867072 1 100001 1420578962643
92791146 1 100001 1420578962643
384479689 1 100001 1420578962643
73417273 1 100010 1420578962643
15856366 2 100001 1420578962643
16045956 1 100002 1420578962643
41644754 1 100004 1420578962643
12273252 2 100009 1420578962643
18964685 1 100001 1420579022643
384479689 1 100001 1420579022643
15856366 1 100001 1420579022643
818340 1 100001 1420579022643
12273252 1 100009 1420579022643
140080129 1 100036 1420579022643
92791146 1 100001 1420579022643
73417273 1 100003 1420579022643
25368027 1 100007 1420579022643
18964685 1 100003 1420579082643
1618007706 1 100002 1420579082643
824157 1 100002 1420579082643
384479689 1 100001 1420579082643
15856366 1 100001 1420579082643
818340 1 100001 1420579082643
140080129 1 100036 1420579082643
22948692 1 100005 1420579082643
73417273 1 100003 1420579082643
8312862 1 100002 1420579082643
25368027 1 100007 1420579082643
104291835 1 100002 1420579082643
18964685 1 100003 1420579142643
567341777 1 100002 1420579142643
824157 2 100002 1420579142643
15856366 1 100001 1420579142643
140080129 2 100036 1420579142643
373316165 1 100005 1420579142643
23742474 1 100003 1420579142643
73417273 1 100003 1420579142643
22948692 1 100005 1420579142643
16045956 1 100002 1420579142643
41644754 1 100004 1420579142643
4282171 1 100001 1420579142643
39841830 1 100001 1420579202643
7867072 1 100001 1420579202643
824157 1 100002 1420579202643
384479689 1 100001 1420579202643
491638416 1 100001 1420579202643
15856366 2 100001 1420579202643
140080129 1 100036 1420579202643
373316165 1 100005 1420579202643
73417273 2 100003 1420579202643
16045956 1 100002 1420579202643
46358463 1 100005 1420579202643
41644754 1 100004 1420579202643
55252152 1 100002 1420579202643
4282171 1 100001 1420579202643
18964685 1 100003 1420579262643
7867072 2 100001 1420579262643
824157 1 100002 1420579262643
384479689 2 100001 1420579262643
491638416 1 100001 1420579262643
15856366 1 100001 1420579262643
1364403168 1 100001 1420579262643
166715703 1 100001 1420579262643
12273252 1 100009 1420579262643
140080129 1 100036 1420579262643
174890917 1 100001 1420579262643
23742474 1 100003 1420579262643
73417273 1 100003 1420579262643
89787221 2 100004 1420579262643
16045956 1 100002 1420579262643
41644754 2 100004 1420579262643
4282171 1 100001 1420579262643
55252152 1 100002 1420579262643
18964685 1 100003 1420579322643
1618007706 1 100002 1420579322643
7867072 1 100001 1420579322643
824157 1 100002 1420579322643
15646547 1 100009 1420579322643
384479689 1 100001 1420579322643
15920875 1 100001 1420579322643
1364403168 2 100001 1420579322643
12273252 1 100009 1420579322643
472207757 1 100001 1420579322643
140080129 2 100036 1420579322643
174890917 1 100003 1420579322643
89787221 2 100004 1420579322643
17698956 1 100055 1420579322643
251369428 1 100002 1420579322643
41644754 1 100004 1420579322643
811303 1 100003 1420579322643
4282171 2 100001 1420579322643
18964685 1 100003 1420579382643
567341777 1 100002 1420579382643
1618007706 1 100002 1420579382643
7867072 1 100001 1420579382643
49437246 1 100002 1420579382643
15646547 1 100009 1420579382643
15920875 1 100001 1420579382643
1364403168 1 100001 1420579382643
472207757 1 100001 1420579382643
140080129 2 100036 1420579382643
20146313 1 100002 1420579382643
8312862 1 100002 1420579382643
89787221 2 100004 1420579382643
17698956 1 100055 1420579382643
251369428 1 100002 1420579382643
41644754 1 100004 1420579382643
4282171 1 100001 1420579382643
7867072 2 100001 1420579442643
879521 1 100003 1420579442643
12273252 1 100009 1420579442643
140080129 1 100036 1420579442643
20146313 1 100002 1420579442643
186222238 1 100002 1420579442643
174890917 1 100003 1420579442643
22948692 1 100005 1420579442643
8312862 1 100002 1420579442643
25368027 1 100007 1420579442643
89787221 2 100004 1420579442643
41644754 1 100004 1420579442643
104291835 1 100002 1420579442643
1618007706 1 100002 1420579502643
7867072 2 100001 1420579502643
129917609 1 100001 1420579502643
879521 1 100003 1420579502643
15856366 1 100001 1420579502643
12273252 2 100009 1420579502643
186222238 1 100002 1420579502643
174890917 2 100003 1420579502643
8861752 2 100002 1420579502643
23742474 1 100003 1420579502643
73417273 1 100003 1420579502643
22948692 1 100005 1420579502643
25368027 1 100007 1420579502643
89787221 2 100004 1420579502643
104291835 1 100002 1420579502643
309220197 2 100002 1420579562643
1618007706 1 100002 1420579562643
384479689 1 100001 1420579562643
129917609 1 100001 1420579562643
12273252 2 100009 1420579562643
174890917 2 100003 1420579562643
8861752 1 100002 1420579562643
23742474 1 100003 1420579562643
73417273 1 100003 1420579562643
89787221 2 100004 1420579562643
567341777 1 100002 1420579622643
309220197 1 100002 1420579622643
1618007706 2 100002 1420579622643
384479689 1 100001 1420579622643
12273252 2 100009 1420579622643
140080129 1 100064 1420579622643
349227445 1 100006 1420579622643
17070252 1 100001 1420579622643
174890917 2 100003 1420579622643
8861752 1 100002 1420579622643
23742474 2 100003 1420579622643
22948692 1 100005 1420579622643
89787221 1 100004 1420579622643
251369428 1 100002 1420579622643
18964685 1 100003 1420579682643
309220197 1 100002 1420579682643
1618007706 1 100002 1420579682643
879521 1 100003 1420579682643
12273252 1 100009 1420579682643
140080129 2 100064 1420579682643
186222238 1 100007 1420579682643
18685577 1 100001 1420579682643
174890917 2 100003 1420579682643
17070252 2 100001 1420579682643
8861752 2 100002 1420579682643
23742474 1 100003 1420579682643
22192440 1 100001 1420579682643
25242416 1 100002 1420579682643
16045956 1 100002 1420579682643
251369428 1 100002 1420579682643
18964685 1 100003 1420579742643
1581203119 1 100007 1420579742643
309220197 1 100002 1420579742643
824157 1 100002 1420579742643
384479689 1 100001 1420579742643
879521 1 100003 1420579742643
140080129 1 100064 1420579742643
186222238 1 100007 1420579742643
18685577 1 100001 1420579742643
174890917 1 100003 1420579742643
17070252 1 100001 1420579742643
8861752 2 100002 1420579742643
23742474 1 100003 1420579742643
22192440 1 100001 1420579742643
25242416 1 100002 1420579742643
89787221 2 100004 1420579742643
16045956 1 100002 1420579742643
4282171 2 100001 1420579742643
1581203119 1 100007 1420579802643
384479689 2 100001 1420579802643
87290802 1 100002 1420579802643
118292510 1 100001 1420579802643
879521 1 100003 1420579802643
186222238 1 100007 1420579802643
174890917 2 100003 1420579802643
8861752 2 100002 1420579802643
23742474 1 100003 1420579802643
89787221 1 100004 1420579802643
4282171 1 100001 1420579802643
1581203119 1 100007 1420579862643
15646547 1 100009 1420579862643
384479689 2 100001 1420579862643
87290802 1 100002 1420579862643
879521 1 100003 1420579862643
1364403168 1 100001 1420579862643
12273252 1 100009 1420579862643
349227445 1 100006 1420579862643
17145499 1 100002 1420579862643
186222238 2 100007 1420579862643
174890917 2 100003 1420579862643
8861752 2 100002 1420579862643
89787221 1 100004 1420579862643
16045956 1 100002 1420579862643
1581203119 2 100007 1420579922643
15646547 1 100009 1420579922643
384479689 1 100001 1420579922643
15856366 1 100001 1420579922643
1364403168 1 100001 1420579922643
21986815 1 100001 1420579922643
349227445 1 100006 1420579922643
186222238 2 100007 1420579922643
174890917 1 100003 1420579922643
17070252 1 100001 1420579922643
8861752 1 100002 1420579922643
10005212 1 100002 1420579922643
14745100 1 100002 1420579922643
89787221 1 100004 1420579922643
16045956 2 100002 1420579922643
309220197 1 100002 1420579982643
1581203119 1 100007 1420579982643
1618007706 2 100002 1420579982643
384479689 1 100001 1420579982643
15856366 1 100001 1420579982643
21986815 1 100001 1420579982643
140080129 1 100064 1420579982643
186222238 2 100007 1420579982643
17070252 1 100001 1420579982643
10005212 1 100002 1420579982643
23742474 1 100003 1420579982643
976147104 1 100001 1420579982643
89787221 1 100004 1420579982643
16045956 2 100002 1420579982643
309220197 2 100002 1420580042643
292289403 1 100003 1420580042643
1618007706 2 100002 1420580042643
824157 1 100002 1420580042643
384479689 2 100001 1420580042643
12273252 2 100009 1420580042643
186222238 2 100007 1420580042643
17070252 1 100001 1420580042643
174890917 1 100003 1420580042643
8861752 1 100002 1420580042643
22192440 1 100001 1420580042643
976147104 1 100006 1420580042643
89787221 1 100004 1420580042643
16045956 1 100002 1420580042643
18964685 1 100003 1420580102643
309220197 1 100002 1420580102643
1618007706 2 100002 1420580102643
824157 2 100002 1420580102643
384479689 1 100001 1420580102643
118292510 1 100001 1420580102643
193232854 1 100003 1420580102643
15856366 1 100001 1420580102643
79292033 1 100002 1420580102643
12273252 1 100009 1420580102643
186222238 1 100007 1420580102643
174890917 1 100003 1420580102643
17070252 1 100001 1420580102643
8861752 2 100002 1420580102643
92791146 1 100001 1420580102643
22192440 1 100001 1420580102643
22948692 1 100005 1420580102643
89787221 1 100004 1420580102643
16045956 1 100002 1420580102643
18964685 1 100003 1420580162643
1618007706 1 100007 1420580162643
74578857 1 100002 1420580162643
824157 2 100002 1420580162643
384479689 1 100001 1420580162643
140080129 1 100064 1420580162643
17070252 1 100001 1420580162643
20096207 1 100003 1420580162643
8861752 2 100002 1420580162643
92791146 1 100001 1420580162643
89787221 1 100004 1420580162643
16045956 1 100002 1420580162643
4282171 1 100001 1420580162643
276554601 1 100006 1420580222643
1618007706 1 100007 1420580222643
20745130 2 100002 1420580222643
74578857 1 100002 1420580222643
824157 1 100002 1420580222643
384479689 2 100001 1420580222643
19287097 1 100001 1420580222643
15856366 1 100001 1420580222643
17070252 1 100001 1420580222643
8861752 1 100002 1420580222643
92791146 1 100001 1420580222643
10005212 1 100002 1420580222643
23742474 1 100003 1420580222643
22192440 1 100001 1420580222643
89787221 1 100004 1420580222643
4282171 1 100001 1420580222643
1618007706 1 100007 1420580282643
20745130 1 100002 1420580282643
276554601 1 100006 1420580282643
824157 1 100002 1420580282643
384479689 1 100001 1420580282643
879521 1 100003 1420580282643
15856366 1 100001 1420580282643
17070252 1 100001 1420580282643
109013694 1 100006 1420580282643
8861752 1 100002 1420580282643
10005212 1 100002 1420580282643
23742474 1 100003 1420580282643
22192440 1 100001 1420580282643
292289403 1 100003 1420580342643
1618007706 1 100007 1420580342643
824157 1 100002 1420580342643
384479689 1 100001 1420580342643
140080129 1 100064 1420580342643
174890917 2 100003 1420580342643
17070252 1 100001 1420580342643
109013694 1 100006 1420580342643
10005212 2 100002 1420580342643
8312862 1 100002 1420580342643
89787221 1 100004 1420580342643
17896885 1 100001 1420580342643
567341777 1 100002 1420580402643
1581203119 1 100007 1420580402643
1618007706 1 100007 1420580402643
20745130 1 100002 1420580402643
824157 1 100002 1420580402643
15601977 1 100001 1420580402643
140080129 1 100064 1420580402643
61733092 1 100002 1420580402643
174890917 2 100003 1420580402643
152341106 1 100003 1420580402643
10005212 1 100002 1420580402643
23742474 1 100003 1420580402643
22948692 1 100005 1420580402643
8312862 1 100002 1420580402643
25368027 1 100007 1420580402643
17896885 1 100001 1420580402643
89787221 2 100004 1420580402643
60863619 1 100001 1420580462643
567341777 1 100002 1420580462643
1581203119 1 100007 1420580462643
1618007706 1 100007 1420580462643
20745130 1 100002 1420580462643
824157 1 100002 1420580462643
15601977 1 100001 1420580462643
472207757 1 100001 1420580462643
140080129 1 100064 1420580462643
114872969 1 100003 1420580462643
174890917 2 100003 1420580462643
61733092 1 100002 1420580462643
92791146 1 100001 1420580462643
22192440 1 100001 1420580462643
22948692 2 100005 1420580462643
25368027 2 100007 1420580462643
89787221 1 100004 1420580462643
104291835 1 100002 1420580462643
60863619 1 100001 1420580522643
824157 1 100002 1420580522643
12273252 1 100009 1420580522643
472207757 1 100001 1420580522643
140080129 2 100064 1420580522643
174890917 1 100003 1420580522643
92791146 1 100001 1420580522643
22192440 1 100001 1420580522643
22948692 1 100012 1420580522643
25368027 1 100007 1420580522643
104291835 1 100002 1420580522643
824157 1 100002 1420580582643
384479689 1 100001 1420580582643
15601977 2 100001 1420580582643
12273252 1 100013 1420580582643
472207757 1 100001 1420580582643
140080129 2 100064 1420580582643
17070252 1 100001 1420580582643
10005212 2 100002 1420580582643
19934731 1 100002 1420580582643
89787221 1 100004 1420580582643
16045956 1 100002 1420580582643
384479689 1 100001 1420580642643
15601977 1 100001 1420580642643
12273252 1 100013 1420580642643
472207757 1 100001 1420580642643
140080129 2 100064 1420580642643
17070252 1 100001 1420580642643
92791146 1 100001 1420580642643
10005212 1 100002 1420580642643
24206345 1 100003 1420580642643
19934731 1 100002 1420580642643
22948692 1 100012 1420580642643
19943507 1 100006 1420580642643
16045956 1 100002 1420580642643
309220197 1 100002 1420580702643
1618007706 1 100007 1420580702643
20745130 1 100002 1420580702643
15856366 1 100001 1420580702643
12273252 1 100013 1420580702643
21104725 1 100002 1420580702643
140080129 1 100064 1420580702643
174890917 1 100004 1420580702643
92791146 1 100001 1420580702643
22948692 1 100012 1420580702643
19943507 1 100006 1420580702643
811303 1 100003 1420580702643
4282171 1 100001 1420580702643
309220197 1 100002 1420580762643
20745130 1 100002 1420580762643
140080129 2 100064 1420580762643
174890917 1 100004 1420580762643
22192440 1 100001 1420580762643
811303 1 100003 1420580762643
24426175 1 100005 1420580762643
4282171 2 100001 1420580762643
74578857 1 100003 1420580822643
14811775 1 100005 1420580822643
15920875 1 100003 1420580822643
12273252 1 100013 1420580822643
140080129 2 100064 1420580822643
17070252 1 100001 1420580822643
19934731 1 100002 1420580822643
19943507 1 100006 1420580822643
4282171 1 100001 1420580822643
24426175 1 100005 1420580822643
104291835 1 100002 1420580822643
1618007706 1 100007 1420580882643
14811775 1 100005 1420580882643
15920875 1 100003 1420580882643
12273252 2 100013 1420580882643
140080129 1 100064 1420580882643
17070252 1 100001 1420580882643
19200736 1 100005 1420580882643
92791146 1 100001 1420580882643
89787221 1 100003 1420580882643
19943507 1 100006 1420580882643
46358463 1 100005 1420580882643
20745130 1 100002 1420580942643
14811775 1 100005 1420580942643
1364403168 1 100001 1420580942643
12273252 1 100013 1420580942643
8861752 1 100002 1420580942643
19200736 1 100005 1420580942643
92791146 1 100001 1420580942643
19934731 1 100002 1420580942643
8312862 1 100002 1420580942643
19943507 1 100006 1420580942643
89787221 1 100003 1420580942643
46358463 1 100005 1420580942643
202777395 1 100004 1420580942643
35947725 1 100003 1420581002643
512403075 1 100007 1420581002643
20745130 1 100002 1420581002643
8861752 2 100002 1420581002643
92791146 1 100001 1420581002643
206276555 1 100004 1420581002643
14811775 1 100005 1420581002643
19934731 2 100002 1420581002643
89787221 1 100003 1420581002643
19943507 1 100006 1420581002643
15856366 1 100001 1420581002643
202777395 2 100004 1420581002643
12273252 2 100013 1420581002643
35947725 1 100003 1420581062643
309220197 1 100002 1420581062643
206276555 1 100004 1420581062643
12273252 1 100013 1420581062643
472207757 1 100001 1420581062643
140080129 2 100064 1420581062643
512403075 1 100007 1420581062643
152341106 1 100003 1420581062643
8861752 1 100002 1420581062643
92791146 1 100001 1420581062643
10005212 1 100001 1420581062643
19934731 2 100002 1420581062643
22948692 1 100012 1420581062643
19943507 1 100006 1420581062643
202777395 1 100004 1420581062643
214214616 1 100002 1420581062643
20745130 1 100002 1420581122643
1618007706 1 100007 1420581122643
7867072 1 100001 1420581122643
15646547 1 100009 1420581122643
12273252 1 100013 1420581122643
472207757 1 100001 1420581122643
140080129 2 100064 1420581122643
186222238 1 100007 1420581122643
152341106 1 100003 1420581122643
92791146 1 100001 1420581122643
19934731 1 100002 1420581122643
25368027 1 100007 1420581122643
19943507 1 100006 1420581122643
1618007706 1 100007 1420581182643
20745130 1 100002 1420581182643
276554601 1 100006 1420581182643
15646547 1 100009 1420581182643
96184837 1 100003 1420581182643
12273252 1 100013 1420581182643
21104725 1 100002 1420581182643
140080129 2 100064 1420581182643
11178672 1 100003 1420581182643
186222238 1 100007 1420581182643
17070252 1 100001 1420581182643
19200736 1 100005 1420581182643
92791146 1 100001 1420581182643
19934731 1 100002 1420581182643
17698956 1 100078 1420581182643
140080129 2 100085 1420581242643
17070252 1 100001 1420581242643
276554601 1 100006 1420581242643
19200736 1 100005 1420581242643
7867072 1 100001 1420581242643
92791146 2 100001 1420581242643
19934731 1 100002 1420581242643
25368027 1 100007 1420581242643
17698956 1 100078 1420581242643
25870048 1 100001 1420581242643
202777395 1 100004 1420581242643
21104725 1 100002 1420581242643
15856366 1 100002 1420581302643
140080129 2 100085 1420581302643
114872969 1 100003 1420581302643
92791146 1 100001 1420581302643
22192440 1 100003 1420581302643
19934731 1 100002 1420581302643
25368027 1 100007 1420581302643
202777395 1 100004 1420581302643
18964685 1 100004 1420581362643
309220197 1 100011 1420581362643
1618007706 1 100007 1420581362643
20745130 1 100002 1420581362643
15646547 1 100009 1420581362643
15856366 1 100002 1420581362643
12273252 2 100013 1420581362643
140080129 2 100085 1420581362643
114872969 1 100003 1420581362643
109013694 1 100006 1420581362643
22192440 1 100003 1420581362643
18964685 1 100004 1420581422643
309220197 1 100011 1420581422643
26207922 1 100003 1420581422643
49437246 1 100002 1420581422643
12273252 1 100013 1420581422643
140080129 1 100085 1420581422643
114872969 1 100003 1420581422643
512403075 1 100007 1420581422643
109013694 1 100006 1420581422643
140080129 2 100085 1420581482643
18964685 1 100004 1420581482643
17810599 1 100001 1420581482643
92791146 1 100001 1420581482643
49437246 1 100002 1420581482643
26207922 1 100003 1420581482643
818340 1 100003 1420581482643
7867072 1 100001 1420581542643
96184837 1 100003 1420581542643
818340 1 100003 1420581542643
140080129 2 100085 1420581542643
512403075 1 100007 1420581542643
186222238 1 100007 1420581542643
17810599 1 100001 1420581542643
92791146 1 100001 1420581542643
22948692 1 100012 1420581542643
89787221 1 100003 1420581542643
104291835 1 100005 1420581542643
1581203119 1 100008 1420581602643
7867072 1 100001 1420581602643
16277373 1 100002 1420581602643
96184837 1 100003 1420581602643
15856366 1 100002 1420581602643
140080129 2 100085 1420581602643
512403075 1 100007 1420581602643
174890917 1 100004 1420581602643
107024149 1 100002 1420581602643
23742474 1 100003 1420581602643
22948692 1 100012 1420581602643
17896885 1 100001 1420581602643
89787221 2 100003 1420581602643
104291835 1 100005 1420581602643
1581203119 1 100008 1420581662643
7867072 1 100001 1420581662643
263131563 1 100001 1420581662643
16277373 1 100002 1420581662643
15856366 1 100002 1420581662643
472207757 1 100001 1420581662643
140080129 1 100085 1420581662643
174890917 1 100004 1420581662643
17070252 2 100001 1420581662643
107024149 1 100002 1420581662643
23742474 1 100003 1420581662643
140140890 1 100002 1420581662643
976147104 1 100006 1420581662643
17896885 1 100001 1420581662643
89787221 1 100003 1420581662643
16045956 1 100002 1420581662643
263131563 1 100001 1420581722643
15646547 2 100009 1420581722643
193232854 1 100003 1420581722643
472207757 1 100001 1420581722643
140080129 1 100085 1420581722643
17070252 1 100004 1420581722643
17810599 1 100001 1420581722643
976147104 1 100006 1420581722643
140140890 2 100002 1420581722643
7867072 2 100001 1420581782643
15646547 1 100009 1420581782643
131003396 1 100003 1420581782643
193232854 1 100003 1420581782643
140080129 1 100085 1420581782643
17810599 1 100001 1420581782643
8861752 1 100005 1420581782643
140140890 1 100002 1420581782643
17698956 1 100078 1420581782643
104291835 1 100005 1420581782643
1581203119 1 100008 1420581842643
7867072 1 100001 1420581842643
14811775 1 100005 1420581842643
131003396 1 100003 1420581842643
879521 1 100005 1420581842643
17070252 1 100004 1420581842643
17810599 1 100001 1420581842643
8861752 1 100005 1420581842643
10005212 1 100001 1420581842643
23742474 1 100005 1420581842643
25368027 1 100007 1420581842643
89787221 1 100003 1420581842643
309220197 1 100011 1420581902643
1581203119 1 100008 1420581902643
7867072 2 100001 1420581902643
14811775 1 100005 1420581902643
226493139 1 100002 1420581902643
10069612 2 100001 1420581902643
152341106 1 100003 1420581902643
107024149 1 100002 1420581902643
10005212 1 100001 1420581902643
23742474 2 100005 1420581902643
25242416 1 100002 1420581902643
25368027 1 100007 1420581902643
89787221 1 100003 1420581902643
104291835 1 100005 1420581902643
18964685 1 100004 1420581962643
140080129 1 100085 1420581962643
309220197 1 100011 1420581962643
17810599 1 100001 1420581962643
109013694 1 100008 1420581962643
7867072 2 100001 1420581962643
23742474 1 100005 1420581962643
25242416 1 100002 1420581962643
104291835 1 100005 1420581962643
226493139 1 100002 1420581962643
10069612 1 100001 1420581962643
18964685 1 100004 1420582022643
316053072 1 100005 1420582022643
74578857 1 100002 1420582022643
7867072 2 100001 1420582022643
226493139 1 100002 1420582022643
140080129 1 100085 1420582022643
61733092 1 100001 1420582022643
109013694 1 100008 1420582022643
17810599 1 100001 1420582022643
107024149 1 100002 1420582022643
23742474 1 100005 1420582022643
8312862 1 100002 1420582022643
25368027 1 100007 1420582022643
316053072 1 100005 1420582082643
309220197 1 100011 1420582082643
7867072 2 100001 1420582082643
17437735 1 100001 1420582082643
472207757 1 100001 1420582082643
226493139 1 100002 1420582082643
23742474 1 100005 1420582082643
25242416 1 100002 1420582082643
8312862 2 100004 1420582082643
25368027 1 100007 1420582082643
6416622 1 100002 1420582142643
309220197 1 100011 1420582142643
276554601 1 100006 1420582142643
7867072 1 100001 1420582142643
17437735 1 100001 1420582142643
32107066 1 100002 1420582142643
472207757 1 100001 1420582142643
8861752 1 100005 1420582142643
10005212 1 100001 1420582142643
8312862 2 100004 1420582142643
19964088 1 100003 1420582142643
104291835 1 100005 1420582142643
6416622 1 100002 1420582202643
7867072 1 100001 1420582202643
1454742764 1 100005 1420582202643
32107066 1 100002 1420582202643
11178672 1 100003 1420582202643
8861752 1 100005 1420582202643
10005212 1 100001 1420582202643
19934731 1 100002 1420582202643
8312862 2 100004 1420582202643
19964088 1 100003 1420582202643
104291835 1 100005 1420582202643
1618007706 2 100007 1420582262643
193232854 1 100003 1420582262643
140080129 1 100085 1420582262643
20146313 1 100003 1420582262643
11178672 1 100003 1420582262643
19934731 2 100002 1420582262643
8312862 1 100004 1420582262643
25368027 1 100007 1420582262643
24426175 1 100005 1420582262643
104291835 1 100005 1420582262643
309220197 1 100011 1420582322643
1618007706 1 100012 1420582322643
7867072 1 100001 1420582322643
70314632 1 100002 1420582322643
15646547 1 100009 1420582322643
193232854 2 100003 1420582322643
15856366 2 100002 1420582322643
10069612 1 100001 1420582322643
21104725 1 100002 1420582322643
140080129 1 100085 1420582322643
20146313 1 100003 1420582322643
19934731 1 100002 1420582322643
8312862 1 100004 1420582322643
140140890 1 100002 1420582322643
25368027 2 100007 1420582322643
17698956 1 100078 1420582322643
16045956 2 100001 1420582322643
24426175 1 100005 1420582322643
309220197 1 100011 1420582382643
7867072 1 100001 1420582382643
70314632 1 100002 1420582382643
15646547 2 100009 1420582382643
193232854 1 100003 1420582382643
15856366 2 100002 1420582382643
12273252 1 100014 1420582382643
174890917 1 100004 1420582382643
140140890 1 100002 1420582382643
25368027 1 100007 1420582382643
17698956 2 100078 1420582382643
16045956 1 100001 1420582382643
104291835 1 100005 1420582382643
7867072 2 100001 1420582442643
15646547 1 100009 1420582442643
193232854 1 100003 1420582442643
17604456 1 100001 1420582442643
15856366 1 100002 1420582442643
12273252 1 100014 1420582442643
10069612 1 100001 1420582442643
174890917 1 100005 1420582442643
17698956 2 100078 1420582442643
7867072 2 100001 1420582502643
131003396 1 100003 1420582502643
193232854 1 100003 1420582502643
15856366 1 100002 1420582502643
10069612 1 100001 1420582502643
17070252 1 100004 1420582502643
25368027 1 100007 1420582502643
19943507 1 100005 1420582502643
17698956 2 100078 1420582502643
1618007706 1 100012 1420582562643
7867072 1 100001 1420582562643
193232854 1 100003 1420582562643
15856366 1 100002 1420582562643
10069612 1 100001 1420582562643
140080129 1 100085 1420582562643
17070252 1 100004 1420582562643
10005212 1 100001 1420582562643
23742474 1 100005 1420582562643
525187154 1 100001 1420582562643
22948692 1 100012 1420582562643
25368027 2 100007 1420582562643
19943507 1 100005 1420582562643
17698956 1 100078 1420582562643
16045956 1 100001 1420582562643
55252152 1 100010 1420582562643
1581203119 1 100008 1420582622643
193232854 2 100003 1420582622643
15856366 1 100002 1420582622643
12273252 1 100014 1420582622643
226493139 1 100002 1420582622643
140080129 1 100085 1420582622643
512403075 1 100007 1420582622643
186222238 2 100009 1420582622643
8861752 1 100005 1420582622643
10005212 1 100001 1420582622643
23742474 1 100005 1420582622643
22948692 1 100020 1420582622643
25368027 1 100007 1420582622643
16045956 1 100001 1420582622643
55252152 1 100010 1420582622643
1581203119 1 100008 1420582682643
292289403 1 100007 1420582682643
17604456 2 100001 1420582682643
193232854 1 100003 1420582682643
15856366 1 100002 1420582682643
226493139 1 100002 1420582682643
10069612 1 100001 1420582682643
140080129 1 100085 1420582682643
20146313 1 100003 1420582682643
186222238 1 100009 1420582682643
8861752 1 100005 1420582682643
8312862 1 100004 1420582682643
17698956 2 100078 1420582682643
202777395 1 100004 1420582682643
49437246 1 100002 1420582742643
193232854 1 100003 1420582742643
129917609 1 100001 1420582742643
17604456 1 100001 1420582742643
1454742764 1 100005 1420582742643
96184837 1 100003 1420582742643
166715703 1 100002 1420582742643
12273252 1 100014 1420582742643
140080129 1 100085 1420582742643
186222238 1 100009 1420582742643
107024149 1 100002 1420582742643
24206345 2 100003 1420582742643
73417273 1 100008 1420582742643
8312862 1 100004 1420582742643
17698956 2 100078 1420582742643
49437246 1 100002 1420582802643
15646547 1 100009 1420582802643
193232854 1 100003 1420582802643
1454742764 1 100005 1420582802643
96184837 1 100003 1420582802643
12273252 1 100014 1420582802643
140080129 1 100085 1420582802643
152341106 2 100002 1420582802643
24206345 1 100006 1420582802643
73417273 1 100008 1420582802643
19943507 1 100005 1420582802643
17698956 2 100078 1420582802643
16045956 1 100001 1420582802643
14811775 1 100005 1420582862643
15646547 1 100009 1420582862643
15601977 1 100002 1420582862643
193232854 1 100003 1420582862643
96184837 1 100003 1420582862643
21986815 1 100003 1420582862643
140080129 1 100085 1420582862643
186222238 1 100009 1420582862643
152341106 1 100002 1420582862643
8861752 1 100005 1420582862643
373316165 1 100005 1420582862643
17698956 1 100078 1420582862643
16045956 1 100001 1420582862643
1618007706 1 100012 1420582922643
39841830 1 100002 1420582922643
14811775 1 100005 1420582922643
15646547 1 100009 1420582922643
15601977 1 100002 1420582922643
193232854 1 100003 1420582922643
96184837 2 100003 1420582922643
21986815 1 100003 1420582922643
349227445 1 100003 1420582922643
186222238 1 100009 1420582922643
174890917 1 100005 1420582922643
20096207 1 100001 1420582922643
152341106 2 100002 1420582922643
373316165 1 100005 1420582922643
25368027 1 100007 1420582922643
17698956 1 100078 1420582922643
39841830 1 100002 1420582982643
15646547 1 100009 1420582982643
96184837 2 100003 1420582982643
349227445 1 100003 1420582982643
114872969 1 100003 1420582982643
17145499 1 100002 1420582982643
174890917 1 100005 1420582982643
20096207 1 100001 1420582982643
152341106 1 100002 1420582982643
50672288 1 100003 1420582982643
17698956 2 100078 1420582982643
1618007706 1 100012 1420583042643
70314632 1 100002 1420583042643
49437246 1 100002 1420583042643
96184837 2 100003 1420583042643
12273252 2 100014 1420583042643
140080129 1 100085 1420583042643
114872969 1 100002 1420583042643
17145499 1 100002 1420583042643
61733092 1 100001 1420583042643
152341106 1 100002 1420583042643
8861752 1 100005 1420583042643
8923182 1 100001 1420583042643
525187154 1 100001 1420583042643
17698956 1 100078 1420583042643
1618007706 1 100012 1420583102643
70314632 1 100002 1420583102643
49437246 1 100002 1420583102643
162041294 1 100007 1420583102643
96184837 2 100003 1420583102643
12273252 2 100014 1420583102643
472207757 1 100001 1420583102643
140080129 1 100085 1420583102643
11178672 1 100003 1420583102643
61733092 1 100001 1420583102643
152341106 1 100002 1420583102643
17810599 1 100001 1420583102643
8861752 1 100005 1420583102643
525187154 1 100001 1420583102643
8312862 1 100004 1420583102643
17698956 1 100078 1420583102643
202777395 1 100004 1420583102643
811303 1 100003 1420583102643
104291835 1 100005 1420583102643
1618007706 1 100012 1420583162643
7867072 1 100001 1420583162643
49437246 1 100002 1420583162643
17604456 1 100001 1420583162643
96184837 2 100003 1420583162643
12273252 1 100014 1420583162643
472207757 1 100001 1420583162643
140080129 1 100085 1420583162643
11178672 1 100001 1420583162643
61733092 1 100001 1420583162643
152341106 1 100002 1420583162643
17698956 2 100078 1420583162643
811303 2 100003 1420583162643
202777395 1 100004 1420583162643
104291835 1 100005 1420583162643
309220197 1 100011 1420583222643
7867072 1 100001 1420583222643
2200632505 1 100001 1420583222643
49437246 1 100002 1420583222643
17604456 1 100001 1420583222643
96184837 2 100003 1420583222643
140080129 1 100085 1420583222643
186222238 1 100009 1420583222643
107024149 1 100002 1420583222643
17698956 2 100077 1420583222643
811303 2 100003 1420583222643
104291835 1 100005 1420583222643
55252152 2 100010 1420583222643
309220197 1 100011 1420583282643
20745130 1 100003 1420583282643
2200632505 1 100001 1420583282643
49437246 1 100002 1420583282643
96184837 2 100003 1420583282643
186222238 1 100009 1420583282643
107024149 1 100002 1420583282643
183807568 1 100015 1420583282643
525187154 1 100001 1420583282643
21796484 1 100002 1420583282643
17698956 2 100077 1420583282643
16045956 1 100001 1420583282643
811303 2 100003 1420583282643
104291835 1 100005 1420583282643
55252152 1 100010 1420583282643
15907716 1 100002 1420583342643
20745130 1 100003 1420583342643
15601977 1 100002 1420583342643
15920875 1 100003 1420583342643
96184837 2 100003 1420583342643
12273252 1 100014 1420583342643
10069612 1 100001 1420583342643
152341106 1 100002 1420583342643
8861752 1 100005 1420583342643
183807568 1 100015 1420583342643
525187154 2 100001 1420583342643
2703171 1 100003 1420583342643
22948692 1 100020 1420583342643
17698956 2 100077 1420583342643
16045956 1 100001 1420583342643
19964088 1 100003 1420583342643
811303 1 100003 1420583342643
20745130 1 100003 1420583402643
15484266 1 100001 1420583402643
49437246 2 100002 1420583402643
131003396 1 100003 1420583402643
15601977 2 100002 1420583402643
193232854 1 100003 1420583402643
15920875 1 100003 1420583402643
96184837 2 100003 1420583402643
15856366 1 100003 1420583402643
12273252 1 100014 1420583402643
472207757 1 100001 1420583402643
10069612 1 100001 1420583402643
140080129 1 100114 1420583402643
152341106 2 100002 1420583402643
25242416 1 100002 1420583402643
525187154 2 100001 1420583402643
17698956 1 100077 1420583402643
16045956 1 100001 1420583402643
811303 2 100003 1420583402643
19964088 1 100003 1420583402643
35947725 1 100004 1420583462643
1618007706 1 100012 1420583462643
20745130 1 100003 1420583462643
15484266 2 100001 1420583462643
49437246 1 100003 1420583462643
15601977 1 100002 1420583462643
96184837 2 100003 1420583462643
12273252 1 100014 1420583462643
472207757 1 100001 1420583462643
10069612 2 100001 1420583462643
152341106 1 100002 1420583462643
92791146 1 100001 1420583462643
25242416 1 100002 1420583462643
525187154 2 100001 1420583462643
22948692 1 100020 1420583462643
16045956 1 100001 1420583462643
811303 2 100003 1420583462643
104291835 1 100005 1420583462643
