29788830 1 100003 1420574522643
73417273 1 100004 1420574522643
11178672 1 100003 1420574522643
384479689 1 100006 1420574522643
21986815 1 100001 1420574522643
20096207 1 100008 1420574522643
21862217 1 100001 1420574582643
29788830 1 100003 1420574582643
73417273 1 100004 1420574582643
11178672 1 100003 1420574582643
107654081 1 100006 1420574582643
92791146 1 100002 1420574582643
21986815 1 100001 1420574582643
33491215 1 100001 1420574582643
20096207 1 100008 1420574582643
21862217 1 100002 1420574642643
976147104 1 100002 1420574642643
73417273 2 100004 1420574642643
107654081 1 100006 1420574642643
92791146 1 100002 1420574642643
24705687 1 100005 1420574642643
17698956 1 100011 1420574702643
21862217 1 100002 1420574702643
23779501 1 100001 1420574702643
976147104 2 100002 1420574702643
73417273 2 100004 1420574702643
11178672 1 100003 1420574702643
384479689 2 100006 1420574702643
92791146 1 100002 1420574702643
24705687 1 100005 1420574702643
17698956 2 100011 1420574762643
38702668 1 100001 1420574762643
23779501 1 100001 1420574762643
976147104 1 100002 1420574762643
73417273 2 100004 1420574762643
11178672 2 100003 1420574762643
128044351 1 100002 1420574762643
36440780 1 100001 1420574762643
384479689 2 100006 1420574762643
92791146 1 100002 1420574762643
33491215 1 100001 1420574762643
17698956 1 100011 1420574822643
38702668 2 100001 1420574822643
19200736 1 100001 1420574822643
325220198 1 100003 1420574822643
49437246 1 100002 1420574822643
73417273 2 100004 1420574822643
11178672 2 100003 1420574822643
384479689 2 100006 1420574822643
33491215 1 100001 1420574822643
38702668 1 100001 1420574882643
325220198 1 100003 1420574882643
21796484 1 100001 1420574882643
976147104 1 100002 1420574882643
73417273 1 100004 1420574882643
11178672 2 100003 1420574882643
384479689 2 100006 1420574882643
818340 1 100003 1420574882643
38702668 1 100001 1420574942643
21796484 1 100001 1420574942643
976147104 2 100002 1420574942643
73417273 2 100004 1420574942643
11178672 1 100003 1420574942643
384479689 1 100006 1420574942643
818340 1 100003 1420574942643
49437246 1 100002 1420575002643
976147104 1 100002 1420575002643
15601977 1 100002 1420575002643
73417273 2 100004 1420575002643
15856366 1 100001 1420575002643
384479689 2 100006 1420575002643
24705687 1 100005 1420575002643
15601977 1 100002 1420575062643
73417273 1 100004 1420575062643
15856366 1 100001 1420575062643
384479689 2 100006 1420575062643
24705687 1 100005 1420575062643
76162725 1 100001 1420575062643
21986815 1 100001 1420575062643
19934731 1 100001 1420575062643
15601977 1 100002 1420575122643
11178672 2 100003 1420575122643
15856366 1 100001 1420575122643
384479689 2 100006 1420575122643
76162725 1 100001 1420575122643
19934731 1 100001 1420575122643
19200736 1 100001 1420575182643
15601977 1 100002 1420575182643
11178672 1 100003 1420575182643
15856366 1 100001 1420575182643
384479689 2 100006 1420575182643
16045956 1 100004 1420575182643
19200736 1 100003 1420575242643
384479689 1 100006 1420575242643
16045956 1 100004 1420575242643
21986815 1 100001 1420575242643
19934731 1 100001 1420575242643
73417273 1 100003 1420575302643
11178672 1 100003 1420575302643
384479689 2 100006 1420575302643
21986815 1 100001 1420575302643
19934731 1 100002 1420575302643
19964088 1 100001 1420575362643
20660146 1 100003 1420575362643
15601977 1 100002 1420575362643
73417273 2 100003 1420575362643
11178672 1 100003 1420575362643
384479689 1 100006 1420575362643
76162725 1 100001 1420575362643
21986815 1 100001 1420575362643
19964088 1 100001 1420575422643
20660146 1 100003 1420575422643
15601977 1 100002 1420575422643
73417273 1 100003 1420575422643
11178672 1 100003 1420575422643
17810599 1 100001 1420575422643
76162725 1 100001 1420575422643
19964088 1 100001 1420575482643
276554601 1 100001 1420575482643
11178672 1 100003 1420575482643
46697447 1 100003 1420575482643
21986815 1 100001 1420575482643
384479689 1 100006 1420575542643
19200736 1 100003 1420575542643
19964088 1 100001 1420575542643
21986815 1 100002 1420575542643
15601977 1 100002 1420575542643
73417273 1 100003 1420575542643
73417273 2 100003 1420575602643
384479689 1 100006 1420575602643
17698956 1 100048 1420575662643
73417273 2 100003 1420575662643
11178672 1 100003 1420575662643
384479689 1 100006 1420575662643
555359654 1 100002 1420575662643
17698956 1 100048 1420575722643
976147104 1 100002 1420575722643
21044502 2 100001 1420575722643
15601977 1 100002 1420575722643
73417273 2 100003 1420575722643
11178672 1 100003 1420575722643
384479689 1 100006 1420575722643
555359654 1 100002 1420575722643
17698956 1 100048 1420575782643
15484266 1 100001 1420575782643
21796484 1 100001 1420575782643
15787325 1 100005 1420575782643
976147104 1 100002 1420575782643
21044502 1 100001 1420575782643
15601977 1 100002 1420575782643
21104725 1 100002 1420575782643
73417273 2 100003 1420575782643
11178672 2 100003 1420575782643
384479689 1 100006 1420575782643
15484266 1 100001 1420575842643
21104725 1 100002 1420575842643
15601977 2 100002 1420575842643
73417273 1 100003 1420575842643
11178672 1 100003 1420575842643
384479689 2 100006 1420575842643
92791146 1 100002 1420575842643
17698956 1 100048 1420575902643
276554601 1 100001 1420575902643
15601977 1 100002 1420575902643
11178672 1 100003 1420575902643
384479689 1 100006 1420575902643
21986815 2 100002 1420575902643
17698956 1 100048 1420575962643
818340 1 100003 1420575962643
21986815 1 100002 1420575962643
15601977 1 100002 1420575962643
73417273 1 100003 1420575962643
11178672 2 100003 1420575962643
8312862 1 100003 1420576022643
17698956 2 100048 1420576022643
384479689 1 100006 1420576022643
21796484 1 100006 1420576022643
818340 1 100003 1420576022643
118292510 2 100002 1420576022643
15601977 2 100002 1420576022643
11178672 1 100003 1420576022643
567341777 1 100001 1420576082643
17698956 1 100048 1420576082643
118292510 2 100002 1420576082643
15601977 2 100002 1420576082643
387220815 1 100001 1420576082643
214214616 1 100003 1420576082643
384479689 1 100006 1420576082643
17810599 1 100001 1420576082643
17698956 2 100048 1420576142643
19200736 1 100003 1420576142643
276554601 1 100001 1420576142643
118292510 1 100002 1420576142643
15601977 1 100002 1420576142643
387220815 1 100001 1420576142643
36440780 1 100001 1420576142643
384479689 1 100006 1420576142643
17810599 1 100001 1420576142643
17698956 2 100048 1420576202643
19200736 1 100003 1420576202643
824157 1 100001 1420576202643
276554601 1 100001 1420576202643
15601977 2 100002 1420576202643
36440780 1 100001 1420576202643
384479689 1 100006 1420576202643
123576946 1 100001 1420576202643
17698956 1 100048 1420576262643
19200736 1 100003 1420576262643
114872969 1 100002 1420576262643
15601977 2 100002 1420576262643
15856366 2 100001 1420576262643
8312862 1 100003 1420576262643
384479689 2 100006 1420576262643
818340 1 100003 1420576262643
15907716 1 100001 1420576262643
20096207 1 100008 1420576262643
17698956 1 100048 1420576322643
19200736 1 100003 1420576322643
15601977 1 100002 1420576322643
15856366 1 100001 1420576322643
384479689 1 100006 1420576322643
818340 1 100001 1420576322643
17810599 1 100001 1420576322643
20096207 1 100008 1420576322643
17698956 2 100048 1420576382643
38702668 1 100009 1420576382643
118292510 1 100002 1420576382643
2200632505 1 100001 1420576382643
8312862 1 100003 1420576382643
384479689 1 100006 1420576382643
17810599 1 100001 1420576382643
17698956 1 100048 1420576442643
118292510 1 100002 1420576442643
2200632505 1 100001 1420576442643
73417273 1 100003 1420576442643
384479689 1 100006 1420576442643
15646547 1 100007 1420576442643
17698956 2 100048 1420576502643
118292510 1 100002 1420576502643
384479689 1 100006 1420576502643
818340 1 100001 1420576502643
17698956 2 100048 1420576562643
824157 2 100001 1420576562643
118292510 1 100002 1420576562643
15601977 1 100002 1420576562643
12273252 1 100002 1420576562643
384479689 1 100006 1420576562643
818340 2 100001 1420576562643
20096207 1 100008 1420576562643
17698956 1 100048 1420576622643
19200736 1 100003 1420576622643
824157 1 100001 1420576622643
15601977 1 100002 1420576622643
21104725 1 100002 1420576622643
12273252 1 100002 1420576622643
384479689 1 100006 1420576622643
818340 1 100001 1420576622643
20096207 1 100008 1420576622643
19200736 2 100003 1420576682643
12273252 1 100002 1420576682643
384479689 1 100006 1420576682643
46697447 1 100003 1420576682643
24705687 1 100003 1420576682643
16045956 1 100004 1420576682643
17698956 2 100048 1420576742643
19200736 1 100003 1420576742643
12273252 1 100002 1420576742643
384479689 1 100006 1420576742643
818340 2 100001 1420576742643
46697447 1 100003 1420576742643
24705687 1 100003 1420576742643
16045956 1 100004 1420576742643
15907716 1 100001 1420576742643
17698956 2 100048 1420576802643
61733092 1 100002 1420576802643
824157 1 100001 1420576802643
12273252 1 100002 1420576802643
384479689 2 100005 1420576802643
818340 1 100001 1420576802643
20096207 1 100008 1420576802643
17698956 1 100048 1420576862643
49437246 1 100002 1420576862643
824157 1 100001 1420576862643
73417273 1 100003 1420576862643
12273252 2 100002 1420576862643
36440780 1 100002 1420576862643
384479689 1 100005 1420576862643
17810599 2 100001 1420576862643
811303 1 100001 1420576862643
92791146 1 100004 1420576862643
15907716 1 100001 1420576862643
20096207 1 100008 1420576862643
49437246 2 100003 1420576922643
15601977 1 100002 1420576922643
166715703 1 100002 1420576922643
12273252 1 100002 1420576922643
36440780 1 100002 1420576922643
17810599 1 100001 1420576922643
92791146 1 100004 1420576922643
89316412 1 100001 1420576922643
15907716 1 100001 1420576922643
17698956 1 100066 1420576982643
49437246 2 100003 1420576982643
824157 1 100001 1420576982643
384479689 1 100005 1420576982643
17698956 1 100066 1420577042643
316053072 1 100001 1420577042643
49437246 1 100003 1420577042643
12273252 1 100002 1420577042643
123576946 1 100001 1420577042643
316053072 1 100001 1420577102643
276554601 1 100001 1420577102643
21104725 1 100002 1420577102643
25368027 1 100003 1420577102643
73417273 1 100003 1420577102643
20263526 1 100001 1420577162643
15601977 1 100002 1420577162643
25368027 2 100003 1420577162643
73417273 1 100003 1420577162643
17698956 1 100066 1420577222643
20263526 1 100001 1420577222643
25368027 2 100003 1420577222643
73417273 1 100003 1420577222643
24705687 1 100003 1420577222643
19934731 1 100002 1420577222643
17698956 1 100066 1420577282643
824157 1 100003 1420577282643
25368027 2 100003 1420577282643
24705687 1 100003 1420577282643
19934731 1 100002 1420577282643
25368027 1 100003 1420577342643
214214616 1 100002 1420577342643
373316165 1 100001 1420577402643
25368027 1 100003 1420577402643
73417273 1 100003 1420577402643
12273252 2 100002 1420577402643
384479689 1 100005 1420577402643
373316165 1 100001 1420577462643
49437246 1 100003 1420577462643
25368027 1 100003 1420577462643
73417273 1 100003 1420577462643
12273252 2 100002 1420577462643
34541677 1 100003 1420577462643
384479689 1 100005 1420577462643
19934731 1 100002 1420577462643
17698956 1 100066 1420577522643
49437246 1 100003 1420577522643
824157 2 100003 1420577522643
25368027 2 100003 1420577522643
19934731 1 100002 1420577522643
12273252 1 100002 1420577522643
186222238 1 100001 1420577582643
824157 1 100003 1420577582643
25368027 2 100003 1420577582643
811303 1 100001 1420577582643
4282171 1 100002 1420577582643
19934731 1 100002 1420577582643
824157 1 100003 1420577642643
21104725 1 100004 1420577642643
25368027 2 100003 1420577642643
73417273 1 100003 1420577642643
92791146 1 100004 1420577642643
92791146 1 100004 1420577702643
824157 2 100003 1420577702643
21104725 1 100004 1420577702643
25368027 1 100003 1420577702643
73417273 2 100003 1420577702643
19287097 1 100002 1420577702643
15856366 1 100003 1420577702643
824157 1 100003 1420577762643
73417273 1 100003 1420577762643
15856366 1 100003 1420577762643
19287097 1 100002 1420577762643
12273252 1 100003 1420577762643
8312862 1 100004 1420577762643
19200736 1 100003 1420577822643
824157 2 100003 1420577822643
21104725 1 100004 1420577822643
25368027 1 100003 1420577822643
12273252 1 100003 1420577822643
8312862 2 100004 1420577822643
384479689 1 100005 1420577822643
44448194 1 100001 1420577822643
92791146 1 100004 1420577822643
16045956 1 100004 1420577822643
19200736 1 100003 1420577882643
89787221 1 100003 1420577882643
824157 1 100003 1420577882643
25368027 1 100003 1420577882643
73417273 1 100003 1420577882643
8312862 2 100004 1420577882643
384479689 2 100005 1420577882643
811303 1 100001 1420577882643
92791146 2 100004 1420577882643
16045956 1 100003 1420577882643
17698956 1 100066 1420577942643
89787221 1 100003 1420577942643
824157 1 100003 1420577942643
20263526 1 100001 1420577942643
73417273 2 100003 1420577942643
8312862 1 100004 1420577942643
384479689 2 100005 1420577942643
18703477 1 100001 1420577942643
92791146 2 100004 1420577942643
16045956 1 100003 1420577942643
20096207 1 100004 1420577942643
17698956 1 100066 1420578002643
316053072 1 100001 1420578002643
824157 1 100003 1420578002643
20263526 1 100001 1420578002643
73417273 1 100003 1420578002643
12273252 2 100003 1420578002643
15856366 1 100003 1420578002643
384479689 1 100003 1420578002643
18703477 1 100001 1420578002643
92791146 1 100004 1420578002643
89316412 1 100001 1420578002643
16045956 2 100003 1420578002643
20096207 1 100004 1420578002643
89787221 1 100003 1420578062643
1581203119 1 100002 1420578062643
824157 2 100003 1420578062643
73417273 1 100003 1420578062643
15856366 1 100003 1420578062643
12273252 1 100003 1420578062643
34541677 1 100003 1420578062643
384479689 2 100003 1420578062643
24705687 1 100003 1420578062643
16045956 2 100003 1420578062643
10069612 1 100003 1420578062643
21796484 1 100006 1420578122643
89787221 1 100003 1420578122643
1581203119 1 100002 1420578122643
824157 2 100003 1420578122643
276554601 1 100009 1420578122643
20745130 1 100001 1420578122643
73417273 2 100003 1420578122643
34541677 2 100003 1420578122643
384479689 2 100003 1420578122643
18703477 1 100001 1420578122643
16045956 2 100003 1420578122643
10069612 1 100003 1420578122643
19934731 2 100002 1420578122643
21796484 1 100005 1420578182643
824157 1 100003 1420578182643
276554601 2 100009 1420578182643
73417273 2 100003 1420578182643
19287097 1 100002 1420578182643
12273252 1 100003 1420578182643
34541677 1 100003 1420578182643
384479689 1 100003 1420578182643
92791146 2 100004 1420578182643
16045956 2 100003 1420578182643
10069612 2 100003 1420578182643
19934731 1 100002 1420578182643
567341777 1 100001 1420578242643
15484266 1 100001 1420578242643
276554601 1 100009 1420578242643
73417273 1 100003 1420578242643
19287097 1 100002 1420578242643
12273252 1 100003 1420578242643
34541677 1 100003 1420578242643
92791146 1 100004 1420578242643
16045956 2 100003 1420578242643
10069612 2 100003 1420578242643
79292033 1 100002 1420578242643
567341777 1 100001 1420578302643
15484266 1 100001 1420578302643
73417273 2 100003 1420578302643
34541677 1 100003 1420578302643
384479689 1 100003 1420578302643
76162725 1 100001 1420578302643
16045956 2 100003 1420578302643
10069612 1 100003 1420578302643
79292033 1 100002 1420578302643
89787221 1 100003 1420578362643
20745130 1 100001 1420578362643
25368027 1 100003 1420578362643
73417273 1 100003 1420578362643
11178672 1 100002 1420578362643
8312862 1 100004 1420578362643
384479689 2 100003 1420578362643
76162725 1 100001 1420578362643
16045956 1 100003 1420578362643
15646547 1 100010 1420578362643
89787221 1 100003 1420578422643
20745130 1 100001 1420578422643
25368027 1 100003 1420578422643
11178672 1 100002 1420578422643
12273252 1 100003 1420578422643
384479689 1 100003 1420578422643
16045956 2 100003 1420578422643
15646547 1 100010 1420578422643
567341777 1 100001 1420578482643
131003396 1 100002 1420578482643
89787221 1 100003 1420578482643
73417273 1 100003 1420578482643
12273252 1 100003 1420578482643
89316412 1 100001 1420578482643
16045956 1 100003 1420578482643
41119424 1 100003 1420578482643
567341777 2 100001 1420578542643
19200736 1 100004 1420578542643
131003396 1 100002 1420578542643
74578857 1 100001 1420578542643
12273252 1 100003 1420578542643
34541677 1 100003 1420578542643
92791146 2 100004 1420578542643
89316412 2 100001 1420578542643
16045956 1 100003 1420578542643
567341777 1 100001 1420578602643
1006922053 1 100002 1420578602643
19200736 1 100004 1420578602643
316053072 1 100001 1420578602643
16621805 1 100004 1420578602643
12273252 1 100003 1420578602643
384479689 1 100003 1420578602643
92791146 2 100005 1420578602643
89316412 2 100001 1420578602643
16045956 1 100003 1420578602643
19934731 1 100002 1420578602643
1006922053 1 100002 1420578662643
316053072 1 100002 1420578662643
89787221 1 100003 1420578662643
16621805 1 100004 1420578662643
73417273 2 100003 1420578662643
92791146 1 100005 1420578662643
89316412 1 100001 1420578662643
16045956 2 100003 1420578662643
567341777 1 100001 1420578722643
19200736 1 100004 1420578722643
89787221 1 100003 1420578722643
25368027 1 100003 1420578722643
73417273 1 100003 1420578722643
12273252 1 100003 1420578722643
22192440 1 100001 1420578722643
92791146 1 100005 1420578722643
16045956 1 100003 1420578722643
28516164 1 100001 1420578722643
567341777 2 100001 1420578782643
19200736 1 100004 1420578782643
22192440 1 100001 1420578782643
28516164 1 100001 1420578782643
567341777 1 100001 1420578842643
22192440 2 100001 1420578842643
92791146 1 100005 1420578842643
824157 1 100003 1420578842643
25368027 1 100003 1420578842643
15856366 1 100003 1420578842643
567341777 1 100001 1420578902643
19200736 1 100004 1420578902643
824157 1 100003 1420578902643
15856366 1 100003 1420578902643
12273252 1 100006 1420578902643
22192440 1 100001 1420578902643
92791146 1 100005 1420578902643
251369428 1 100002 1420578902643
567341777 1 100001 1420578962643
34541677 1 100003 1420578962643
384479689 1 100003 1420578962643
19200736 1 100004 1420578962643
41644754 1 100003 1420578962643
92791146 1 100005 1420578962643
16045956 1 100003 1420578962643
10069612 1 100003 1420578962643
73417273 1 100003 1420578962643
12273252 2 100006 1420578962643
15856366 2 100003 1420578962643
25368027 1 100003 1420579022643
73417273 1 100003 1420579022643
12273252 1 100006 1420579022643
15856366 1 100003 1420579022643
384479689 1 100003 1420579022643
818340 1 100001 1420579022643
92791146 1 100005 1420579022643
8861752 1 100005 1420579022643
824157 1 100003 1420579082643
25368027 1 100003 1420579082643
15856366 1 100003 1420579082643
8312862 1 100004 1420579082643
34541677 1 100003 1420579082643
384479689 1 100003 1420579082643
818340 1 100001 1420579082643
384940104 2 100004 1420579082643
567341777 1 100001 1420579142643
373316165 1 100003 1420579142643
824157 2 100003 1420579142643
15856366 1 100003 1420579142643
34541677 1 100003 1420579142643
41644754 1 100003 1420579142643
16045956 1 100003 1420579142643
384940104 1 100004 1420579142643
4282171 1 100002 1420579142643
8861752 1 100005 1420579142643
373316165 1 100003 1420579202643
824157 1 100003 1420579202643
491638416 1 100001 1420579202643
15856366 2 100003 1420579202643
384479689 1 100003 1420579202643
41644754 1 100003 1420579202643
16045956 1 100003 1420579202643
384940104 1 100004 1420579202643
4282171 1 100002 1420579202643
8861752 1 100005 1420579202643
89787221 2 100003 1420579262643
824157 1 100003 1420579262643
166715703 1 100003 1420579262643
491638416 1 100001 1420579262643
15856366 1 100003 1420579262643
12273252 1 100006 1420579262643
34541677 1 100003 1420579262643
384479689 2 100003 1420579262643
41644754 2 100003 1420579262643
16045956 1 100003 1420579262643
1364403168 1 100001 1420579262643
4282171 1 100002 1420579262643
8861752 1 100005 1420579262643
17698956 1 100079 1420579322643
89787221 2 100003 1420579322643
824157 1 100003 1420579322643
12273252 1 100006 1420579322643
34541677 1 100003 1420579322643
384479689 1 100003 1420579322643
41644754 1 100003 1420579322643
251369428 1 100002 1420579322643
1364403168 2 100001 1420579322643
10069612 1 100003 1420579322643
4282171 2 100002 1420579322643
15646547 1 100010 1420579322643
8861752 1 100005 1420579322643
1006922053 1 100002 1420579382643
567341777 1 100001 1420579382643
17698956 1 100079 1420579382643
49437246 1 100002 1420579382643
89787221 2 100003 1420579382643
8312862 1 100002 1420579382643
41644754 1 100003 1420579382643
251369428 1 100002 1420579382643
1364403168 1 100001 1420579382643
10069612 1 100003 1420579382643
4282171 1 100002 1420579382643
20146313 1 100002 1420579382643
15646547 1 100010 1420579382643
186222238 1 100001 1420579442643
89787221 2 100003 1420579442643
25368027 1 100003 1420579442643
12273252 1 100006 1420579442643
8312862 1 100002 1420579442643
34541677 1 100003 1420579442643
41644754 1 100003 1420579442643
10069612 2 100003 1420579442643
384940104 1 100004 1420579442643
20146313 1 100002 1420579442643
8861752 1 100005 1420579442643
186222238 1 100005 1420579502643
89787221 2 100003 1420579502643
129917609 1 100001 1420579502643
25368027 1 100003 1420579502643
12273252 2 100006 1420579502643
15856366 1 100003 1420579502643
89316412 1 100001 1420579502643
10069612 1 100003 1420579502643
8861752 2 100005 1420579502643
325220198 2 100001 1420579562643
89787221 2 100003 1420579562643
129917609 1 100001 1420579562643
12273252 2 100006 1420579562643
34541677 1 100003 1420579562643
384479689 1 100002 1420579562643
10069612 1 100003 1420579562643
8861752 1 100005 1420579562643
567341777 1 100001 1420579622643
325220198 1 100001 1420579622643
89787221 1 100003 1420579622643
12273252 2 100006 1420579622643
34541677 2 100003 1420579622643
384479689 1 100002 1420579622643
349227445 1 100001 1420579622643
251369428 1 100002 1420579622643
10069612 1 100004 1420579622643
8861752 1 100005 1420579622643
186222238 1 100005 1420579682643
18685577 1 100001 1420579682643
12273252 1 100006 1420579682643
34541677 2 100003 1420579682643
22192440 1 100001 1420579682643
251369428 1 100002 1420579682643
16045956 1 100002 1420579682643
25242416 1 100001 1420579682643
10069612 1 100004 1420579682643
8861752 2 100005 1420579682643
186222238 1 100005 1420579742643
89787221 2 100003 1420579742643
16621805 1 100004 1420579742643
1581203119 1 100002 1420579742643
824157 1 100003 1420579742643
18685577 1 100001 1420579742643
34541677 1 100003 1420579742643
384479689 1 100002 1420579742643
17810599 1 100001 1420579742643
22192440 1 100001 1420579742643
46697447 1 100003 1420579742643
16045956 1 100002 1420579742643
25242416 1 100001 1420579742643
10069612 1 100004 1420579742643
4282171 2 100002 1420579742643
8861752 2 100005 1420579742643
186222238 1 100005 1420579802643
89787221 1 100003 1420579802643
1581203119 1 100002 1420579802643
118292510 1 100001 1420579802643
36440780 1 100002 1420579802643
34541677 1 100003 1420579802643
384479689 2 100002 1420579802643
46697447 1 100003 1420579802643
10069612 1 100004 1420579802643
15907716 1 100001 1420579802643
4282171 1 100002 1420579802643
8861752 2 100005 1420579802643
186222238 2 100005 1420579862643
89787221 1 100003 1420579862643
1581203119 1 100002 1420579862643
12273252 1 100006 1420579862643
36440780 1 100002 1420579862643
15836048 1 100004 1420579862643
384479689 2 100002 1420579862643
349227445 1 100001 1420579862643
16045956 1 100002 1420579862643
1364403168 1 100001 1420579862643
10069612 1 100004 1420579862643
15646547 1 100010 1420579862643
8861752 2 100005 1420579862643
186222238 2 100005 1420579922643
89787221 1 100003 1420579922643
1581203119 2 100002 1420579922643
15856366 1 100003 1420579922643
36440780 1 100002 1420579922643
34541677 1 100003 1420579922643
384479689 1 100002 1420579922643
349227445 1 100001 1420579922643
14745100 1 100002 1420579922643
123576946 1 100001 1420579922643
16045956 2 100002 1420579922643
21986815 1 100002 1420579922643
1364403168 1 100001 1420579922643
15646547 1 100010 1420579922643
8861752 1 100005 1420579922643
186222238 2 100005 1420579982643
976147104 1 100003 1420579982643
89787221 1 100003 1420579982643
1581203119 1 100002 1420579982643
15856366 1 100003 1420579982643
34541677 1 100003 1420579982643
384479689 1 100002 1420579982643
123576946 1 100001 1420579982643
21986815 1 100002 1420579982643
16045956 2 100002 1420579982643
10069612 2 100004 1420579982643
186222238 2 100005 1420580042643
976147104 1 100003 1420580042643
89787221 1 100003 1420580042643
824157 1 100003 1420580042643
12273252 2 100006 1420580042643
384479689 2 100002 1420580042643
17810599 1 100001 1420580042643
22192440 1 100001 1420580042643
16045956 1 100002 1420580042643
10069612 1 100004 1420580042643
24206345 1 100001 1420580042643
8861752 1 100005 1420580042643
186222238 1 100005 1420580102643
89787221 1 100003 1420580102643
824157 2 100003 1420580102643
193232854 1 100001 1420580102643
118292510 1 100001 1420580102643
12273252 1 100006 1420580102643
15856366 1 100003 1420580102643
384479689 1 100002 1420580102643
17810599 1 100001 1420580102643
22192440 1 100001 1420580102643
18964685 1 100001 1420580102643
92791146 1 100005 1420580102643
16045956 1 100002 1420580102643
24206345 1 100001 1420580102643
79292033 1 100002 1420580102643
8861752 2 100005 1420580102643
89787221 1 100003 1420580162643
824157 2 100003 1420580162643
74578857 1 100002 1420580162643
34541677 1 100003 1420580162643
384479689 1 100002 1420580162643
18964685 1 100001 1420580162643
92791146 1 100004 1420580162643
16045956 1 100002 1420580162643
10069612 1 100004 1420580162643
4282171 1 100002 1420580162643
20096207 1 100004 1420580162643
8861752 2 100005 1420580162643
89787221 1 100003 1420580222643
824157 1 100003 1420580222643
276554601 1 100012 1420580222643
20745130 2 100001 1420580222643
74578857 1 100002 1420580222643
19287097 1 100001 1420580222643
15856366 1 100003 1420580222643
34541677 1 100003 1420580222643
384479689 2 100002 1420580222643
22192440 1 100001 1420580222643
92791146 1 100004 1420580222643
4282171 1 100002 1420580222643
8861752 1 100005 1420580222643
109013694 1 100002 1420580282643
10005212 1 100001 1420580282643
824157 1 100001 1420580282643
276554601 1 100012 1420580282643
20745130 1 100001 1420580282643
15856366 1 100003 1420580282643
34541677 1 100003 1420580282643
384479689 1 100002 1420580282643
17810599 1 100001 1420580282643
22192440 1 100001 1420580282643
8861752 1 100005 1420580282643
109013694 1 100002 1420580342643
10005212 2 100001 1420580342643
119538278 1 100001 1420580342643
89787221 1 100003 1420580342643
824157 1 100001 1420580342643
8312862 1 100002 1420580342643
384479689 1 100002 1420580342643
17896885 1 100002 1420580342643
17810599 1 100001 1420580342643
40329236 1 100001 1420580342643
384940104 1 100004 1420580342643
567341777 1 100001 1420580402643
10005212 1 100001 1420580402643
21796484 1 100005 1420580402643
61733092 1 100002 1420580402643
89787221 2 100003 1420580402643
1581203119 1 100002 1420580402643
824157 1 100001 1420580402643
20745130 1 100001 1420580402643
15601977 1 100001 1420580402643
25368027 1 100003 1420580402643
8312862 1 100002 1420580402643
34541677 1 100003 1420580402643
17896885 1 100002 1420580402643
152341106 1 100003 1420580402643
384940104 1 100004 1420580402643
567341777 1 100001 1420580462643
21796484 1 100005 1420580462643
61733092 1 100002 1420580462643
89787221 1 100003 1420580462643
1581203119 1 100002 1420580462643
824157 1 100001 1420580462643
114872969 1 100003 1420580462643
20745130 1 100001 1420580462643
15601977 1 100001 1420580462643
25368027 2 100003 1420580462643
34541677 2 100003 1420580462643
60863619 1 100004 1420580462643
22192440 1 100001 1420580462643
92791146 1 100004 1420580462643
824157 1 100001 1420580522643
25368027 1 100006 1420580522643
12273252 1 100006 1420580522643
34541677 1 100003 1420580522643
60863619 1 100004 1420580522643
22192440 1 100001 1420580522643
92791146 1 100004 1420580522643
10005212 2 100001 1420580582643
89787221 1 100003 1420580582643
824157 1 100001 1420580582643
15601977 2 100001 1420580582643
12273252 1 100009 1420580582643
384479689 1 100002 1420580582643
16045956 1 100002 1420580582643
10069612 1 100004 1420580582643
19934731 1 100004 1420580582643
10005212 1 100001 1420580642643
15601977 1 100001 1420580642643
12273252 1 100009 1420580642643
384479689 1 100002 1420580642643
19943507 1 100007 1420580642643
17810599 1 100001 1420580642643
92791146 1 100004 1420580642643
16045956 1 100002 1420580642643
10069612 1 100006 1420580642643
24206345 1 100001 1420580642643
19934731 1 100004 1420580642643
20745130 1 100001 1420580702643
21104725 1 100004 1420580702643
12273252 1 100009 1420580702643
15856366 1 100003 1420580702643
19943507 1 100007 1420580702643
92791146 1 100004 1420580702643
10069612 1 100006 1420580702643
4282171 1 100002 1420580702643
309220197 1 100009 1420580762643
24426175 1 100002 1420580762643
824157 1 100001 1420580762643
20745130 1 100001 1420580762643
17810599 1 100001 1420580762643
22192440 1 100001 1420580762643
10069612 1 100006 1420580762643
4282171 2 100002 1420580762643
24426175 1 100002 1420580822643
74578857 1 100002 1420580822643
15920875 1 100001 1420580822643
14811775 1 100002 1420580822643
12273252 1 100009 1420580822643
34541677 1 100004 1420580822643
19943507 1 100007 1420580822643
4282171 1 100002 1420580822643
19934731 1 100004 1420580822643
19200736 1 100005 1420580882643
89787221 1 100003 1420580882643
824157 1 100001 1420580882643
15920875 1 100001 1420580882643
14811775 1 100002 1420580882643
12273252 2 100009 1420580882643
34541677 1 100004 1420580882643
19943507 1 100007 1420580882643
17604456 1 100004 1420580882643
1618007706 1 100001 1420580882643
92791146 1 100004 1420580882643
19200736 1 100005 1420580942643
89787221 1 100003 1420580942643
824157 1 100001 1420580942643
20745130 1 100001 1420580942643
14811775 1 100002 1420580942643
12273252 1 100009 1420580942643
8312862 1 100002 1420580942643
36440780 1 100002 1420580942643
384479689 1 100002 1420580942643
19943507 1 100007 1420580942643
17604456 1 100004 1420580942643
92791146 1 100004 1420580942643
10069612 1 100006 1420580942643
19934731 1 100004 1420580942643
8861752 1 100004 1420580942643
206276555 1 100002 1420581002643
89787221 1 100003 1420581002643
20745130 1 100001 1420581002643
14811775 1 100002 1420581002643
15856366 1 100003 1420581002643
12273252 2 100009 1420581002643
34541677 1 100004 1420581002643
19943507 1 100007 1420581002643
35947725 1 100002 1420581002643
92791146 1 100004 1420581002643
10069612 1 100006 1420581002643
19934731 2 100004 1420581002643
8861752 2 100004 1420581002643
206276555 1 100002 1420581062643
10005212 1 100001 1420581062643
309220197 1 100009 1420581062643
824157 1 100001 1420581062643
214214616 1 100002 1420581062643
12273252 1 100009 1420581062643
34541677 2 100004 1420581062643
19943507 1 100007 1420581062643
384479689 1 100002 1420581062643
152341106 1 100003 1420581062643
35947725 1 100002 1420581062643
92791146 1 100005 1420581062643
19934731 2 100004 1420581062643
8861752 1 100004 1420581062643
186222238 1 100007 1420581122643
20745130 1 100002 1420581122643
25368027 1 100006 1420581122643
12273252 1 100009 1420581122643
34541677 1 100004 1420581122643
19943507 1 100007 1420581122643
384479689 1 100002 1420581122643
152341106 1 100003 1420581122643
1618007706 1 100001 1420581122643
92791146 1 100005 1420581122643
19934731 1 100004 1420581122643
15646547 1 100010 1420581122643
17698956 1 100079 1420581182643
19200736 1 100005 1420581182643
186222238 1 100007 1420581182643
276554601 1 100012 1420581182643
20745130 1 100002 1420581182643
21104725 1 100004 1420581182643
11178672 1 100003 1420581182643
12273252 1 100009 1420581182643
1618007706 1 100001 1420581182643
92791146 1 100005 1420581182643
89316412 1 100003 1420581182643
19934731 1 100004 1420581182643
15646547 1 100010 1420581182643
96184837 1 100002 1420581182643
17698956 1 100091 1420581242643
19200736 1 100005 1420581242643
276554601 1 100016 1420581242643
21104725 1 100004 1420581242643
25368027 1 100006 1420581242643
25870048 1 100001 1420581242643
92791146 2 100005 1420581242643
89316412 2 100003 1420581242643
40329236 1 100001 1420581242643
19934731 1 100004 1420581242643
114872969 1 100003 1420581302643
824157 1 100001 1420581302643
25368027 1 100006 1420581302643
15856366 1 100004 1420581302643
384479689 1 100002 1420581302643
22192440 1 100003 1420581302643
92791146 1 100005 1420581302643
89316412 1 100003 1420581302643
40329236 1 100001 1420581302643
19934731 1 100004 1420581302643
109013694 1 100002 1420581362643
15484266 1 100001 1420581362643
309220197 1 100009 1420581362643
24773493 1 100001 1420581362643
824157 1 100001 1420581362643
114872969 1 100003 1420581362643
20745130 1 100002 1420581362643
15856366 1 100004 1420581362643
12273252 2 100009 1420581362643
34541677 1 100004 1420581362643
22192440 1 100003 1420581362643
1618007706 1 100001 1420581362643
18964685 1 100001 1420581362643
40329236 1 100001 1420581362643
15646547 1 100010 1420581362643
109013694 1 100003 1420581422643
309220197 1 100009 1420581422643
49437246 1 100002 1420581422643
24773493 1 100001 1420581422643
824157 1 100001 1420581422643
114872969 1 100003 1420581422643
12273252 1 100009 1420581422643
34541677 1 100004 1420581422643
18964685 1 100001 1420581422643
40329236 1 100001 1420581422643
818340 1 100003 1420581482643
17810599 1 100002 1420581482643
49437246 1 100002 1420581482643
18964685 1 100001 1420581482643
92791146 1 100005 1420581482643
24773493 1 100001 1420581482643
4282171 1 100001 1420581482643
186222238 1 100007 1420581542643
104291835 1 100002 1420581542643
24773493 1 100001 1420581542643
89787221 1 100003 1420581542643
824157 1 100001 1420581542643
818340 1 100003 1420581542643
17810599 1 100002 1420581542643
92791146 1 100005 1420581542643
4282171 1 100001 1420581542643
96184837 1 100002 1420581542643
16277373 1 100001 1420581602643
104291835 1 100002 1420581602643
89787221 2 100003 1420581602643
1581203119 1 100003 1420581602643
15856366 1 100004 1420581602643
23742474 1 100001 1420581602643
384479689 1 100002 1420581602643
17896885 1 100002 1420581602643
10069612 1 100006 1420581602643
96184837 1 100002 1420581602643
140140890 1 100004 1420581662643
16277373 1 100001 1420581662643
976147104 1 100003 1420581662643
89787221 1 100003 1420581662643
1581203119 1 100003 1420581662643
15856366 1 100004 1420581662643
23742474 1 100001 1420581662643
36440780 1 100002 1420581662643
34541677 2 100004 1420581662643
384479689 2 100002 1420581662643
17896885 1 100002 1420581662643
16045956 1 100002 1420581662643
10069612 1 100006 1420581662643
140140890 2 100004 1420581722643
976147104 1 100003 1420581722643
24773493 1 100001 1420581722643
193232854 1 100001 1420581722643
1454742764 1 100003 1420581722643
36440780 1 100002 1420581722643
34541677 1 100004 1420581722643
384479689 1 100002 1420581722643
17810599 1 100002 1420581722643
15646547 2 100010 1420581722643
140140890 1 100004 1420581782643
17698956 1 100091 1420581782643
131003396 1 100002 1420581782643
104291835 1 100002 1420581782643
24773493 2 100001 1420581782643
824157 1 100001 1420581782643
36440780 1 100002 1420581782643
34541677 1 100004 1420581782643
17810599 1 100002 1420581782643
15646547 1 100010 1420581782643
8861752 1 100004 1420581782643
10005212 1 100004 1420581842643
131003396 1 100002 1420581842643
24773493 2 100001 1420581842643
89787221 1 100003 1420581842643
1581203119 1 100003 1420581842643
824157 1 100001 1420581842643
25368027 1 100006 1420581842643
14811775 1 100002 1420581842643
23742474 1 100001 1420581842643
34541677 1 100004 1420581842643
17810599 1 100002 1420581842643
879521 1 100001 1420581842643
8861752 1 100004 1420581842643
10005212 1 100004 1420581902643
309220197 1 100009 1420581902643
104291835 1 100002 1420581902643
24773493 1 100001 1420581902643
89787221 1 100003 1420581902643
1581203119 1 100003 1420581902643
226493139 1 100003 1420581902643
25368027 1 100006 1420581902643
1454742764 1 100003 1420581902643
14811775 1 100002 1420581902643
23742474 2 100001 1420581902643
36440780 1 100002 1420581902643
34541677 1 100004 1420581902643
152341106 1 100002 1420581902643
25242416 1 100001 1420581902643
10069612 2 100006 1420581902643
109013694 1 100003 1420581962643
309220197 1 100011 1420581962643
104291835 1 100002 1420581962643
89787221 1 100003 1420581962643
24773493 1 100001 1420581962643
226493139 1 100003 1420581962643
23742474 1 100001 1420581962643
34541677 1 100004 1420581962643
384479689 1 100001 1420581962643
17810599 1 100002 1420581962643
18964685 1 100001 1420581962643
25242416 1 100001 1420581962643
10069612 1 100008 1420581962643
109013694 1 100003 1420582022643
316053072 1 100004 1420582022643
61733092 1 100002 1420582022643
89787221 1 100003 1420582022643
24773493 2 100001 1420582022643
226493139 1 100003 1420582022643
74578857 1 100001 1420582022643
25368027 1 100006 1420582022643
8312862 1 100006 1420582022643
23742474 1 100001 1420582022643
17810599 1 100002 1420582022643
18964685 1 100001 1420582022643
316053072 1 100004 1420582082643
309220197 1 100011 1420582082643
89787221 2 100003 1420582082643
226493139 1 100003 1420582082643
25368027 1 100005 1420582082643
8312862 2 100006 1420582082643
23742474 1 100001 1420582082643
17437735 1 100001 1420582082643
25242416 1 100001 1420582082643
10005212 1 100004 1420582142643
19964088 1 100005 1420582142643
309220197 1 100011 1420582142643
104291835 1 100002 1420582142643
89787221 1 100003 1420582142643
276554601 1 100016 1420582142643
32107066 1 100002 1420582142643
1454742764 1 100003 1420582142643
8312862 2 100006 1420582142643
34541677 1 100004 1420582142643
17604456 1 100004 1420582142643
17437735 1 100001 1420582142643
8861752 1 100004 1420582142643
394078527 1 100003 1420582202643
10005212 1 100004 1420582202643
19964088 1 100005 1420582202643
104291835 1 100002 1420582202643
89787221 1 100003 1420582202643
824157 2 100001 1420582202643
32107066 1 100002 1420582202643
1454742764 1 100003 1420582202643
11178672 1 100003 1420582202643
8312862 2 100006 1420582202643
34541677 1 100004 1420582202643
17604456 1 100004 1420582202643
19934731 1 100002 1420582202643
8861752 1 100004 1420582202643
394078527 1 100003 1420582262643
24426175 1 100002 1420582262643
104291835 1 100002 1420582262643
89787221 1 100003 1420582262643
824157 2 100001 1420582262643
25368027 1 100005 1420582262643
11178672 1 100003 1420582262643
8312862 1 100006 1420582262643
34541677 1 100004 1420582262643
17604456 1 100004 1420582262643
1618007706 2 100001 1420582262643
20146313 1 100003 1420582262643
19934731 2 100002 1420582262643
140140890 1 100004 1420582322643
394078527 1 100003 1420582322643
17698956 1 100091 1420582322643
24426175 1 100002 1420582322643
309220197 1 100011 1420582322643
824157 2 100001 1420582322643
21104725 1 100005 1420582322643
25368027 2 100005 1420582322643
15856366 2 100004 1420582322643
8312862 1 100006 1420582322643
34541677 1 100004 1420582322643
384479689 1 100001 1420582322643
17604456 2 100004 1420582322643
1618007706 1 100001 1420582322643
16045956 2 100001 1420582322643
10069612 1 100008 1420582322643
70314632 1 100002 1420582322643
20146313 1 100003 1420582322643
19934731 1 100002 1420582322643
15646547 1 100010 1420582322643
140140890 1 100004 1420582382643
17698956 2 100091 1420582382643
15484266 1 100001 1420582382643
174890917 1 100001 1420582382643
309220197 1 100011 1420582382643
104291835 1 100002 1420582382643
16621805 1 100006 1420582382643
824157 1 100001 1420582382643
25368027 1 100005 1420582382643
15856366 2 100004 1420582382643
12273252 1 100009 1420582382643
34541677 2 100004 1420582382643
384479689 1 100001 1420582382643
17604456 1 100004 1420582382643
16045956 1 100001 1420582382643
70314632 1 100002 1420582382643
15646547 2 100010 1420582382643
17698956 2 100091 1420582442643
15484266 2 100001 1420582442643
174890917 1 100001 1420582442643
89787221 1 100003 1420582442643
12273252 1 100010 1420582442643
15856366 1 100004 1420582442643
34541677 2 100008 1420582442643
17604456 1 100005 1420582442643
89316412 1 100003 1420582442643
10069612 1 100008 1420582442643
19934731 2 100002 1420582442643
15646547 1 100010 1420582442643
17698956 2 100089 1420582502643
15484266 1 100001 1420582502643
131003396 1 100002 1420582502643
89787221 1 100003 1420582502643
824157 1 100001 1420582502643
25368027 1 100005 1420582502643
15856366 1 100004 1420582502643
34541677 2 100008 1420582502643
19943507 1 100006 1420582502643
89316412 1 100003 1420582502643
10069612 1 100008 1420582502643
19934731 2 100002 1420582502643
17698956 1 100089 1420582562643
10005212 1 100004 1420582562643
15484266 2 100001 1420582562643
89787221 1 100003 1420582562643
25368027 2 100005 1420582562643
15856366 1 100004 1420582562643
525187154 1 100003 1420582562643
23742474 1 100001 1420582562643
34541677 2 100008 1420582562643
19943507 1 100006 1420582562643
1618007706 1 100001 1420582562643
16045956 1 100001 1420582562643
10069612 1 100008 1420582562643
19934731 1 100002 1420582562643
10005212 1 100004 1420582622643
15484266 1 100001 1420582622643
186222238 2 100008 1420582622643
512403075 1 100001 1420582622643
89787221 1 100003 1420582622643
1581203119 1 100003 1420582622643
226493139 1 100003 1420582622643
25368027 1 100005 1420582622643
12273252 1 100010 1420582622643
15856366 1 100004 1420582622643
23742474 1 100001 1420582622643
34541677 2 100008 1420582622643
384479689 1 100001 1420582622643
16045956 1 100001 1420582622643
8861752 1 100012 1420582622643
17698956 2 100089 1420582682643
394078527 1 100003 1420582682643
15484266 1 100001 1420582682643
186222238 1 100008 1420582682643
1581203119 1 100003 1420582682643
226493139 1 100003 1420582682643
15856366 1 100005 1420582682643
8312862 1 100006 1420582682643
34541677 2 100008 1420582682643
17604456 2 100005 1420582682643
89316412 1 100003 1420582682643
10069612 1 100008 1420582682643
384940104 2 100007 1420582682643
20146313 1 100003 1420582682643
8861752 1 100012 1420582682643
17698956 2 100089 1420582742643
394078527 1 100003 1420582742643
15484266 1 100001 1420582742643
186222238 1 100008 1420582742643
49437246 1 100002 1420582742643
129917609 1 100001 1420582742643
166715703 1 100004 1420582742643
73417273 1 100002 1420582742643
1454742764 1 100003 1420582742643
12273252 1 100010 1420582742643
8312862 1 100006 1420582742643
34541677 2 100008 1420582742643
384479689 1 100001 1420582742643
17604456 1 100005 1420582742643
24206345 2 100001 1420582742643
384940104 1 100007 1420582742643
96184837 1 100002 1420582742643
17698956 2 100089 1420582802643
49437246 1 100002 1420582802643
89787221 1 100003 1420582802643
73417273 1 100002 1420582802643
1454742764 1 100003 1420582802643
12273252 1 100010 1420582802643
36440780 1 100002 1420582802643
34541677 2 100008 1420582802643
384479689 1 100001 1420582802643
19943507 1 100006 1420582802643
152341106 2 100002 1420582802643
16045956 1 100001 1420582802643
24206345 1 100005 1420582802643
15646547 1 100010 1420582802643
96184837 1 100002 1420582802643
17698956 1 100089 1420582862643
373316165 1 100003 1420582862643
186222238 1 100008 1420582862643
89787221 1 100003 1420582862643
15601977 1 100002 1420582862643
14811775 1 100002 1420582862643
36440780 1 100002 1420582862643
34541677 2 100008 1420582862643
384479689 1 100001 1420582862643
152341106 1 100002 1420582862643
89316412 1 100003 1420582862643
16045956 1 100001 1420582862643
21986815 1 100004 1420582862643
384940104 1 100007 1420582862643
15646547 1 100010 1420582862643
96184837 1 100002 1420582862643
8861752 1 100012 1420582862643
17698956 1 100089 1420582922643
373316165 1 100003 1420582922643
15484266 1 100001 1420582922643
186222238 1 100008 1420582922643
174890917 1 100001 1420582922643
15601977 1 100002 1420582922643
25368027 1 100005 1420582922643
14811775 1 100002 1420582922643
34541677 2 100008 1420582922643
384479689 2 100001 1420582922643
152341106 2 100002 1420582922643
1618007706 1 100001 1420582922643
89316412 1 100003 1420582922643
21986815 1 100004 1420582922643
384940104 1 100007 1420582922643
39841830 1 100001 1420582922643
15646547 1 100010 1420582922643
20096207 1 100002 1420582922643
96184837 2 100002 1420582922643
17698956 2 100089 1420582982643
15484266 1 100001 1420582982643
174890917 1 100001 1420582982643
620340592 1 100006 1420582982643
114872969 1 100003 1420582982643
34541677 1 100008 1420582982643
384479689 1 100001 1420582982643
50672288 1 100001 1420582982643
152341106 1 100002 1420582982643
39841830 1 100001 1420582982643
15646547 1 100010 1420582982643
20096207 1 100002 1420582982643
96184837 2 100002 1420582982643
17698956 1 100089 1420583042643
620340592 1 100006 1420583042643
49437246 1 100002 1420583042643
114872969 1 100003 1420583042643
824157 1 100001 1420583042643
12273252 2 100010 1420583042643
525187154 1 100003 1420583042643
34541677 1 100008 1420583042643
152341106 1 100002 1420583042643
1618007706 1 100001 1420583042643
70314632 1 100002 1420583042643
96184837 2 100002 1420583042643
8861752 1 100012 1420583042643
17698956 1 100089 1420583102643
104291835 1 100002 1420583102643
49437246 1 100002 1420583102643
824157 2 100001 1420583102643
11178672 1 100003 1420583102643
525187154 1 100003 1420583102643
12273252 2 100010 1420583102643
8312862 1 100006 1420583102643
36440780 1 100002 1420583102643
34541677 1 100008 1420583102643
152341106 1 100002 1420583102643
162041294 1 100005 1420583102643
17810599 1 100002 1420583102643
1618007706 1 100003 1420583102643
70314632 1 100002 1420583102643
96184837 2 100002 1420583102643
8861752 1 100012 1420583102643
17698956 2 100089 1420583162643
49437246 1 100002 1420583162643
104291835 1 100002 1420583162643
11178672 1 100001 1420583162643
12273252 1 100010 1420583162643
36440780 1 100002 1420583162643
34541677 1 100008 1420583162643
384479689 2 100001 1420583162643
17604456 1 100005 1420583162643
152341106 1 100002 1420583162643
1618007706 1 100003 1420583162643
384940104 1 100007 1420583162643
96184837 2 100002 1420583162643
17698956 2 100089 1420583222643
186222238 1 100008 1420583222643
309220197 1 100011 1420583222643
104291835 1 100002 1420583222643
49437246 1 100002 1420583222643
2200632505 1 100003 1420583222643
34541677 2 100008 1420583222643
384479689 1 100001 1420583222643
60863619 1 100001 1420583222643
17604456 1 100005 1420583222643
96184837 2 100002 1420583222643
17698956 2 100089 1420583282643
15484266 1 100002 1420583282643
186222238 1 100008 1420583282643
21796484 1 100011 1420583282643
309220197 1 100011 1420583282643
49437246 1 100002 1420583282643
104291835 1 100002 1420583282643
2200632505 1 100003 1420583282643
20745130 1 100002 1420583282643
525187154 1 100003 1420583282643
34541677 1 100008 1420583282643
16045956 1 100001 1420583282643
96184837 2 100002 1420583282643
17698956 2 100089 1420583342643
15484266 1 100002 1420583342643
19964088 1 100005 1420583342643
20745130 1 100002 1420583342643
15601977 1 100002 1420583342643
15920875 1 100001 1420583342643
525187154 2 100003 1420583342643
12273252 1 100010 1420583342643
34541677 1 100008 1420583342643
384479689 1 100001 1420583342643
152341106 1 100002 1420583342643
16045956 1 100001 1420583342643
10069612 1 100008 1420583342643
15907716 1 100003 1420583342643
384940104 1 100007 1420583342643
96184837 2 100002 1420583342643
8861752 1 100012 1420583342643
17698956 1 100089 1420583402643
15484266 1 100002 1420583402643
19964088 1 100005 1420583402643
49437246 2 100002 1420583402643
193232854 1 100002 1420583402643
20745130 1 100002 1420583402643
15601977 2 100002 1420583402643
15920875 1 100001 1420583402643
525187154 2 100003 1420583402643
12273252 1 100010 1420583402643
15856366 1 100005 1420583402643
34541677 1 100008 1420583402643
152341106 2 100002 1420583402643
16045956 1 100001 1420583402643
25242416 1 100001 1420583402643
10069612 1 100008 1420583402643
96184837 2 100002 1420583402643
15484266 2 100002 1420583462643
49437246 1 100002 1420583462643
104291835 1 100002 1420583462643
20745130 1 100002 1420583462643
15601977 1 100002 1420583462643
525187154 2 100003 1420583462643
12273252 1 100010 1420583462643
34541677 1 100008 1420583462643
384479689 1 100001 1420583462643
152341106 1 100002 1420583462643
35947725 1 100003 1420583462643
1618007706 1 100003 1420583462643
92791146 1 100005 1420583462643
16045956 1 100001 1420583462643
25242416 1 100001 1420583462643
10069612 2 100008 1420583462643
96184837 2 100002 1420583462643
