18964685 2 5615 1420574622643
23354464 2 2788 1420574622643
1581203119 1 5258 1420574622643
108039570 1 806 1420574622643
7867072 2 4402 1420574622643
824157 1 4994 1420574622643
573956600 1 1830 1420574622643
104227735 2 4754 1420574622643
45710831 1 3958 1420574622643
12273252 2 156 1420574622643
326821147 1 418 1420574622643
472207757 1 3689 1420574622643
11178672 1 1561 1420574622643
33491215 1 1497 1420574622643
808721557 1 2912 1420574622643
186222238 1 386 1420574622643
15111389 2 5418 1420574622643
174890917 1 1815 1420574622643
61292961 1 4748 1420574622643
8861752 1 2118 1420574622643
90714989 1 5309 1420574622643
29788830 1 4075 1420574622643
92791146 1 1669 1420574622643
183807568 1 5119 1420574622643
149157068 1 283 1420574622643
1381345892 1 4537 1420574622643
73417273 2 5098 1420574622643
8312862 1 706 1420574622643
487535749 1 1318 1420574622643
27091328 1 4951 1420574622643
21862217 2 5246 1420574622643
20745130 1 5330 1420574622643
107654081 1 3943 1420574622643
14192680 2 3877 1420574622643
384479689 1 1651 1420574622643
5146511 1 2397 1420574622643
19034656 1 4945 1420574622643
17604456 1 3709 1420574622643
34541677 1 315 1420574622643
1051313198 1 1796 1420574622643
12413892 2 556 1420574622643
21986815 1 2573 1420574622643
140080129 1 1554 1420574622643
114872969 2 4116 1420574622643
16262688 1 5413 1420574622643
20096207 1 3794 1420574622643
17472921 1 1784 1420574622643
195897346 1 1192 1420574622643
23742474 1 236 1420574622643
532171645 1 3998 1420574622643
15520253 1 5608 1420574622643
278093318 1 1750 1420574622643
130447060 1 5875 1420574622643
89787221 2 4113 1420574622643
17698956 1 56 1420574622643
395194959 1 1976 1420574622643
226606138 1 5191 1420574622643
18964685 1 5615 1420574742643
128044351 1 4988 1420574742643
23354464 2 2788 1420574742643
24705687 1 5489 1420574742643
1618007706 1 5242 1420574742643
20745130 1 2715 1420574742643
108039570 1 806 1420574742643
107654081 1 4935 1420574742643
7867072 2 4402 1420574742643
573956600 1 1830 1420574742643
14192680 1 3877 1420574742643
384479689 2 1388 1420574742643
5146511 1 5964 1420574742643
118292510 1 5122 1420574742643
17604456 1 3709 1420574742643
1051313198 2 4346 1420574742643
12413892 2 386 1420574742643
45710831 1 3958 1420574742643
104227735 1 4754 1420574742643
12273252 1 156 1420574742643
140080129 2 1554 1420574742643
114872969 1 5390 1420574742643
11178672 1 1561 1420574742643
186222238 1 386 1420574742643
33491215 1 1497 1420574742643
15111389 2 5418 1420574742643
8861752 1 2118 1420574742643
17472921 2 3412 1420574742643
90714989 1 2291 1420574742643
92791146 2 1669 1420574742643
23779501 1 5066 1420574742643
10005212 1 2710 1420574742643
183807568 2 5119 1420574742643
1381345892 1 4537 1420574742643
15520253 1 5608 1420574742643
73417273 2 5098 1420574742643
278093318 2 1750 1420574742643
976147104 2 1607 1420574742643
487535749 1 1318 1420574742643
89787221 2 4113 1420574742643
17698956 1 56 1420574742643
21862217 1 5246 1420574742643
27091328 2 4951 1420574742643
36440780 1 232 1420574742643
38702668 1 341 1420574742643
92733433 1 1776 1420574742643
395194959 1 1976 1420574742643
18964685 2 5615 1420574862643
189107456 1 406 1420574862643
23354464 2 2788 1420574862643
259637983 1 4644 1420574862643
18725415 1 955 1420574862643
309220197 1 3797 1420574862643
23973187 1 4592 1420574862643
7867072 2 4402 1420574862643
49437246 1 2978 1420574862643
21842357 1 5378 1420574862643
45710831 1 3958 1420574862643
12273252 2 156 1420574862643
11178672 2 1561 1420574862643
186222238 1 386 1420574862643
33491215 1 1497 1420574862643
15111389 1 5418 1420574862643
61733092 1 4160 1420574862643
174890917 1 1815 1420574862643
8861752 1 2118 1420574862643
24773493 1 2172 1420574862643
92791146 1 1669 1420574862643
183807568 2 5119 1420574862643
1381345892 1 4344 1420574862643
16253142 1 1754 1420574862643
73417273 2 4475 1420574862643
25368027 1 2113 1420574862643
976147104 1 2023 1420574862643
27091328 2 718 1420574862643
128044351 1 4988 1420574862643
1618007706 2 5242 1420574862643
26207922 1 3301 1420574862643
14192680 1 3877 1420574862643
384479689 2 1388 1420574862643
7023592 1 5722 1420574862643
17604456 1 3709 1420574862643
34541677 2 3743 1420574862643
1051313198 1 4346 1420574862643
12413892 1 386 1420574862643
140080129 2 1554 1420574862643
19200736 1 3240 1420574862643
17472921 1 3412 1420574862643
23779501 1 5066 1420574862643
325220198 1 4960 1420574862643
278093318 1 1750 1420574862643
89787221 2 4113 1420574862643
17698956 1 56 1420574862643
36440780 1 232 1420574862643
92733433 2 1776 1420574862643
38702668 2 341 1420574862643
18964685 2 3384 1420574982643
189107456 1 406 1420574982643
89316412 1 2522 1420574982643
23354464 2 4442 1420574982643
18725415 1 955 1420574982643
259637983 1 4644 1420574982643
23973187 1 4592 1420574982643
1618007706 2 5242 1420574982643
7867072 2 2762 1420574982643
824157 1 4994 1420574982643
49437246 1 2978 1420574982643
14192680 2 3877 1420574982643
14845376 1 5791 1420574982643
384479689 2 1388 1420574982643
15601977 1 2912 1420574982643
15920875 1 3655 1420574982643
16621805 1 4419 1420574982643
34541677 2 3743 1420574982643
21842357 2 5378 1420574982643
12413892 2 386 1420574982643
15856366 1 5913 1420574982643
12273252 2 251 1420574982643
818340 1 1799 1420574982643
140080129 2 1554 1420574982643
11178672 1 952 1420574982643
186222238 1 386 1420574982643
174890917 2 3765 1420574982643
17070252 2 2741 1420574982643
24773493 1 2172 1420574982643
183807568 1 5119 1420574982643
325220198 1 4960 1420574982643
73417273 2 4475 1420574982643
976147104 2 2023 1420574982643
25368027 1 2113 1420574982643
89787221 1 3660 1420574982643
21796484 1 1531 1420574982643
27091328 1 718 1420574982643
38702668 1 1092 1420574982643
92733433 2 655 1420574982643
18964685 2 3384 1420575102643
189107456 1 406 1420575102643
89316412 1 2522 1420575102643
23354464 1 4442 1420575102643
24705687 1 3782 1420575102643
276554601 1 5943 1420575102643
1618007706 1 5342 1420575102643
174083824 1 2716 1420575102643
7867072 2 2762 1420575102643
824157 1 4994 1420575102643
14811775 1 821 1420575102643
49437246 1 2978 1420575102643
14192680 1 3877 1420575102643
384479689 2 1068 1420575102643
87290802 1 731 1420575102643
15601977 1 2912 1420575102643
16621805 2 4419 1420575102643
15920875 1 3655 1420575102643
34541677 2 3743 1420575102643
1051313198 1 3093 1420575102643
21842357 1 5378 1420575102643
12413892 1 386 1420575102643
15856366 2 5913 1420575102643
12273252 2 251 1420575102643
326821147 1 616 1420575102643
21986815 1 3150 1420575102643
140080129 1 1554 1420575102643
11178672 1 952 1420575102643
186222238 2 386 1420575102643
174890917 2 3765 1420575102643
17070252 1 2741 1420575102643
61292961 1 2815 1420575102643
8861752 1 5521 1420575102643
195897346 1 5390 1420575102643
1381345892 2 4344 1420575102643
19934731 1 1423 1420575102643
12794362 1 1552 1420575102643
16253142 1 1754 1420575102643
15520253 1 5420 1420575102643
73417273 1 4475 1420575102643
16220541 1 5000 1420575102643
976147104 1 2023 1420575102643
76162725 2 3624 1420575102643
89787221 2 3660 1420575102643
46358463 1 2775 1420575102643
27091328 2 718 1420575102643
92733433 1 655 1420575102643
18964685 2 4581 1420575222643
1618007706 1 5342 1420575222643
23973187 1 1621 1420575222643
276554601 1 5943 1420575222643
174083824 1 2716 1420575222643
7867072 2 2762 1420575222643
824157 1 4994 1420575222643
14192680 1 3877 1420575222643
384479689 2 1068 1420575222643
87290802 1 731 1420575222643
15601977 1 2912 1420575222643
17604456 1 3709 1420575222643
16621805 1 4419 1420575222643
34541677 2 5128 1420575222643
1051313198 1 3093 1420575222643
12413892 2 1376 1420575222643
15856366 1 5913 1420575222643
217588851 1 2514 1420575222643
12273252 2 251 1420575222643
21986815 1 3150 1420575222643
140080129 2 1554 1420575222643
27103822 1 5852 1420575222643
11178672 1 952 1420575222643
186222238 1 386 1420575222643
174890917 1 3765 1420575222643
61292961 1 2815 1420575222643
19200736 1 1678 1420575222643
8861752 1 5521 1420575222643
17472921 1 5914 1420575222643
18971670 1 707 1420575222643
1381345892 1 4442 1420575222643
19934731 2 1423 1420575222643
12794362 1 1552 1420575222643
16253142 1 2342 1420575222643
15520253 2 5420 1420575222643
278093318 1 4565 1420575222643
16220541 1 5000 1420575222643
14158682 1 3561 1420575222643
76162725 1 3624 1420575222643
89787221 2 3660 1420575222643
25870048 1 289 1420575222643
16045956 1 706 1420575222643
27091328 1 295 1420575222643
46358463 1 2775 1420575222643
202777395 1 176 1420575222643
92733433 1 655 1420575222643
55252152 1 832 1420575222643
18964685 2 4581 1420575342643
7867072 2 546 1420575342643
824157 1 842 1420575342643
20660146 1 1369 1420575342643
18970044 1 4933 1420575342643
87290802 1 731 1420575342643
15601977 1 3825 1420575342643
21842357 1 2004 1420575342643
4380591 1 4003 1420575342643
12273252 2 2586 1420575342643
326821147 1 616 1420575342643
11178672 1 3716 1420575342643
174890917 2 3765 1420575342643
17070252 2 2741 1420575342643
8861752 2 5521 1420575342643
24773493 1 2532 1420575342643
28319608 1 5592 1420575342643
18971670 1 707 1420575342643
1381345892 1 4442 1420575342643
19934731 1 1423 1420575342643
8312862 1 4428 1420575342643
73417273 2 5584 1420575342643
14158682 1 3561 1420575342643
27091328 1 295 1420575342643
89316412 1 2522 1420575342643
1618007706 1 5342 1420575342643
14192680 2 3877 1420575342643
384479689 2 1068 1420575342643
118292510 2 371 1420575342643
19034656 1 2313 1420575342643
17604456 2 3709 1420575342643
34541677 2 5128 1420575342643
12413892 2 1376 1420575342643
217588851 1 2514 1420575342643
166715703 1 793 1420575342643
21986815 2 3150 1420575342643
10069612 1 5229 1420575342643
140080129 2 1554 1420575342643
16262688 1 2360 1420575342643
19200736 1 1678 1420575342643
17472921 2 5914 1420575342643
23742474 1 2189 1420575342643
15520253 1 5420 1420575342643
278093318 2 4565 1420575342643
76162725 1 3624 1420575342643
89787221 1 3660 1420575342643
16045956 1 706 1420575342643
202777395 1 176 1420575342643
120985729 1 860 1420575342643
92733433 1 655 1420575342643
55252152 1 832 1420575342643
18964685 2 4581 1420575462643
23354464 1 3473 1420575462643
309220197 1 4829 1420575462643
23973187 1 1621 1420575462643
7867072 1 546 1420575462643
824157 1 842 1420575462643
20660146 1 1369 1420575462643
18970044 1 4933 1420575462643
87290802 1 731 1420575462643
15601977 1 3825 1420575462643
26337145 1 3211 1420575462643
4380591 1 4003 1420575462643
326821147 1 3992 1420575462643
12273252 1 2586 1420575462643
234484328 1 4798 1420575462643
11178672 2 3716 1420575462643
17070252 2 2741 1420575462643
174890917 2 4499 1420575462643
8861752 1 5521 1420575462643
24773493 2 2532 1420575462643
17810599 1 1376 1420575462643
28319608 1 5592 1420575462643
1381345892 1 4442 1420575462643
8312862 1 4428 1420575462643
73417273 1 5584 1420575462643
25368027 1 568 1420575462643
487535749 1 2921 1420575462643
27091328 1 295 1420575462643
89316412 1 2485 1420575462643
1618007706 2 5342 1420575462643
20745130 2 489 1420575462643
276554601 1 5943 1420575462643
14192680 2 3877 1420575462643
14845376 1 1390 1420575462643
384479689 1 1068 1420575462643
118292510 1 371 1420575462643
17604456 1 3709 1420575462643
34541677 1 5128 1420575462643
18811814 1 4313 1420575462643
12413892 1 1376 1420575462643
10069612 1 5229 1420575462643
21986815 2 3150 1420575462643
140080129 2 1554 1420575462643
17472921 1 5914 1420575462643
23742474 2 2189 1420575462643
278093318 2 4565 1420575462643
44682474 1 4767 1420575462643
16220541 1 5000 1420575462643
89787221 1 3487 1420575462643
76162725 1 3624 1420575462643
46697447 1 5771 1420575462643
19964088 1 2029 1420575462643
202777395 2 176 1420575462643
92733433 1 185 1420575462643
120985729 1 860 1420575462643
18964685 1 7 1420575582643
189107456 1 5826 1420575582643
23354464 1 3473 1420575582643
309220197 1 4829 1420575582643
276554601 1 2147 1420575582643
20745130 1 489 1420575582643
1618007706 2 3618 1420575582643
23973187 1 705 1420575582643
7867072 2 546 1420575582643
14192680 1 3877 1420575582643
14787749 1 4377 1420575582643
384479689 2 88 1420575582643
15601977 1 3825 1420575582643
34541677 1 5487 1420575582643
12413892 1 1757 1420575582643
15445129 1 5744 1420575582643
12273252 1 2586 1420575582643
21986815 1 3731 1420575582643
140080129 2 1554 1420575582643
234484328 1 4798 1420575582643
11178672 1 3716 1420575582643
174890917 2 4499 1420575582643
17070252 1 2741 1420575582643
61292961 1 3547 1420575582643
24773493 2 2532 1420575582643
19200736 1 430 1420575582643
40996128 1 810 1420575582643
23742474 1 2189 1420575582643
50023090 1 551 1420575582643
73417273 1 5584 1420575582643
278093318 2 5786 1420575582643
16220541 1 278 1420575582643
25368027 2 568 1420575582643
89787221 2 3487 1420575582643
46697447 1 5771 1420575582643
226107231 1 2120 1420575582643
27091328 2 295 1420575582643
19964088 1 2029 1420575582643
202777395 1 176 1420575582643
92733433 1 185 1420575582643
189107456 1 5826 1420575702643
23354464 1 3473 1420575702643
259637983 1 5239 1420575702643
309220197 1 4829 1420575702643
7867072 2 2952 1420575702643
21044502 1 2218 1420575702643
4380591 1 4003 1420575702643
104227735 1 5240 1420575702643
12273252 2 2586 1420575702643
326821147 2 3992 1420575702643
349227445 1 407 1420575702643
11178672 1 3716 1420575702643
512403075 1 5677 1420575702643
174890917 1 4499 1420575702643
61292961 1 3547 1420575702643
8861752 2 454 1420575702643
24773493 1 2532 1420575702643
50023090 1 551 1420575702643
73417273 2 5584 1420575702643
25368027 1 568 1420575702643
976147104 1 4646 1420575702643
226107231 1 2120 1420575702643
27091328 2 5872 1420575702643
24849868 1 334 1420575702643
89316412 1 2485 1420575702643
1618007706 2 3618 1420575702643
1566741842 1 3662 1420575702643
14787749 1 4377 1420575702643
14845376 1 1390 1420575702643
384479689 2 88 1420575702643
193232854 1 5242 1420575702643
34541677 1 5487 1420575702643
12413892 2 1757 1420575702643
15445129 2 5744 1420575702643
15980503 1 996 1420575702643
10069612 1 5229 1420575702643
140080129 2 1554 1420575702643
195897346 1 4966 1420575702643
17472921 1 5033 1420575702643
199358175 1 5191 1420575702643
40996128 1 810 1420575702643
555359654 1 347 1420575702643
278093318 1 5786 1420575702643
44682474 1 4767 1420575702643
89787221 2 3487 1420575702643
17698956 2 56 1420575702643
202777395 1 5239 1420575702643
120985729 1 860 1420575702643
92733433 2 185 1420575702643
69020299 1 1985 1420575702643
18964685 1 7 1420575822643
35947725 1 1453 1420575822643
23354464 2 3473 1420575822643
259637983 1 5239 1420575822643
309220197 1 4829 1420575822643
7867072 1 2952 1420575822643
824157 1 4372 1420575822643
14811775 1 4754 1420575822643
15484266 1 4636 1420575822643
21044502 1 2218 1420575822643
15601977 2 824 1420575822643
15836048 1 3991 1420575822643
4380591 1 4003 1420575822643
104227735 1 5240 1420575822643
326821147 2 3992 1420575822643
12273252 2 2586 1420575822643
21104725 1 711 1420575822643
234484328 1 4798 1420575822643
349227445 1 407 1420575822643
11178672 2 3716 1420575822643
512403075 1 5677 1420575822643
186222238 1 386 1420575822643
8861752 1 454 1420575822643
92791146 1 1669 1420575822643
28319608 1 5592 1420575822643
183807568 1 4556 1420575822643
1381345892 1 3142 1420575822643
17965433 1 1293 1420575822643
22192440 1 3260 1420575822643
525187154 1 5563 1420575822643
73417273 2 5584 1420575822643
25368027 1 568 1420575822643
976147104 1 4646 1420575822643
487535749 1 2921 1420575822643
27091328 2 5872 1420575822643
24849868 1 334 1420575822643
89316412 1 2485 1420575822643
1618007706 1 3618 1420575822643
1566741842 1 3662 1420575822643
15787325 1 1702 1420575822643
14845376 2 1390 1420575822643
384479689 2 88 1420575822643
193232854 1 5242 1420575822643
34541677 1 5487 1420575822643
12413892 2 1757 1420575822643
15980503 1 996 1420575822643
15445129 1 5744 1420575822643
394078527 1 3496 1420575822643
166715703 1 793 1420575822643
140080129 2 1554 1420575822643
24177962 1 2848 1420575822643
195897346 1 4966 1420575822643
17472921 1 5033 1420575822643
199358175 1 5191 1420575822643
40996128 1 810 1420575822643
555359654 1 347 1420575822643
14745100 1 3944 1420575822643
44682474 1 4767 1420575822643
278093318 2 5786 1420575822643
16220541 1 278 1420575822643
89787221 2 3487 1420575822643
31634255 1 2459 1420575822643
21796484 1 1531 1420575822643
17698956 1 56 1420575822643
202777395 1 5239 1420575822643
92733433 2 185 1420575822643
120985729 1 860 1420575822643
69020299 2 1985 1420575822643
18964685 1 7 1420575942643
35947725 1 1453 1420575942643
23354464 1 1396 1420575942643
7867072 2 2952 1420575942643
15484266 1 4636 1420575942643
15836048 1 3991 1420575942643
15601977 2 824 1420575942643
4380591 1 4003 1420575942643
326821147 1 2726 1420575942643
12273252 2 5311 1420575942643
21104725 1 711 1420575942643
234484328 1 364 1420575942643
27103822 1 5919 1420575942643
11178672 2 5451 1420575942643
186222238 1 386 1420575942643
17070252 1 2741 1420575942643
8861752 1 454 1420575942643
24773493 1 1507 1420575942643
92791146 1 1669 1420575942643
28319608 2 4250 1420575942643
183807568 1 4556 1420575942643
17965433 1 1293 1420575942643
1381345892 1 3142 1420575942643
22192440 1 3260 1420575942643
17348724 1 5761 1420575942643
525187154 1 5563 1420575942643
73417273 2 1353 1420575942643
25368027 1 568 1420575942643
487535749 1 2921 1420575942643
27091328 2 5872 1420575942643
276554601 1 2147 1420575942643
14845376 1 1390 1420575942643
384479689 1 88 1420575942643
34541677 1 5487 1420575942643
12413892 1 1757 1420575942643
394078527 2 3496 1420575942643
166715703 1 181 1420575942643
818340 1 1799 1420575942643
275665487 1 3467 1420575942643
21986815 2 3731 1420575942643
140080129 2 1554 1420575942643
114872969 1 469 1420575942643
16262688 1 3457 1420575942643
24177962 1 2848 1420575942643
388784593 1 1669 1420575942643
195897346 1 4966 1420575942643
40996128 1 810 1420575942643
14745100 1 3944 1420575942643
8923182 1 2522 1420575942643
19274498 1 2647 1420575942643
278093318 1 5786 1420575942643
89787221 1 3487 1420575942643
17698956 1 56 1420575942643
202777395 1 5239 1420575942643
92733433 2 185 1420575942643
69020299 2 1985 1420575942643
34409159 1 3243 1420576062643
23354464 1 1396 1420576062643
567341777 1 5580 1420576062643
292289403 1 399 1420576062643
20745130 1 1152 1420576062643
7867072 2 5178 1420576062643
14845376 2 982 1420576062643
384479689 1 2936 1420576062643
118292510 2 3594 1420576062643
15601977 2 824 1420576062643
12413892 1 1676 1420576062643
21842357 1 3573 1420576062643
394078527 1 3496 1420576062643
818340 1 1799 1420576062643
275665487 2 3467 1420576062643
12273252 2 5311 1420576062643
21986815 1 5830 1420576062643
140080129 2 1554 1420576062643
11129062 1 3797 1420576062643
11178672 1 5451 1420576062643
16262688 2 3457 1420576062643
17070252 1 2741 1420576062643
24773493 1 1507 1420576062643
8861752 2 454 1420576062643
388784593 1 1669 1420576062643
195897346 1 4966 1420576062643
40996128 1 3079 1420576062643
28319608 1 4250 1420576062643
8923182 2 2522 1420576062643
17348724 1 5761 1420576062643
16785615 1 4485 1420576062643
73417273 1 1353 1420576062643
8312862 1 2361 1420576062643
278093318 1 511 1420576062643
89787221 2 3759 1420576062643
21796484 1 1531 1420576062643
17698956 2 56 1420576062643
24849868 1 334 1420576062643
27091328 2 5872 1420576062643
202777395 1 5239 1420576062643
214214616 1 1757 1420576062643
92733433 2 3540 1420576062643
69020299 2 1985 1420576062643
23354464 2 1396 1420576182643
7867072 2 5178 1420576182643
824157 1 4372 1420576182643
123576946 1 5622 1420576182643
15601977 2 824 1420576182643
15836048 1 3991 1420576182643
15920875 1 4338 1420576182643
21842357 1 3573 1420576182643
96184837 1 4229 1420576182643
45710831 1 1975 1420576182643
104227735 1 4526 1420576182643
12273252 2 5311 1420576182643
472207757 1 4503 1420576182643
186222238 1 386 1420576182643
17070252 1 2741 1420576182643
174890917 2 86 1420576182643
17810599 1 5257 1420576182643
8861752 2 4140 1420576182643
24773493 1 1507 1420576182643
183807568 1 4556 1420576182643
24206345 1 1618 1420576182643
1381345892 2 3142 1420576182643
16785615 1 4485 1420576182643
27091328 2 1090 1420576182643
24849868 1 334 1420576182643
203020760 1 1201 1420576182643
214214616 1 1757 1420576182643
34409159 1 3243 1420576182643
567341777 1 5580 1420576182643
292289403 1 399 1420576182643
276554601 1 5523 1420576182643
20745130 1 1152 1420576182643
387220815 1 5197 1420576182643
14192680 2 3877 1420576182643
14845376 1 982 1420576182643
384479689 2 2936 1420576182643
118292510 1 3594 1420576182643
1051313198 2 2983 1420576182643
12413892 2 1676 1420576182643
275665487 1 3467 1420576182643
16497947 1 1047 1420576182643
140080129 2 1554 1420576182643
114872969 1 469 1420576182643
11129062 1 3797 1420576182643
16262688 1 3457 1420576182643
19200736 1 3983 1420576182643
195897346 1 4966 1420576182643
199358175 1 5191 1420576182643
40996128 1 3079 1420576182643
8923182 1 2522 1420576182643
278093318 2 511 1420576182643
140140890 1 1343 1420576182643
89787221 1 3759 1420576182643
17698956 2 56 1420576182643
36440780 1 2790 1420576182643
202777395 1 5239 1420576182643
92733433 2 3540 1420576182643
69020299 2 1985 1420576182643
15907716 1 4013 1420576302643
23354464 1 4208 1420576302643
7867072 1 5178 1420576302643
824157 1 4372 1420576302643
123576946 1 5622 1420576302643
180026716 1 3148 1420576302643
15601977 2 5707 1420576302643
15836048 1 4770 1420576302643
15920875 1 4338 1420576302643
104227735 1 4526 1420576302643
45710831 1 1975 1420576302643
12273252 2 5311 1420576302643
472207757 1 4503 1420576302643
27103822 1 5919 1420576302643
186222238 2 386 1420576302643
17070252 2 2741 1420576302643
174890917 1 86 1420576302643
17810599 1 5257 1420576302643
8861752 1 4140 1420576302643
24206345 1 1618 1420576302643
183807568 1 4885 1420576302643
1381345892 1 4474 1420576302643
22192440 1 1960 1420576302643
16785615 1 4485 1420576302643
8312862 1 2361 1420576302643
27091328 2 1090 1420576302643
203020760 1 1201 1420576302643
276554601 1 5523 1420576302643
20745130 1 1152 1420576302643
14192680 1 3877 1420576302643
14845376 2 982 1420576302643
384479689 2 2936 1420576302643
16101657 1 313 1420576302643
193232854 1 437 1420576302643
1051313198 1 2983 1420576302643
12413892 2 1676 1420576302643
15856366 2 3722 1420576302643
394078527 1 5277 1420576302643
166715703 1 181 1420576302643
818340 1 1799 1420576302643
140080129 2 1554 1420576302643
16497947 1 1047 1420576302643
114872969 1 469 1420576302643
20096207 1 5452 1420576302643
19200736 2 3983 1420576302643
195897346 1 2216 1420576302643
199358175 1 4069 1420576302643
40996128 1 3079 1420576302643
23742474 1 3099 1420576302643
278093318 2 511 1420576302643
17698956 1 56 1420576302643
36440780 1 2790 1420576302643
92733433 2 3540 1420576302643
69020299 2 2037 1420576302643
130600206 1 2705 1420576422643
7867072 2 2306 1420576422643
2200632505 1 4277 1420576422643
14192680 1 3877 1420576422643
15646547 1 258 1420576422643
44426926 2 5612 1420576422643
14845376 2 2352 1420576422643
384479689 2 2936 1420576422643
180026716 1 3148 1420576422643
19034656 1 241 1420576422643
118292510 1 3594 1420576422643
15601977 1 5707 1420576422643
193232854 1 437 1420576422643
12413892 2 1676 1420576422643
19781206 1 1170 1420576422643
15856366 1 3722 1420576422643
166715703 1 1113 1420576422643
326821147 1 4397 1420576422643
12273252 1 4949 1420576422643
818340 1 1799 1420576422643
18880366 1 2134 1420576422643
140080129 2 1554 1420576422643
27103822 1 4030 1420576422643
186222238 1 386 1420576422643
17070252 1 2741 1420576422643
20096207 1 5452 1420576422643
8861752 1 4140 1420576422643
19200736 1 3983 1420576422643
17810599 1 5257 1420576422643
195897346 2 2216 1420576422643
199358175 1 4069 1420576422643
40996128 1 3079 1420576422643
24206345 1 1618 1420576422643
23742474 1 3099 1420576422643
1381345892 1 4474 1420576422643
22192440 1 1960 1420576422643
525187154 1 3624 1420576422643
16785615 1 4485 1420576422643
73417273 1 3707 1420576422643
8312862 1 2361 1420576422643
278093318 2 511 1420576422643
487535749 1 5065 1420576422643
17698956 2 56 1420576422643
97175299 1 5551 1420576422643
27091328 1 1090 1420576422643
38702668 1 1665 1420576422643
92733433 2 3540 1420576422643
69020299 2 2037 1420576422643
18964685 1 3081 1420576542643
130600206 1 2705 1420576542643
23354464 1 4208 1420576542643
309220197 1 3105 1420576542643
108039570 1 806 1420576542643
7867072 2 2306 1420576542643
824157 1 4372 1420576542643
44426926 1 5612 1420576542643
15601977 1 5707 1420576542643
45710831 1 4140 1420576542643
326821147 1 4397 1420576542643
12273252 1 4949 1420576542643
18880366 1 2134 1420576542643
61292961 1 4739 1420576542643
8861752 2 2253 1420576542643
24206345 1 1618 1420576542643
183807568 1 4885 1420576542643
525187154 1 3624 1420576542643
17348724 1 2507 1420576542643
50023090 1 2164 1420576542643
73417273 1 3707 1420576542643
976147104 1 519 1420576542643
487535749 1 5065 1420576542643
27091328 1 1090 1420576542643
2200632505 1 4277 1420576542643
14192680 2 3877 1420576542643
15646547 1 258 1420576542643
14845376 1 2352 1420576542643
384479689 2 5234 1420576542643
118292510 2 4226 1420576542643
19034656 1 241 1420576542643
193232854 1 437 1420576542643
34541677 1 532 1420576542643
12413892 2 1823 1420576542643
19781206 1 1170 1420576542643
818340 1 1799 1420576542643
140080129 2 1554 1420576542643
11129062 1 1716 1420576542643
20096207 1 5452 1420576542643
195897346 1 2216 1420576542643
199358175 1 4069 1420576542643
8923182 1 4864 1420576542643
15520253 1 4932 1420576542643
278093318 2 1973 1420576542643
16220541 1 5372 1420576542643
17698956 2 56 1420576542643
97175299 1 5551 1420576542643
92733433 2 4753 1420576542643
69020299 2 2037 1420576542643
18964685 1 3081 1420576662643
23354464 1 3391 1420576662643
309220197 1 3105 1420576662643
108039570 1 806 1420576662643
7867072 2 2306 1420576662643
824157 1 5340 1420576662643
329121956 1 5364 1420576662643
14811775 1 4736 1420576662643
18970044 1 4318 1420576662643
44426926 1 5612 1420576662643
15601977 1 1810 1420576662643
26337145 1 2465 1420576662643
45710831 1 4140 1420576662643
326821147 2 4397 1420576662643
12273252 1 4949 1420576662643
21104725 1 711 1420576662643
61292961 1 4739 1420576662643
8861752 2 2253 1420576662643
188077169 1 265 1420576662643
14736904 1 161 1420576662643
183807568 1 5598 1420576662643
17348724 1 2507 1420576662643
22948692 1 5141 1420576662643
976147104 1 519 1420576662643
487535749 1 5065 1420576662643
27091328 1 5614 1420576662643
1618007706 2 360 1420576662643
14192680 1 3877 1420576662643
384479689 2 5234 1420576662643
118292510 1 4226 1420576662643
193232854 1 3666 1420576662643
17604456 1 3709 1420576662643
34541677 1 532 1420576662643
12413892 1 1823 1420576662643
394078527 1 4424 1420576662643
818340 1 1799 1420576662643
140080129 1 1554 1420576662643
11129062 1 1716 1420576662643
20096207 1 5452 1420576662643
19200736 1 3441 1420576662643
195897346 1 2216 1420576662643
8923182 1 4864 1420576662643
15520253 1 4932 1420576662643
278093318 2 1973 1420576662643
16220541 1 5372 1420576662643
17698956 1 56 1420576662643
16045956 1 706 1420576662643
92733433 2 4753 1420576662643
69020299 2 2037 1420576662643
18964685 1 3081 1420576782643
15907716 1 1903 1420576782643
23354464 1 3391 1420576782643
24705687 1 3494 1420576782643
1618007706 1 360 1420576782643
7867072 1 5034 1420576782643
329121956 1 5364 1420576782643
14811775 1 4736 1420576782643
18970044 1 4318 1420576782643
44426926 2 4133 1420576782643
384479689 2 5234 1420576782643
19034656 1 1805 1420576782643
17604456 1 3709 1420576782643
26337145 1 2465 1420576782643
1051313198 1 2920 1420576782643
45710831 1 4140 1420576782643
394078527 1 4424 1420576782643
326821147 1 2916 1420576782643
12273252 1 2969 1420576782643
818340 2 1799 1420576782643
140080129 2 1554 1420576782643
61733092 1 5528 1420576782643
174890917 1 5651 1420576782643
61292961 1 4739 1420576782643
19200736 1 3441 1420576782643
8861752 2 2253 1420576782643
188077169 1 265 1420576782643
40996128 1 1523 1420576782643
14736904 1 161 1420576782643
183807568 1 5598 1420576782643
1381345892 1 65 1420576782643
525187154 1 3624 1420576782643
169193463 1 1179 1420576782643
22948692 1 5141 1420576782643
278093318 2 1973 1420576782643
89787221 1 4923 1420576782643
487535749 1 5065 1420576782643
46697447 1 5771 1420576782643
17698956 2 56 1420576782643
46358463 1 5551 1420576782643
24849868 2 393 1420576782643
16045956 1 706 1420576782643
120985729 1 3207 1420576782643
92733433 1 4753 1420576782643
69020299 2 455 1420576782643
18964685 1 3081 1420576902643
15907716 1 1903 1420576902643
23354464 2 3391 1420576902643
259637983 1 4435 1420576902643
7867072 2 5034 1420576902643
824157 1 5340 1420576902643
49437246 1 2978 1420576902643
44426926 1 4133 1420576902643
15601977 1 1810 1420576902643
1365924662 1 712 1420576902643
12273252 2 2969 1420576902643
512403075 1 412 1420576902643
61733092 1 5528 1420576902643
174890917 1 5651 1420576902643
61292961 2 4739 1420576902643
17810599 2 18 1420576902643
8861752 1 2253 1420576902643
188077169 2 265 1420576902643
92791146 1 1669 1420576902643
183807568 1 5598 1420576902643
24206345 1 1618 1420576902643
1381345892 2 65 1420576902643
525187154 1 5440 1420576902643
17348724 1 2507 1420576902643
73417273 1 291 1420576902643
27091328 1 5614 1420576902643
24849868 1 393 1420576902643
811303 1 2308 1420576902643
89316412 1 2858 1420576902643
14192680 1 3877 1420576902643
384479689 1 5234 1420576902643
57333521 2 1646 1420576902643
19034656 1 1805 1420576902643
34541677 1 532 1420576902643
18811814 1 1258 1420576902643
15980503 1 2008 1420576902643
394078527 1 4424 1420576902643
166715703 1 3333 1420576902643
818340 1 1799 1420576902643
10069612 1 4217 1420576902643
140080129 2 1554 1420576902643
20096207 1 191 1420576902643
40996128 1 1523 1420576902643
359630710 1 3166 1420576902643
278093318 1 1973 1420576902643
89787221 2 4923 1420576902643
17698956 1 56 1420576902643
46358463 1 5551 1420576902643
36440780 1 409 1420576902643
55252152 1 5028 1420576902643
69020299 2 455 1420576902643
89316412 1 2858 1420577022643
15907716 1 1903 1420577022643
23354464 2 2807 1420577022643
23973187 1 2090 1420577022643
1618007706 2 3032 1420577022643
7867072 2 5034 1420577022643
824157 1 1003 1420577022643
49437246 2 2978 1420577022643
14192680 2 3877 1420577022643
44426926 1 4133 1420577022643
14845376 1 3241 1420577022643
123576946 1 3687 1420577022643
384479689 1 1612 1420577022643
57333521 1 1646 1420577022643
15601977 1 782 1420577022643
34541677 1 1575 1420577022643
18811814 1 1258 1420577022643
12413892 1 1861 1420577022643
96184837 1 4978 1420577022643
15980503 1 2008 1420577022643
166715703 1 3333 1420577022643
394078527 2 4424 1420577022643
12273252 2 2969 1420577022643
326821147 1 2916 1420577022643
10069612 2 4217 1420577022643
140080129 1 1554 1420577022643
512403075 1 412 1420577022643
186222238 1 386 1420577022643
174890917 2 5651 1420577022643
61292961 2 4684 1420577022643
8861752 1 5718 1420577022643
24773493 1 1092 1420577022643
17810599 1 18 1420577022643
195897346 1 2813 1420577022643
188077169 1 265 1420577022643
92791146 1 1669 1420577022643
10005212 1 603 1420577022643
24206345 1 1618 1420577022643
1381345892 1 65 1420577022643
17348724 1 367 1420577022643
89787221 2 4923 1420577022643
17698956 1 56 1420577022643
24849868 1 393 1420577022643
27091328 2 5614 1420577022643
36440780 1 409 1420577022643
55252152 2 5028 1420577022643
69020299 2 455 1420577022643
23354464 2 2807 1420577142643
23973187 1 2090 1420577142643
108039570 1 806 1420577142643
7867072 2 4392 1420577142643
49437246 1 2978 1420577142643
44426926 1 5527 1420577142643
123576946 1 3687 1420577142643
15601977 1 782 1420577142643
96184837 1 4978 1420577142643
12273252 1 441 1420577142643
326821147 1 2916 1420577142643
21104725 1 711 1420577142643
186222238 1 386 1420577142643
174890917 2 5651 1420577142643
17070252 1 2741 1420577142643
61292961 1 4684 1420577142643
24773493 1 1092 1420577142643
8861752 2 5718 1420577142643
188077169 1 3118 1420577142643
10005212 1 603 1420577142643
1381345892 1 65 1420577142643
73417273 1 291 1420577142643
25368027 1 5281 1420577142643
27091328 1 3847 1420577142643
24849868 2 393 1420577142643
316053072 1 1950 1420577142643
22990521 1 4360 1420577142643
1618007706 1 3032 1420577142643
276554601 1 2567 1420577142643
14192680 1 3877 1420577142643
14845376 2 3241 1420577142643
57333521 1 1646 1420577142643
19034656 1 1805 1420577142643
17604456 1 3709 1420577142643
18811814 1 1258 1420577142643
12413892 1 1861 1420577142643
15445129 1 1277 1420577142643
394078527 1 5736 1420577142643
10069612 2 4217 1420577142643
140080129 1 1554 1420577142643
175295203 1 1449 1420577142643
109013694 1 3854 1420577142643
195897346 2 2813 1420577142643
278093318 1 3062 1420577142643
20263526 1 1788 1420577142643
89787221 1 4923 1420577142643
17698956 1 56 1420577142643
19964088 1 2029 1420577142643
55252152 1 5028 1420577142643
69020299 1 455 1420577142643
22990521 1 4360 1420577262643
17047743 1 5656 1420577262643
23354464 2 2807 1420577262643
24705687 1 2785 1420577262643
292289403 1 5073 1420577262643
1618007706 1 3032 1420577262643
108039570 1 806 1420577262643
18360000 1 3272 1420577262643
7867072 2 4392 1420577262643
824157 1 1003 1420577262643
14192680 2 3877 1420577262643
14845376 2 3241 1420577262643
57333521 1 1823 1420577262643
15601977 1 782 1420577262643
16101657 1 313 1420577262643
1454742764 1 5890 1420577262643
12413892 1 1861 1420577262643
326821147 1 3478 1420577262643
33320626 1 3243 1420577262643
10069612 2 5956 1420577262643
175295203 1 1449 1420577262643
174890917 2 2255 1420577262643
17070252 1 2741 1420577262643
8861752 1 5718 1420577262643
109013694 1 3854 1420577262643
195897346 2 2813 1420577262643
188077169 1 3118 1420577262643
24206345 1 1618 1420577262643
1381345892 2 2563 1420577262643
19934731 1 1423 1420577262643
16785615 1 2888 1420577262643
73417273 1 291 1420577262643
278093318 2 3062 1420577262643
20263526 1 1788 1420577262643
25368027 2 5281 1420577262643
89787221 1 4432 1420577262643
17698956 1 56 1420577262643
24849868 2 5475 1420577262643
19964088 1 2029 1420577262643
69020299 1 2696 1420577262643
226606138 2 5668 1420577262643
18725415 1 311 1420577382643
23354464 2 19 1420577382643
24705687 1 2785 1420577382643
1618007706 1 1915 1420577382643
292289403 1 5073 1420577382643
108039570 1 806 1420577382643
18360000 1 3272 1420577382643
7867072 1 2974 1420577382643
824157 1 1003 1420577382643
14192680 2 3877 1420577382643
44426926 1 5898 1420577382643
14845376 2 739 1420577382643
34541677 1 5257 1420577382643
19781206 1 1170 1420577382643
12273252 1 441 1420577382643
33320626 1 3243 1420577382643
10069612 2 5956 1420577382643
16262688 1 4337 1420577382643
174890917 2 2255 1420577382643
17070252 1 2741 1420577382643
109013694 1 3854 1420577382643
24773493 1 1570 1420577382643
195897346 1 2673 1420577382643
188077169 1 3118 1420577382643
1381345892 2 2563 1420577382643
149157068 1 2373 1420577382643
19934731 1 1423 1420577382643
119538278 1 2229 1420577382643
278093318 2 3062 1420577382643
976147104 1 4286 1420577382643
25368027 2 5281 1420577382643
17698956 1 56 1420577382643
46358463 1 3839 1420577382643
27091328 1 3847 1420577382643
24849868 1 5475 1420577382643
202777395 1 94 1420577382643
214214616 1 1757 1420577382643
226606138 2 5668 1420577382643
69020299 1 2696 1420577382643
18964685 1 4598 1420577502643
18725415 2 311 1420577502643
23354464 2 19 1420577502643
309220197 1 2492 1420577502643
1618007706 1 1915 1420577502643
23973187 1 4932 1420577502643
108039570 1 806 1420577502643
824157 1 1003 1420577502643
49437246 1 2978 1420577502643
14192680 2 3877 1420577502643
14845376 2 739 1420577502643
384479689 1 2689 1420577502643
34541677 1 5257 1420577502643
19781206 1 1170 1420577502643
45710831 1 1388 1420577502643
326821147 1 3478 1420577502643
12273252 2 2936 1420577502643
10069612 1 5956 1420577502643
512403075 1 542 1420577502643
11129062 1 3196 1420577502643
174890917 1 2255 1420577502643
109013694 1 3854 1420577502643
8861752 2 5681 1420577502643
195897346 2 2673 1420577502643
373316165 1 5281 1420577502643
51220493 1 1075 1420577502643
14745100 1 2003 1420577502643
1381345892 1 2563 1420577502643
19934731 1 1423 1420577502643
15520253 1 1132 1420577502643
73417273 1 4341 1420577502643
22948692 1 3258 1420577502643
278093318 1 3062 1420577502643
119538278 1 2229 1420577502643
16220541 1 5845 1420577502643
25368027 2 5281 1420577502643
89787221 1 4432 1420577502643
17698956 1 56 1420577502643
202777395 1 94 1420577502643
92733433 1 104 1420577502643
203020760 1 5490 1420577502643
226606138 1 5668 1420577502643
18725415 1 3801 1420577622643
23354464 2 5549 1420577622643
309220197 1 2492 1420577622643
1618007706 1 1915 1420577622643
23973187 1 4932 1420577622643
108039570 1 806 1420577622643
7867072 2 2974 1420577622643
824157 1 1003 1420577622643
49437246 1 2978 1420577622643
14192680 2 3877 1420577622643
44426926 1 5898 1420577622643
14845376 2 739 1420577622643
18811814 1 3139 1420577622643
19781206 1 1170 1420577622643
45710831 1 1388 1420577622643
12273252 1 2936 1420577622643
326821147 2 5230 1420577622643
10069612 2 5637 1420577622643
140080129 1 1554 1420577622643
16497947 1 1047 1420577622643
27103822 1 3912 1420577622643
11129062 2 3196 1420577622643
512403075 1 542 1420577622643
186222238 1 386 1420577622643
174890917 2 3626 1420577622643
8861752 2 5681 1420577622643
195897346 1 2673 1420577622643
40996128 2 2681 1420577622643
51220493 2 1075 1420577622643
10005212 1 3838 1420577622643
1381345892 1 5583 1420577622643
19934731 1 1423 1420577622643
15520253 2 1132 1420577622643
73417273 1 4341 1420577622643
22948692 1 3258 1420577622643
25368027 2 2911 1420577622643
17698956 1 56 1420577622643
24849868 1 3905 1420577622643
811303 1 233 1420577622643
92733433 1 104 1420577622643
4282171 1 2101 1420577622643
69020299 2 4597 1420577622643
23354464 2 5549 1420577742643
1618007706 2 828 1420577742643
7867072 2 4508 1420577742643
824157 2 4802 1420577742643
14811775 1 5999 1420577742643
14192680 2 3877 1420577742643
44426926 1 2529 1420577742643
14845376 2 4464 1420577742643
87290802 1 731 1420577742643
19287097 2 1934 1420577742643
18811814 1 3139 1420577742643
21842357 1 445 1420577742643
15856366 1 4374 1420577742643
104227735 1 4032 1420577742643
12273252 1 321 1420577742643
326821147 2 5230 1420577742643
10069612 1 5637 1420577742643
21104725 1 711 1420577742643
140080129 2 1554 1420577742643
27103822 1 3912 1420577742643
11129062 1 3196 1420577742643
174890917 2 3626 1420577742643
8861752 1 5681 1420577742643
199358175 1 3003 1420577742643
40996128 1 2681 1420577742643
92791146 1 1669 1420577742643
51220493 1 1075 1420577742643
20133051 1 3409 1420577742643
1381345892 2 5583 1420577742643
15520253 1 1132 1420577742643
8312862 1 1552 1420577742643
73417273 2 4341 1420577742643
22948692 1 3258 1420577742643
278093318 1 3852 1420577742643
25368027 1 2911 1420577742643
27091328 2 937 1420577742643
24849868 2 3905 1420577742643
69020299 2 4597 1420577742643
23354464 2 5549 1420577862643
309220197 2 4319 1420577862643
23973187 1 5816 1420577862643
7867072 2 4508 1420577862643
824157 2 4802 1420577862643
14811775 1 5999 1420577862643
44426926 1 2529 1420577862643
87290802 1 731 1420577862643
44448194 1 2690 1420577862643
19287097 1 1934 1420577862643
21842357 1 445 1420577862643
45710831 1 969 1420577862643
12273252 1 321 1420577862643
326821147 1 5230 1420577862643
21104725 1 711 1420577862643
472207757 1 2293 1420577862643
17145499 1 5472 1420577862643
174890917 2 3626 1420577862643
188077169 1 1272 1420577862643
19205893 1 5150 1420577862643
92791146 1 1669 1420577862643
51220493 1 1075 1420577862643
10005212 1 3838 1420577862643
20133051 1 3409 1420577862643
1381345892 2 5583 1420577862643
16785615 1 4858 1420577862643
73417273 2 4995 1420577862643
8312862 2 1552 1420577862643
22948692 1 5058 1420577862643
976147104 1 5944 1420577862643
25368027 1 2911 1420577862643
487535749 1 973 1420577862643
24849868 2 3905 1420577862643
27091328 1 937 1420577862643
811303 1 233 1420577862643
34409159 1 4019 1420577862643
1618007706 1 828 1420577862643
14192680 2 3877 1420577862643
14845376 2 4464 1420577862643
384479689 1 5028 1420577862643
57333521 1 3322 1420577862643
15856366 1 4374 1420577862643
140080129 2 1554 1420577862643
19200736 1 5434 1420577862643
109013694 1 3854 1420577862643
278093318 2 3852 1420577862643
16045956 2 706 1420577862643
92733433 1 104 1420577862643
338262255 1 642 1420577862643
69020299 2 4597 1420577862643
18703477 1 1008 1420577982643
23354464 2 5549 1420577982643
309220197 1 4319 1420577982643
7867072 2 4508 1420577982643
824157 1 4802 1420577982643
21842357 2 445 1420577982643
45710831 1 969 1420577982643
12273252 1 321 1420577982643
33320626 1 2553 1420577982643
226493139 1 3226 1420577982643
17145499 1 5472 1420577982643
35818653 1 1949 1420577982643
808721557 1 4797 1420577982643
174890917 2 3626 1420577982643
17070252 1 2741 1420577982643
24773493 1 1428 1420577982643
92791146 2 1669 1420577982643
51220493 1 1075 1420577982643
10005212 1 3838 1420577982643
17965433 1 954 1420577982643
1381345892 2 5583 1420577982643
16785615 1 4858 1420577982643
8312862 1 1552 1420577982643
73417273 2 4995 1420577982643
25368027 1 2911 1420577982643
24849868 1 3905 1420577982643
811303 1 233 1420577982643
34409159 1 4019 1420577982643
316053072 1 3612 1420577982643
89316412 1 3521 1420577982643
292289403 1 2835 1420577982643
18360000 2 3272 1420577982643
14192680 2 3877 1420577982643
14845376 2 4464 1420577982643
384479689 2 5028 1420577982643
57333521 1 3322 1420577982643
1051313198 1 1743 1420577982643
15856366 1 4374 1420577982643
160890393 1 2439 1420577982643
10069612 1 5637 1420577982643
140080129 2 1554 1420577982643
20096207 1 5326 1420577982643
109013694 2 3854 1420577982643
19200736 1 5434 1420577982643
14745100 1 5977 1420577982643
278093318 2 3852 1420577982643
20263526 1 1616 1420577982643
89787221 1 2400 1420577982643
17698956 1 56 1420577982643
16045956 2 706 1420577982643
92733433 2 3942 1420577982643
338262255 1 642 1420577982643
69020299 1 4597 1420577982643
18703477 2 1008 1420578102643
23354464 2 2624 1420578102643
24705687 1 4633 1420578102643
1581203119 1 4917 1420578102643
7867072 2 4508 1420578102643
824157 2 4802 1420578102643
14811775 1 5999 1420578102643
21842357 2 445 1420578102643
45710831 1 969 1420578102643
12273252 1 321 1420578102643
226493139 2 3226 1420578102643
808721557 1 4797 1420578102643
35818653 1 1949 1420578102643
174890917 1 255 1420578102643
17070252 2 2741 1420578102643
24773493 2 1428 1420578102643
8861752 1 3816 1420578102643
92791146 1 1669 1420578102643
14736904 1 2000 1420578102643
10005212 1 514 1420578102643
1381345892 2 1495 1420578102643
19934731 1 1423 1420578102643
22948692 1 5058 1420578102643
73417273 2 4995 1420578102643
24849868 1 2722 1420578102643
811303 1 233 1420578102643
316053072 1 3612 1420578102643
89316412 1 3521 1420578102643
292289403 1 2835 1420578102643
20745130 1 4416 1420578102643
18360000 1 3272 1420578102643
14192680 1 3877 1420578102643
14845376 2 4464 1420578102643
384479689 2 5028 1420578102643
57333521 1 3322 1420578102643
34541677 1 2407 1420578102643
1051313198 1 1743 1420578102643
19781206 1 1170 1420578102643
15856366 1 4374 1420578102643
15980503 1 5681 1420578102643
160890393 1 2439 1420578102643
10069612 2 5637 1420578102643
140080129 2 1554 1420578102643
16262688 1 213 1420578102643
20096207 1 5326 1420578102643
109013694 1 3854 1420578102643
195897346 1 2946 1420578102643
40996128 1 2681 1420578102643
14745100 1 5977 1420578102643
37666026 1 4570 1420578102643
278093318 2 3852 1420578102643
130447060 1 3464 1420578102643
20263526 1 1616 1420578102643
89787221 1 2400 1420578102643
21796484 1 1531 1420578102643
382230093 1 5753 1420578102643
17698956 1 56 1420578102643
16045956 2 706 1420578102643
92733433 2 3942 1420578102643
18703477 1 1008 1420578222643
23354464 2 2624 1420578222643
1581203119 1 4917 1420578222643
23973187 1 5816 1420578222643
7867072 2 181 1420578222643
824157 1 4802 1420578222643
14811775 1 3193 1420578222643
44426926 1 1598 1420578222643
19287097 1 1934 1420578222643
21842357 2 1752 1420578222643
45710831 1 969 1420578222643
1365924662 1 2971 1420578222643
12273252 1 2597 1420578222643
226493139 1 3226 1420578222643
35818653 1 1949 1420578222643
17070252 1 2741 1420578222643
174890917 1 255 1420578222643
24773493 1 1428 1420578222643
188077169 1 1272 1420578222643
92791146 2 1669 1420578222643
1381345892 2 1495 1420578222643
17348724 1 1008 1420578222643
19934731 1 1423 1420578222643
22948692 2 5058 1420578222643
73417273 2 4995 1420578222643
976147104 1 5944 1420578222643
27091328 1 707 1420578222643
24849868 1 2722 1420578222643
34409159 1 4019 1420578222643
22990521 1 4360 1420578222643
20745130 1 4416 1420578222643
276554601 2 2410 1420578222643
1618007706 1 828 1420578222643
14192680 1 3877 1420578222643
14845376 2 4464 1420578222643
384479689 1 5028 1420578222643
57333521 2 3322 1420578222643
34541677 2 2407 1420578222643
16277373 1 4237 1420578222643
15980503 1 5681 1420578222643
36767344 1 141 1420578222643
10069612 2 2070 1420578222643
140080129 1 1554 1420578222643
16262688 1 213 1420578222643
109013694 1 3854 1420578222643
195897346 2 2946 1420578222643
40996128 1 2446 1420578222643
37666026 1 4570 1420578222643
15520253 1 1826 1420578222643
278093318 2 3852 1420578222643
130447060 1 3464 1420578222643
89787221 1 2400 1420578222643
21796484 1 1531 1420578222643
16045956 2 706 1420578222643
19964088 1 2029 1420578222643
92733433 2 3942 1420578222643
23354464 2 2624 1420578342643
108039570 1 806 1420578342643
7867072 2 181 1420578342643
15484266 1 3538 1420578342643
44426926 1 1598 1420578342643
19287097 1 1934 1420578342643
21842357 2 1752 1420578342643
12273252 1 2597 1420578342643
326821147 1 2045 1420578342643
23624581 1 332 1420578342643
27103822 1 1309 1420578342643
11178672 1 2674 1420578342643
188077169 2 3283 1420578342643
92791146 1 1669 1420578342643
10005212 1 514 1420578342643
149157068 1 3528 1420578342643
1381345892 2 1495 1420578342643
17348724 1 1008 1420578342643
22948692 2 1122 1420578342643
73417273 2 4995 1420578342643
8312862 1 4164 1420578342643
976147104 1 5944 1420578342643
25368027 1 5920 1420578342643
27091328 1 707 1420578342643
34409159 1 4019 1420578342643
567341777 1 314 1420578342643
276554601 1 2410 1420578342643
1618007706 2 863 1420578342643
20745130 1 4416 1420578342643
14192680 1 3877 1420578342643
15646547 1 258 1420578342643
14845376 2 3340 1420578342643
384479689 1 5028 1420578342643
57333521 2 3322 1420578342643
34541677 1 2407 1420578342643
79292033 1 1223 1420578342643
36767344 1 141 1420578342643
160890393 1 2439 1420578342643
10069612 1 2070 1420578342643
16497947 1 1047 1420578342643
109013694 1 3854 1420578342643
195897346 2 2946 1420578342643
40996128 1 2446 1420578342643
15520253 1 1826 1420578342643
278093318 1 47 1420578342643
89787221 1 2400 1420578342643
76162725 1 4565 1420578342643
16045956 2 706 1420578342643
19964088 1 2029 1420578342643
92733433 2 3942 1420578342643
89316412 1 3997 1420578462643
23354464 2 3012 1420578462643
309220197 1 1730 1420578462643
20745130 1 437 1420578462643
1618007706 1 863 1420578462643
108039570 1 806 1420578462643
7867072 1 181 1420578462643
14192680 2 3877 1420578462643
15646547 1 258 1420578462643
14845376 2 3340 1420578462643
384479689 1 1440 1420578462643
321470779 1 596 1420578462643
43216942 1 1111 1420578462643
57333521 2 2284 1420578462643
21842357 2 1752 1420578462643
12413892 2 5666 1420578462643
104227735 1 45 1420578462643
12273252 1 2597 1420578462643
326821147 1 2045 1420578462643
41119424 1 2005 1420578462643
23624581 1 332 1420578462643
16497947 2 1047 1420578462643
140080129 1 1554 1420578462643
27103822 1 1309 1420578462643
11178672 1 2674 1420578462643
8861752 1 3816 1420578462643
195897346 1 2946 1420578462643
188077169 2 3283 1420578462643
19205893 1 3703 1420578462643
40996128 1 2446 1420578462643
51220493 1 1075 1420578462643
10005212 1 514 1420578462643
1381345892 2 1495 1420578462643
17348724 1 1008 1420578462643
169193463 1 1179 1420578462643
58975906 1 696 1420578462643
8312862 1 4164 1420578462643
73417273 2 3675 1420578462643
22948692 2 1122 1420578462643
278093318 1 47 1420578462643
25368027 1 5920 1420578462643
89787221 2 109 1420578462643
76162725 1 4565 1420578462643
16045956 2 706 1420578462643
92733433 1 5975 1420578462643
24426175 1 4725 1420578462643
18964685 1 4410 1420578582643
23354464 2 3012 1420578582643
309220197 1 1730 1420578582643
131003396 1 4611 1420578582643
16621805 1 1560 1420578582643
21842357 2 1752 1420578582643
104227735 1 45 1420578582643
12273252 2 2597 1420578582643
8861752 1 5751 1420578582643
24773493 1 5594 1420578582643
188077169 1 3283 1420578582643
92791146 2 1669 1420578582643
51220493 1 1075 1420578582643
1381345892 1 2880 1420578582643
17348724 2 1008 1420578582643
19934731 1 1423 1420578582643
22948692 2 1122 1420578582643
73417273 1 3675 1420578582643
24426175 2 4725 1420578582643
316053072 1 2899 1420578582643
89316412 2 3997 1420578582643
567341777 2 314 1420578582643
1618007706 1 863 1420578582643
74578857 1 5689 1420578582643
14192680 2 3877 1420578582643
14845376 2 3340 1420578582643
50225386 1 2667 1420578582643
384479689 1 1440 1420578582643
57333521 1 2284 1420578582643
321470779 1 596 1420578582643
34541677 1 1 1420578582643
12413892 1 5666 1420578582643
15445129 1 5627 1420578582643
41119424 1 2005 1420578582643
16497947 1 1047 1420578582643
140080129 1 1554 1420578582643
16262688 1 2628 1420578582643
19200736 2 3407 1420578582643
109013694 1 3854 1420578582643
195897346 1 644 1420578582643
169193463 1 1179 1420578582643
58975906 1 696 1420578582643
19274498 1 2822 1420578582643
278093318 2 47 1420578582643
130447060 1 5064 1420578582643
89787221 1 109 1420578582643
16045956 2 706 1420578582643
120985729 1 72 1420578582643
92733433 2 5975 1420578582643
69020299 1 4441 1420578582643
316053072 1 2899 1420578702643
89316412 1 3997 1420578702643
259637983 1 3518 1420578702643
567341777 1 5724 1420578702643
23354464 2 3012 1420578702643
1618007706 1 3422 1420578702643
7867072 2 2068 1420578702643
263131563 1 1483 1420578702643
14192680 2 3877 1420578702643
44426926 1 200 1420578702643
14787749 1 4377 1420578702643
50225386 1 2667 1420578702643
14845376 2 5260 1420578702643
384479689 1 1440 1420578702643
57333521 1 2284 1420578702643
17604456 1 3709 1420578702643
16621805 1 1560 1420578702643
12413892 1 5666 1420578702643
21842357 1 5258 1420578702643
12273252 2 5295 1420578702643
140080129 2 1554 1420578702643
16262688 1 2628 1420578702643
17070252 1 2741 1420578702643
8861752 1 5751 1420578702643
24773493 1 5594 1420578702643
19200736 1 3407 1420578702643
195897346 2 644 1420578702643
188077169 1 665 1420578702643
92791146 2 1669 1420578702643
1381345892 1 2880 1420578702643
17348724 1 2606 1420578702643
19934731 1 1423 1420578702643
12794362 1 315 1420578702643
73417273 2 3675 1420578702643
22948692 2 4177 1420578702643
278093318 2 47 1420578702643
25368027 1 5920 1420578702643
130447060 1 5064 1420578702643
89787221 1 109 1420578702643
1006922053 1 1772 1420578702643
16045956 2 706 1420578702643
120985729 1 72 1420578702643
92733433 2 5975 1420578702643
24426175 1 4725 1420578702643
69020299 1 4441 1420578702643
567341777 2 5724 1420578822643
23354464 2 1428 1420578822643
309220197 1 484 1420578822643
1886740873 1 1864 1420578822643
7867072 1 2068 1420578822643
824157 1 3040 1420578822643
14192680 1 3877 1420578822643
44426926 1 200 1420578822643
14787749 1 4377 1420578822643
14845376 2 5260 1420578822643
57333521 1 2784 1420578822643
17604456 1 3709 1420578822643
12413892 2 3633 1420578822643
19781206 1 1170 1420578822643
15856366 1 910 1420578822643
12273252 1 5295 1420578822643
467431144 2 2894 1420578822643
140080129 1 1554 1420578822643
28516164 1 5665 1420578822643
24773493 1 5594 1420578822643
8861752 1 5751 1420578822643
19200736 1 3407 1420578822643
17472921 1 4834 1420578822643
90714989 1 3986 1420578822643
195897346 1 644 1420578822643
92791146 2 1669 1420578822643
24206345 1 1618 1420578822643
1381345892 1 2880 1420578822643
22192440 2 3897 1420578822643
12794362 1 315 1420578822643
22948692 1 4177 1420578822643
73417273 1 842 1420578822643
278093318 2 730 1420578822643
25368027 2 1879 1420578822643
89787221 1 5136 1420578822643
27091328 1 2290 1420578822643
24849868 1 4598 1420578822643
16045956 1 706 1420578822643
92733433 1 5975 1420578822643
69020299 2 4441 1420578822643
567341777 2 5724 1420578942643
23354464 2 1428 1420578942643
7867072 1 2068 1420578942643
824157 1 3040 1420578942643
14192680 1 3877 1420578942643
44426926 1 200 1420578942643
14845376 2 5260 1420578942643
384479689 1 2601 1420578942643
57333521 1 2784 1420578942643
15920875 1 1753 1420578942643
34541677 1 1214 1420578942643
12413892 2 3633 1420578942643
19781206 1 1170 1420578942643
104227735 1 5470 1420578942643
15856366 2 910 1420578942643
326821147 1 2349 1420578942643
12273252 1 5295 1420578942643
10069612 1 5831 1420578942643
467431144 1 2894 1420578942643
140080129 2 1554 1420578942643
27103822 1 4131 1420578942643
17070252 1 2741 1420578942643
19200736 1 4056 1420578942643
24773493 1 2175 1420578942643
388784593 1 1279 1420578942643
90714989 1 3986 1420578942643
17472921 1 4834 1420578942643
195897346 1 849 1420578942643
92791146 2 1669 1420578942643
10005212 1 3018 1420578942643
22192440 1 3897 1420578942643
19274498 1 4371 1420578942643
278093318 2 730 1420578942643
16220541 1 2323 1420578942643
25368027 1 1879 1420578942643
16045956 1 706 1420578942643
251369428 1 2565 1420578942643
27091328 2 2290 1420578942643
41644754 1 3966 1420578942643
619739966 1 1462 1420578942643
92733433 1 1525 1420578942643
69020299 2 3367 1420578942643
18964685 1 3934 1420579062643
23354464 2 1428 1420579062643
567341777 1 3433 1420579062643
1618007706 1 3641 1420579062643
7867072 1 4438 1420579062643
14192680 2 3877 1420579062643
44426926 1 200 1420579062643
14845376 2 5260 1420579062643
384479689 2 2601 1420579062643
57333521 1 2784 1420579062643
180026716 1 5273 1420579062643
17604456 1 3709 1420579062643
16101657 1 313 1420579062643
34541677 1 1214 1420579062643
21842357 1 5258 1420579062643
12413892 1 3633 1420579062643
15856366 2 910 1420579062643
818340 1 1799 1420579062643
12273252 1 5295 1420579062643
326821147 1 2349 1420579062643
160890393 2 4653 1420579062643
10069612 1 5831 1420579062643
140080129 1 1554 1420579062643
16262688 1 726 1420579062643
19200736 1 4056 1420579062643
8861752 1 4550 1420579062643
195897346 2 849 1420579062643
92791146 1 1669 1420579062643
51220493 1 1075 1420579062643
14745100 1 1720 1420579062643
20133051 1 1738 1420579062643
384940104 1 1985 1420579062643
8312862 1 2279 1420579062643
73417273 1 842 1420579062643
278093318 2 730 1420579062643
25368027 1 1879 1420579062643
130447060 1 609 1420579062643
27091328 2 2290 1420579062643
16045956 1 706 1420579062643
41644754 1 3966 1420579062643
92733433 1 1525 1420579062643
93644596 1 4319 1420579062643
619739966 1 1462 1420579062643
24426175 1 3402 1420579062643
104291835 1 5905 1420579062643
338262255 1 74 1420579062643
69020299 1 3367 1420579062643
18964685 1 3934 1420579182643
23354464 2 1428 1420579182643
309220197 1 484 1420579182643
39841830 1 5334 1420579182643
824157 2 3040 1420579182643
44426926 1 3511 1420579182643
21842357 2 1997 1420579182643
326821147 1 2349 1420579182643
33320626 1 2307 1420579182643
15111389 1 3210 1420579182643
61292961 1 2286 1420579182643
8861752 1 4550 1420579182643
373316165 1 4121 1420579182643
188077169 1 5401 1420579182643
51220493 1 1075 1420579182643
50023090 1 4685 1420579182643
8312862 1 2279 1420579182643
73417273 2 842 1420579182643
22948692 1 3844 1420579182643
25368027 1 1879 1420579182643
24849868 1 4598 1420579182643
27091328 2 2290 1420579182643
41644754 1 3966 1420579182643
4282171 1 2143 1420579182643
24426175 2 3402 1420579182643
567341777 1 3433 1420579182643
1618007706 1 3641 1420579182643
14192680 2 3877 1420579182643
14845376 1 832 1420579182643
384479689 1 2601 1420579182643
57333521 1 2784 1420579182643
17604456 1 3709 1420579182643
16101657 1 313 1420579182643
34541677 1 1214 1420579182643
12413892 2 3633 1420579182643
15856366 2 910 1420579182643
818340 1 1799 1420579182643
160890393 1 4653 1420579182643
140080129 2 1554 1420579182643
16262688 1 726 1420579182643
195897346 1 849 1420579182643
17472921 1 4834 1420579182643
23453742 1 2725 1420579182643
23742474 1 1238 1420579182643
384940104 2 1985 1420579182643
19274498 1 4371 1420579182643
44682474 1 4601 1420579182643
278093318 1 730 1420579182643
130447060 1 609 1420579182643
46358463 1 2321 1420579182643
16045956 1 706 1420579182643
92733433 2 1525 1420579182643
55252152 1 2056 1420579182643
104291835 1 5905 1420579182643
338262255 2 74 1420579182643
18964685 1 3934 1420579302643
23354464 2 1844 1420579302643
39841830 1 5334 1420579302643
7867072 2 4438 1420579302643
824157 2 5380 1420579302643
15920875 1 1753 1420579302643
491638416 1 5952 1420579302643
21842357 1 1997 1420579302643
1364403168 1 4381 1420579302643
326821147 1 2349 1420579302643
12273252 1 3244 1420579302643
33320626 1 2307 1420579302643
472207757 1 4317 1420579302643
15111389 1 3210 1420579302643
174890917 1 2281 1420579302643
61292961 1 2286 1420579302643
8861752 2 4550 1420579302643
373316165 1 4121 1420579302643
149157068 1 3136 1420579302643
1381345892 1 1 1420579302643
50023090 1 4685 1420579302643
73417273 1 1671 1420579302643
238480712 1 692 1420579302643
24849868 2 3050 1420579302643
27091328 2 3537 1420579302643
811303 1 240 1420579302643
41644754 2 3966 1420579302643
4282171 2 2143 1420579302643
24426175 1 3402 1420579302643
14192680 2 3877 1420579302643
14845376 2 832 1420579302643
384479689 2 2601 1420579302643
17437735 1 2702 1420579302643
34541677 1 1214 1420579302643
12413892 2 4299 1420579302643
15856366 1 661 1420579302643
166715703 1 3432 1420579302643
140080129 2 1554 1420579302643
17472921 1 5499 1420579302643
195897346 1 849 1420579302643
23742474 1 1238 1420579302643
384940104 1 1985 1420579302643
44682474 1 4601 1420579302643
278093318 2 730 1420579302643
89787221 2 5136 1420579302643
17698956 1 56 1420579302643
251369428 1 2565 1420579302643
16045956 1 706 1420579302643
46358463 1 2321 1420579302643
619739966 1 1462 1420579302643
92733433 2 1525 1420579302643
55252152 1 2056 1420579302643
338262255 1 74 1420579302643
18964685 1 3934 1420579422643
23354464 2 1844 1420579422643
309220197 1 5752 1420579422643
23973187 1 1858 1420579422643
7867072 2 4438 1420579422643
824157 1 5380 1420579422643
49437246 1 2978 1420579422643
43216942 1 4444 1420579422643
15920875 1 4805 1420579422643
879521 1 3502 1420579422643
21842357 1 1997 1420579422643
1364403168 1 4381 1420579422643
12273252 1 3244 1420579422643
472207757 1 4317 1420579422643
186222238 1 386 1420579422643
174890917 2 2281 1420579422643
8861752 2 4550 1420579422643
1381345892 2 1 1420579422643
149157068 1 3136 1420579422643
8312862 1 2279 1420579422643
25368027 1 3293 1420579422643
1006922053 1 1170 1420579422643
24849868 1 3050 1420579422643
27091328 1 3537 1420579422643
41644754 2 4436 1420579422643
811303 1 240 1420579422643
4282171 1 2143 1420579422643
22990521 1 4360 1420579422643
567341777 1 3433 1420579422643
1618007706 1 3641 1420579422643
14192680 2 3877 1420579422643
15646547 1 258 1420579422643
14845376 2 832 1420579422643
384479689 1 128 1420579422643
19034656 1 128 1420579422643
34541677 2 1214 1420579422643
17437735 1 2702 1420579422643
18811814 1 973 1420579422643
12413892 2 4299 1420579422643
10069612 2 5831 1420579422643
140080129 2 1554 1420579422643
20146313 1 1830 1420579422643
16262688 1 726 1420579422643
17472921 1 5499 1420579422643
195897346 2 849 1420579422643
40996128 1 2627 1420579422643
384940104 1 1985 1420579422643
278093318 2 1592 1420579422643
89787221 2 5720 1420579422643
25870048 1 2510 1420579422643
17698956 1 56 1420579422643
251369428 1 2565 1420579422643
619739966 1 1462 1420579422643
92733433 1 1525 1420579422643
104291835 1 5905 1420579422643
338262255 1 74 1420579422643
69020299 1 3367 1420579422643
23354464 1 1844 1420579542643
309220197 2 5752 1420579542643
23973187 1 1858 1420579542643
7867072 2 2628 1420579542643
129917609 1 1265 1420579542643
36573752 1 1501 1420579542643
879521 1 3502 1420579542643
21842357 1 1997 1420579542643
4380591 1 4003 1420579542643
12273252 2 3244 1420579542643
33320626 1 2307 1420579542643
27103822 1 744 1420579542643
186222238 1 386 1420579542643
19118802 1 1577 1420579542643
174890917 2 2281 1420579542643
8861752 2 2531 1420579542643
134772528 1 1174 1420579542643
1381345892 1 1 1420579542643
73417273 1 1671 1420579542643
8312862 1 4691 1420579542643
22948692 1 3844 1420579542643
25368027 1 3293 1420579542643
24849868 1 3050 1420579542643
41644754 1 4436 1420579542643
24426175 1 3228 1420579542643
238115057 1 5467 1420579542643
22990521 1 4360 1420579542643
89316412 1 4970 1420579542643
1618007706 1 3641 1420579542643
14192680 2 3877 1420579542643
14845376 2 832 1420579542643
57333521 1 1891 1420579542643
19034656 1 128 1420579542643
34541677 1 1176 1420579542643
18811814 2 973 1420579542643
12413892 2 4299 1420579542643
15856366 1 661 1420579542643
10069612 1 2486 1420579542643
140080129 1 1554 1420579542643
20146313 1 1830 1420579542643
16262688 1 726 1420579542643
17472921 1 5499 1420579542643
195897346 1 93 1420579542643
40996128 1 2627 1420579542643
23742474 1 1238 1420579542643
325220198 1 1163 1420579542643
12794362 1 3316 1420579542643
384940104 1 1985 1420579542643
278093318 2 1592 1420579542643
16220541 1 1397 1420579542643
89787221 2 5720 1420579542643
25870048 2 2510 1420579542643
104291835 1 5905 1420579542643
69020299 1 5946 1420579542643
338262255 1 74 1420579542643
238115057 1 5467 1420579662643
18725415 1 832 1420579662643
567341777 1 5258 1420579662643
23354464 2 5380 1420579662643
309220197 1 5752 1420579662643
1618007706 2 1385 1420579662643
7867072 2 2628 1420579662643
14192680 1 3877 1420579662643
44426926 1 3751 1420579662643
14845376 2 2610 1420579662643
384479689 1 128 1420579662643
57333521 2 1891 1420579662643
129917609 1 1265 1420579662643
36573752 1 1501 1420579662643
34541677 2 1176 1420579662643
18811814 1 973 1420579662643
21842357 1 3270 1420579662643
12413892 1 4299 1420579662643
12273252 2 3244 1420579662643
33320626 2 770 1420579662643
10069612 2 2486 1420579662643
140080129 1 1554 1420579662643
349227445 1 2428 1420579662643
27103822 1 744 1420579662643
186222238 1 386 1420579662643
17070252 1 2741 1420579662643
19118802 1 1577 1420579662643
174890917 2 2281 1420579662643
24773493 1 5404 1420579662643
8861752 2 2531 1420579662643
134772528 1 1174 1420579662643
23742474 2 754 1420579662643
25242416 1 1623 1420579662643
17348724 1 5592 1420579662643
325220198 1 1163 1420579662643
16253142 1 5236 1420579662643
12794362 1 3316 1420579662643
22948692 1 4690 1420579662643
73417273 1 1671 1420579662643
278093318 2 1592 1420579662643
89787221 1 5720 1420579662643
25870048 1 2510 1420579662643
251369428 1 2565 1420579662643
27091328 1 3537 1420579662643
92733433 1 1003 1420579662643
18964685 1 1968 1420579782643
15907716 1 5847 1420579782643
23354464 2 5380 1420579782643
18725415 1 832 1420579782643
309220197 1 5752 1420579782643
1581203119 1 317 1420579782643
7867072 2 2628 1420579782643
824157 1 5169 1420579782643
16621805 1 178 1420579782643
36573752 1 1501 1420579782643
879521 1 3502 1420579782643
21842357 1 3270 1420579782643
12273252 1 1815 1420579782643
326821147 1 3035 1420579782643
33320626 1 770 1420579782643
27103822 1 744 1420579782643
18685577 1 708 1420579782643
186222238 1 386 1420579782643
174890917 2 2342 1420579782643
17070252 1 2741 1420579782643
8861752 2 2531 1420579782643
24773493 2 5404 1420579782643
17810599 1 1624 1420579782643
1381345892 2 1 1420579782643
22192440 1 434 1420579782643
17348724 1 5592 1420579782643
16253142 1 5236 1420579782643
27091328 2 3537 1420579782643
24426175 1 3228 1420579782643
4282171 2 4637 1420579782643
1618007706 1 1385 1420579782643
14192680 2 3877 1420579782643
14845376 2 2610 1420579782643
384479689 1 128 1420579782643
57333521 1 1891 1420579782643
118292510 1 5679 1420579782643
34541677 2 1176 1420579782643
10069612 2 2486 1420579782643
140080129 1 1554 1420579782643
16262688 1 163 1420579782643
14745100 1 5308 1420579782643
23742474 2 754 1420579782643
25242416 1 1623 1420579782643
169193463 1 1179 1420579782643
19274498 1 5766 1420579782643
278093318 2 1592 1420579782643
89787221 2 5720 1420579782643
46697447 1 5771 1420579782643
251369428 1 2565 1420579782643
16045956 1 706 1420579782643
36440780 1 4392 1420579782643
69020299 1 5946 1420579782643
15907716 1 5847 1420579902643
23354464 1 5380 1420579902643
1581203119 2 317 1420579902643
7867072 2 2628 1420579902643
123576946 1 2914 1420579902643
87290802 1 731 1420579902643
15836048 1 4526 1420579902643
36573752 1 1501 1420579902643
879521 1 3502 1420579902643
1454742764 1 4249 1420579902643
21842357 1 3270 1420579902643
1364403168 1 2088 1420579902643
12273252 1 1815 1420579902643
326821147 1 3035 1420579902643
349227445 1 2428 1420579902643
27103822 1 744 1420579902643
17145499 1 2907 1420579902643
186222238 2 386 1420579902643
808721557 1 5756 1420579902643
174890917 2 2342 1420579902643
17070252 1 2741 1420579902643
24773493 2 5404 1420579902643
8861752 2 2531 1420579902643
188077169 1 3145 1420579902643
10005212 1 3504 1420579902643
1381345892 2 4083 1420579902643
17348724 1 5592 1420579902643
172496840 1 3470 1420579902643
27091328 1 1646 1420579902643
4282171 1 4637 1420579902643
24426175 1 3228 1420579902643
1566741842 1 3904 1420579902643
14192680 2 3877 1420579902643
15646547 1 258 1420579902643
14845376 2 2610 1420579902643
384479689 2 1813 1420579902643
57333521 1 1891 1420579902643
5146511 1 2640 1420579902643
118292510 1 5679 1420579902643
34541677 2 1176 1420579902643
10069612 1 2486 1420579902643
14745100 2 5308 1420579902643
23742474 1 754 1420579902643
169193463 1 1179 1420579902643
19274498 1 5766 1420579902643
278093318 2 3100 1420579902643
89787221 2 5720 1420579902643
46697447 1 5771 1420579902643
16045956 1 706 1420579902643
36440780 2 4392 1420579902643
619739966 1 5475 1420579902643
92733433 1 1003 1420579902643
69020299 1 5946 1420579902643
23354464 1 5380 1420580022643
1581203119 1 317 1420580022643
309220197 1 4329 1420580022643
7867072 2 4952 1420580022643
824157 1 5169 1420580022643
123576946 1 2914 1420580022643
1454742764 2 4249 1420580022643
4380591 1 4003 1420580022643
1364403168 1 2088 1420580022643
12273252 1 1815 1420580022643
349227445 1 2428 1420580022643
27103822 1 4721 1420580022643
186222238 2 386 1420580022643
808721557 1 5756 1420580022643
17070252 1 2741 1420580022643
174890917 2 2342 1420580022643
17810599 1 1624 1420580022643
24773493 1 5404 1420580022643
8861752 2 2020 1420580022643
188077169 2 3145 1420580022643
10005212 1 3504 1420580022643
24206345 1 1618 1420580022643
1381345892 2 4083 1420580022643
22192440 1 434 1420580022643
172496840 1 3470 1420580022643
976147104 1 2505 1420580022643
24849868 1 5628 1420580022643
21862217 1 5246 1420580022643
1618007706 2 1385 1420580022643
292289403 1 1250 1420580022643
1566741842 1 3904 1420580022643
14192680 2 3877 1420580022643
15646547 1 258 1420580022643
14845376 2 2610 1420580022643
384479689 2 1813 1420580022643
57333521 1 2695 1420580022643
34541677 1 3706 1420580022643
18811814 1 1135 1420580022643
12413892 1 1627 1420580022643
15856366 1 3530 1420580022643
43285968 1 2273 1420580022643
10069612 2 2486 1420580022643
21986815 1 2 1420580022643
140080129 1 1554 1420580022643
555359654 1 1468 1420580022643
14745100 1 5308 1420580022643
23742474 1 754 1420580022643
12794362 1 3316 1420580022643
15520253 1 2791 1420580022643
278093318 2 3100 1420580022643
89787221 1 5849 1420580022643
16045956 2 706 1420580022643
36440780 1 4392 1420580022643
92733433 1 1003 1420580022643
619739966 1 5475 1420580022643
18964685 1 1968 1420580142643
23354464 2 1676 1420580142643
259637983 1 4863 1420580142643
309220197 1 4329 1420580142643
7867072 2 4952 1420580142643
824157 2 5169 1420580142643
1454742764 1 4249 1420580142643
21842357 1 5619 1420580142643
4380591 1 4003 1420580142643
45710831 1 4518 1420580142643
12273252 1 1815 1420580142643
27103822 2 4721 1420580142643
808721557 1 5756 1420580142643
186222238 1 386 1420580142643
174890917 1 2342 1420580142643
17070252 1 2741 1420580142643
17810599 1 1624 1420580142643
8861752 2 2020 1420580142643
188077169 1 3145 1420580142643
92791146 1 1669 1420580142643
24206345 1 1618 1420580142643
1381345892 1 4083 1420580142643
22192440 1 434 1420580142643
17348724 1 3115 1420580142643
16253142 1 4217 1420580142643
22948692 1 4117 1420580142643
976147104 1 2505 1420580142643
21862217 1 5246 1420580142643
24849868 1 5628 1420580142643
27091328 1 1646 1420580142643
1618007706 2 627 1420580142643
292289403 1 1250 1420580142643
14192680 2 3877 1420580142643
14845376 2 2610 1420580142643
384479689 2 1813 1420580142643
57333521 1 2695 1420580142643
118292510 1 5679 1420580142643
19034656 1 5371 1420580142643
193232854 1 3894 1420580142643
18811814 1 1135 1420580142643
12413892 2 1627 1420580142643
19781206 1 1170 1420580142643
15856366 1 3530 1420580142643
15980503 1 2896 1420580142643
79292033 1 836 1420580142643
394078527 1 1723 1420580142643
43285968 1 2273 1420580142643
10069612 2 1680 1420580142643
140080129 1 1554 1420580142643
16262688 1 163 1420580142643
20096207 1 1869 1420580142643
17472921 1 5231 1420580142643
15520253 1 2791 1420580142643
278093318 1 3100 1420580142643
89787221 2 5849 1420580142643
16045956 2 706 1420580142643
120985729 1 4027 1420580142643
18964685 1 873 1420580262643
46213956 1 3271 1420580262643
23354464 1 1676 1420580262643
259637983 1 4863 1420580262643
7867072 2 4952 1420580262643
824157 1 5169 1420580262643
18970044 1 5298 1420580262643
1454742764 2 4249 1420580262643
879521 1 3502 1420580262643
19287097 1 1934 1420580262643
21842357 1 5619 1420580262643
45710831 2 4518 1420580262643
326821147 1 4321 1420580262643
27103822 1 4721 1420580262643
808721557 1 5756 1420580262643
17070252 2 2741 1420580262643
24773493 1 2961 1420580262643
8861752 2 2020 1420580262643
92791146 1 1669 1420580262643
10005212 1 3504 1420580262643
1381345892 1 4083 1420580262643
22192440 1 4061 1420580262643
17348724 2 3115 1420580262643
27091328 1 1646 1420580262643
4282171 1 3042 1420580262643
22990521 1 4360 1420580262643
1618007706 2 627 1420580262643
20745130 2 4399 1420580262643
276554601 1 4307 1420580262643
74578857 1 1630 1420580262643
14192680 1 3877 1420580262643
14845376 2 1957 1420580262643
384479689 2 1813 1420580262643
19034656 1 5371 1420580262643
34541677 2 3706 1420580262643
12413892 2 1627 1420580262643
19781206 2 1170 1420580262643
15980503 1 2896 1420580262643
15856366 1 3530 1420580262643
394078527 1 1723 1420580262643
10069612 1 1680 1420580262643
140080129 1 1554 1420580262643
16262688 2 2564 1420580262643
20096207 1 1869 1420580262643
195897346 1 4214 1420580262643
17472921 1 5231 1420580262643
23742474 1 3665 1420580262643
169193463 1 1179 1420580262643
15520253 2 2791 1420580262643
278093318 2 3100 1420580262643
89787221 1 5849 1420580262643
16045956 1 706 1420580262643
120985729 1 4027 1420580262643
92733433 2 4702 1420580262643
46213956 2 3271 1420580382643
23354464 1 1676 1420580382643
23973187 1 4371 1420580382643
7867072 2 4952 1420580382643
824157 2 5169 1420580382643
18970044 1 5298 1420580382643
44426926 1 2165 1420580382643
15601977 1 244 1420580382643
1454742764 1 1014 1420580382643
879521 1 3502 1420580382643
21842357 1 5619 1420580382643
45710831 2 4518 1420580382643
1365924662 1 1003 1420580382643
326821147 1 4321 1420580382643
17070252 1 2741 1420580382643
174890917 2 1442 1420580382643
152341106 1 2398 1420580382643
8861752 1 2020 1420580382643
24773493 1 2961 1420580382643
17810599 1 4965 1420580382643
188077169 1 3145 1420580382643
10005212 2 3504 1420580382643
40329236 1 3717 1420580382643
1381345892 2 4083 1420580382643
22192440 1 4061 1420580382643
17348724 1 3115 1420580382643
8312862 1 2254 1420580382643
25368027 1 3514 1420580382643
27091328 2 1646 1420580382643
567341777 1 4728 1420580382643
276554601 1 4307 1420580382643
20745130 2 4399 1420580382643
1618007706 2 627 1420580382643
292289403 1 1250 1420580382643
14192680 1 3877 1420580382643
14845376 2 1957 1420580382643
384479689 1 1813 1420580382643
34541677 2 3706 1420580382643
17437735 1 2180 1420580382643
12413892 1 1627 1420580382643
19781206 1 1170 1420580382643
15856366 1 3530 1420580382643
43285968 1 2273 1420580382643
394078527 1 1723 1420580382643
140080129 1 1554 1420580382643
16262688 2 2564 1420580382643
109013694 1 3854 1420580382643
195897346 2 4214 1420580382643
23742474 2 3665 1420580382643
169193463 1 1179 1420580382643
384940104 1 2904 1420580382643
15520253 1 2791 1420580382643
278093318 2 3100 1420580382643
119538278 1 5604 1420580382643
89787221 1 5849 1420580382643
17896885 1 1695 1420580382643
21796484 1 1531 1420580382643
92733433 1 4702 1420580382643
69020299 2 169 1420580382643
46213956 1 3271 1420580502643
23354464 1 1676 1420580502643
1581203119 1 1842 1420580502643
23973187 2 4371 1420580502643
7867072 2 1850 1420580502643
824157 2 5169 1420580502643
44426926 1 2165 1420580502643
15601977 1 244 1420580502643
1454742764 1 1014 1420580502643
21842357 1 5619 1420580502643
45710831 2 4518 1420580502643
1365924662 1 1003 1420580502643
12273252 1 2979 1420580502643
326821147 1 4321 1420580502643
472207757 1 2671 1420580502643
27103822 1 976 1420580502643
61733092 1 1527 1420580502643
174890917 2 1442 1420580502643
152341106 1 2398 1420580502643
24773493 1 2961 1420580502643
188077169 1 124 1420580502643
92791146 1 1669 1420580502643
10005212 1 3441 1420580502643
1381345892 2 1297 1420580502643
18971670 1 4099 1420580502643
22192440 1 4061 1420580502643
16253142 1 4217 1420580502643
8312862 1 2254 1420580502643
22948692 2 4117 1420580502643
25368027 2 3514 1420580502643
27091328 1 2254 1420580502643
24849868 1 1509 1420580502643
567341777 1 4728 1420580502643
60863619 1 2308 1420580502643
20745130 1 4399 1420580502643
1618007706 1 627 1420580502643
387220815 1 1578 1420580502643
14192680 1 3877 1420580502643
14845376 2 1957 1420580502643
17604456 1 3709 1420580502643
17437735 1 2180 1420580502643
34541677 2 3529 1420580502643
394078527 1 1723 1420580502643
43285968 1 5585 1420580502643
140080129 2 1554 1420580502643
114872969 1 871 1420580502643
16262688 1 2564 1420580502643
195897346 2 4214 1420580502643
23742474 1 3665 1420580502643
384940104 1 2904 1420580502643
15520253 1 2791 1420580502643
278093318 2 4119 1420580502643
17896885 1 1695 1420580502643
89787221 1 5849 1420580502643
21796484 1 1531 1420580502643
104291835 1 5984 1420580502643
69020299 1 169 1420580502643
