18964685 1 48034 1420574522643
1581203119 1 10294 1420574522643
7867072 2 69701 1420574522643
824157 1 61286 1420574522643
14192680 1 88618 1420574522643
384479689 1 32296 1420574522643
19034656 1 42772 1420574522643
17604456 1 95242 1420574522643
34541677 1 78376 1420574522643
12413892 1 35257 1420574522643
104227735 2 44911 1420574522643
45710831 1 46170 1420574522643
12273252 2 45309 1420574522643
326821147 2 35744 1420574522643
472207757 1 13744 1420574522643
21986815 1 24516 1420574522643
140080129 2 78482 1420574522643
114872969 1 21480 1420574522643
11178672 1 64179 1420574522643
808721557 1 63854 1420574522643
186222238 1 43816 1420574522643
16262688 1 70876 1420574522643
15111389 1 46539 1420574522643
174890917 1 80830 1420574522643
20096207 1 81478 1420574522643
61292961 1 22851 1420574522643
8861752 1 92164 1420574522643
195897346 1 25901 1420574522643
29788830 1 60318 1420574522643
1381345892 1 31895 1420574522643
23742474 1 63504 1420574522643
149157068 1 24991 1420574522643
8312862 1 83694 1420574522643
73417273 1 83166 1420574522643
278093318 2 74267 1420574522643
130447060 1 66926 1420574522643
89787221 2 57733 1420574522643
17698956 1 51849 1420574522643
226606138 1 40182 1420574522643
18964685 2 48034 1420574582643
23354464 2 32095 1420574582643
1581203119 1 10294 1420574582643
20745130 1 90110 1420574582643
107654081 1 38411 1420574582643
7867072 2 69701 1420574582643
573956600 1 31130 1420574582643
14192680 2 88618 1420574582643
5146511 1 34988 1420574582643
19034656 1 42772 1420574582643
34541677 1 78376 1420574582643
12413892 1 35257 1420574582643
104227735 1 44911 1420574582643
12273252 2 45309 1420574582643
326821147 1 35744 1420574582643
21986815 1 24516 1420574582643
472207757 1 13744 1420574582643
140080129 1 78482 1420574582643
114872969 1 21480 1420574582643
11178672 1 64179 1420574582643
808721557 1 63854 1420574582643
33491215 1 16744 1420574582643
16262688 1 70876 1420574582643
15111389 2 46539 1420574582643
174890917 1 80830 1420574582643
20096207 1 81478 1420574582643
8861752 1 92164 1420574582643
17472921 1 13829 1420574582643
195897346 1 25901 1420574582643
29788830 1 60318 1420574582643
92791146 1 41782 1420574582643
1381345892 1 31895 1420574582643
532171645 1 69633 1420574582643
73417273 1 83166 1420574582643
8312862 1 83694 1420574582643
278093318 1 74267 1420574582643
130447060 1 66926 1420574582643
89787221 2 57733 1420574582643
17698956 1 51849 1420574582643
27091328 1 16666 1420574582643
21862217 1 94395 1420574582643
18964685 1 48034 1420574642643
23354464 1 32095 1420574642643
24705687 1 76921 1420574642643
20745130 1 90110 1420574642643
107654081 1 38411 1420574642643
108039570 1 33631 1420574642643
7867072 2 69701 1420574642643
573956600 1 31130 1420574642643
14192680 1 88618 1420574642643
5146511 1 34988 1420574642643
118292510 1 49053 1420574642643
1051313198 1 73416 1420574642643
12413892 2 35257 1420574642643
104227735 1 44911 1420574642643
12273252 2 45309 1420574642643
114872969 1 21480 1420574642643
15111389 1 46539 1420574642643
90714989 1 38215 1420574642643
17472921 1 13829 1420574642643
92791146 1 41782 1420574642643
10005212 1 73060 1420574642643
183807568 1 33884 1420574642643
1381345892 1 31895 1420574642643
15520253 1 57500 1420574642643
73417273 2 83166 1420574642643
278093318 1 74267 1420574642643
976147104 1 19231 1420574642643
487535749 1 33528 1420574642643
89787221 2 57733 1420574642643
21862217 1 94395 1420574642643
27091328 2 16667 1420574642643
395194959 1 71106 1420574642643
23354464 2 32095 1420574702643
24705687 1 76921 1420574702643
108039570 1 33631 1420574702643
7867072 2 69701 1420574702643
384479689 2 32296 1420574702643
118292510 1 49053 1420574702643
1051313198 1 73416 1420574702643
12413892 1 35257 1420574702643
45710831 1 46170 1420574702643
104227735 1 44911 1420574702643
12273252 1 45309 1420574702643
140080129 1 78482 1420574702643
11178672 1 64179 1420574702643
15111389 1 46539 1420574702643
8861752 1 92164 1420574702643
92791146 1 41782 1420574702643
23779501 1 12991 1420574702643
10005212 1 73060 1420574702643
183807568 2 33884 1420574702643
1381345892 1 31895 1420574702643
15520253 1 57500 1420574702643
73417273 2 83166 1420574702643
278093318 1 74267 1420574702643
976147104 2 19231 1420574702643
487535749 1 33528 1420574702643
89787221 2 57733 1420574702643
17698956 1 51849 1420574702643
27091328 2 16667 1420574702643
21862217 1 94395 1420574702643
92733433 1 68843 1420574702643
128044351 1 24585 1420574762643
23354464 1 32095 1420574762643
1618007706 1 19637 1420574762643
7867072 2 69701 1420574762643
384479689 2 32296 1420574762643
7023592 1 32887 1420574762643
17604456 1 95242 1420574762643
1051313198 1 73416 1420574762643
12413892 1 35257 1420574762643
45710831 1 46170 1420574762643
12273252 1 45309 1420574762643
140080129 1 78482 1420574762643
11178672 2 64179 1420574762643
186222238 1 43816 1420574762643
33491215 1 16744 1420574762643
15111389 1 46539 1420574762643
8861752 1 92164 1420574762643
17472921 1 13829 1420574762643
92791146 1 41782 1420574762643
23779501 1 12991 1420574762643
183807568 2 33884 1420574762643
73417273 2 83166 1420574762643
278093318 2 74267 1420574762643
976147104 1 19231 1420574762643
89787221 2 57733 1420574762643
17698956 2 51849 1420574762643
27091328 2 16667 1420574762643
36440780 1 17151 1420574762643
38702668 1 12091 1420574762643
92733433 2 68843 1420574762643
18964685 1 48034 1420574822643
259637983 1 54609 1420574822643
309220197 1 92199 1420574822643
1618007706 1 19637 1420574822643
7867072 2 69701 1420574822643
49437246 1 19449 1420574822643
26207922 1 25892 1420574822643
384479689 2 32296 1420574822643
7023592 1 32887 1420574822643
34541677 1 78376 1420574822643
21842357 1 77828 1420574822643
12413892 1 35257 1420574822643
45710831 1 46170 1420574822643
12273252 1 45309 1420574822643
140080129 1 78484 1420574822643
11178672 2 64179 1420574822643
33491215 1 16744 1420574822643
186222238 1 43816 1420574822643
61733092 1 13246 1420574822643
19200736 1 17854 1420574822643
183807568 1 33884 1420574822643
1381345892 1 31895 1420574822643
325220198 1 23101 1420574822643
16253142 1 16359 1420574822643
73417273 2 83166 1420574822643
278093318 1 74267 1420574822643
25368027 1 49956 1420574822643
89787221 2 57733 1420574822643
17698956 1 51849 1420574822643
27091328 2 16667 1420574822643
92733433 2 68843 1420574822643
38702668 2 12091 1420574822643
18964685 1 48034 1420574882643
189107456 1 46850 1420574882643
259637983 1 54609 1420574882643
18725415 1 65132 1420574882643
23354464 1 32095 1420574882643
1618007706 1 19637 1420574882643
23973187 1 48789 1420574882643
7867072 2 69701 1420574882643
14192680 1 88618 1420574882643
384479689 2 32296 1420574882643
34541677 1 78376 1420574882643
12413892 1 35257 1420574882643
21842357 2 77828 1420574882643
818340 1 57112 1420574882643
12273252 2 45309 1420574882643
140080129 1 78484 1420574882643
11178672 2 64179 1420574882643
174890917 1 80830 1420574882643
17070252 1 46660 1420574882643
24773493 1 15893 1420574882643
183807568 1 33884 1420574882643
325220198 1 23101 1420574882643
73417273 1 83166 1420574882643
976147104 1 19231 1420574882643
25368027 1 49956 1420574882643
89787221 1 57733 1420574882643
21796484 1 88344 1420574882643
27091328 2 16667 1420574882643
92733433 2 68843 1420574882643
38702668 1 12091 1420574882643
18964685 2 48034 1420574942643
189107456 1 46850 1420574942643
89316412 1 39059 1420574942643
23354464 2 32095 1420574942643
18725415 1 65132 1420574942643
1618007706 1 19637 1420574942643
23973187 1 48789 1420574942643
7867072 2 69701 1420574942643
14192680 2 88618 1420574942643
14845376 1 66568 1420574942643
384479689 1 32296 1420574942643
34541677 1 78376 1420574942643
21842357 2 77828 1420574942643
12413892 1 35257 1420574942643
818340 1 57112 1420574942643
12273252 2 45309 1420574942643
140080129 1 78484 1420574942643
11178672 1 64179 1420574942643
17070252 2 46660 1420574942643
174890917 2 80830 1420574942643
24773493 1 15893 1420574942643
73417273 2 83166 1420574942643
976147104 2 19231 1420574942643
21796484 1 88344 1420574942643
27091328 1 16667 1420574942643
92733433 2 68843 1420574942643
38702668 1 12091 1420574942643
18964685 1 48034 1420575002643
189107456 1 46850 1420575002643
89316412 1 39059 1420575002643
23354464 1 32095 1420575002643
24705687 1 76921 1420575002643
1618007706 1 19637 1420575002643
7867072 2 69701 1420575002643
824157 1 61286 1420575002643
14811775 1 72970 1420575002643
49437246 1 19449 1420575002643
14192680 2 88618 1420575002643
384479689 2 32296 1420575002643
15601977 1 10526 1420575002643
16621805 1 25757 1420575002643
15920875 1 26111 1420575002643
34541677 1 78376 1420575002643
12413892 1 35257 1420575002643
21842357 1 77828 1420575002643
15856366 1 12657 1420575002643
12273252 1 45309 1420575002643
140080129 1 78484 1420575002643
186222238 1 43816 1420575002643
174890917 2 80830 1420575002643
17070252 1 46660 1420575002643
73417273 2 83166 1420575002643
976147104 1 19231 1420575002643
89787221 1 57733 1420575002643
27091328 1 16667 1420575002643
92733433 1 68843 1420575002643
18964685 1 48034 1420575062643
189107456 1 46850 1420575062643
24705687 1 76921 1420575062643
174083824 1 33746 1420575062643
7867072 2 69701 1420575062643
824157 1 61286 1420575062643
14811775 1 72970 1420575062643
14192680 1 88618 1420575062643
384479689 2 32296 1420575062643
15601977 1 10526 1420575062643
16621805 1 25757 1420575062643
15920875 1 26111 1420575062643
34541677 1 78376 1420575062643
1051313198 1 73416 1420575062643
12413892 1 35257 1420575062643
15856366 1 12657 1420575062643
12273252 2 45309 1420575062643
326821147 1 35744 1420575062643
21986815 1 24516 1420575062643
174890917 2 80830 1420575062643
8861752 1 92164 1420575062643
195897346 1 25901 1420575062643
1381345892 2 31895 1420575062643
19934731 1 10522 1420575062643
16253142 1 16359 1420575062643
73417273 1 83166 1420575062643
89787221 2 57733 1420575062643
76162725 1 13810 1420575062643
46358463 1 44907 1420575062643
27091328 2 16667 1420575062643
92733433 1 68843 1420575062643
18964685 1 48034 1420575122643
276554601 1 77143 1420575122643
23973187 1 48789 1420575122643
174083824 1 33746 1420575122643
7867072 1 69701 1420575122643
384479689 2 32296 1420575122643
87290802 1 33832 1420575122643
15601977 1 10526 1420575122643
16621805 1 25757 1420575122643
34541677 1 78376 1420575122643
1051313198 2 73416 1420575122643
12413892 1 35257 1420575122643
15856366 1 12657 1420575122643
12273252 1 45309 1420575122643
11178672 2 64179 1420575122643
186222238 2 43816 1420575122643
174890917 1 80830 1420575122643
61292961 1 22851 1420575122643
8861752 2 92164 1420575122643
1381345892 2 31895 1420575122643
19934731 1 10522 1420575122643
12794362 1 31940 1420575122643
16253142 1 16359 1420575122643
15520253 1 57500 1420575122643
16220541 1 29880 1420575122643
89787221 2 57733 1420575122643
76162725 1 13810 1420575122643
25870048 1 10278 1420575122643
46358463 1 44907 1420575122643
27091328 2 16667 1420575122643
18964685 1 48034 1420575182643
23973187 1 48789 1420575182643
276554601 1 77143 1420575182643
1618007706 1 19637 1420575182643
824157 1 61286 1420575182643
384479689 2 32296 1420575182643
15601977 1 10526 1420575182643
16621805 1 25757 1420575182643
34541677 1 78376 1420575182643
1051313198 1 73416 1420575182643
12413892 2 35257 1420575182643
15856366 1 12657 1420575182643
217588851 1 33842 1420575182643
12273252 1 45309 1420575182643
140080129 2 78484 1420575182643
27103822 1 75475 1420575182643
11178672 1 64179 1420575182643
186222238 1 43816 1420575182643
61292961 1 22851 1420575182643
8861752 1 92164 1420575182643
19200736 1 17854 1420575182643
1381345892 1 31892 1420575182643
18971670 1 19444 1420575182643
14158682 1 33564 1420575182643
89787221 2 57733 1420575182643
25870048 1 10278 1420575182643
16045956 1 56425 1420575182643
27091328 1 16667 1420575182643
202777395 1 18078 1420575182643
92733433 1 68843 1420575182643
18964685 1 48034 1420575242643
1618007706 1 19637 1420575242643
7867072 1 69701 1420575242643
14192680 2 88618 1420575242643
384479689 1 32296 1420575242643
19034656 1 42772 1420575242643
118292510 1 49053 1420575242643
17604456 1 95242 1420575242643
34541677 1 78376 1420575242643
12413892 2 35257 1420575242643
217588851 1 33842 1420575242643
166715703 1 23365 1420575242643
12273252 1 45309 1420575242643
21986815 1 24516 1420575242643
140080129 2 78484 1420575242643
17070252 1 46660 1420575242643
19200736 1 17854 1420575242643
17472921 1 13829 1420575242643
18971670 1 19444 1420575242643
19934731 1 10522 1420575242643
15520253 1 57500 1420575242643
278093318 2 74267 1420575242643
89787221 2 57733 1420575242643
14158682 1 33564 1420575242643
27091328 1 16667 1420575242643
16045956 1 56425 1420575242643
202777395 1 18078 1420575242643
92733433 2 68843 1420575242643
55252152 1 11255 1420575242643
14192680 1 88618 1420575302643
384479689 2 32296 1420575302643
19034656 1 42772 1420575302643
118292510 1 49053 1420575302643
17604456 2 95242 1420575302643
34541677 1 78376 1420575302643
12413892 2 35257 1420575302643
21842357 1 77828 1420575302643
4380591 1 85705 1420575302643
166715703 1 23365 1420575302643
12273252 1 45309 1420575302643
21986815 1 24516 1420575302643
140080129 1 78484 1420575302643
11178672 1 64179 1420575302643
16262688 1 70876 1420575302643
174890917 2 80830 1420575302643
17070252 2 46660 1420575302643
8861752 1 92164 1420575302643
28319608 1 22286 1420575302643
1381345892 1 31892 1420575302643
23742474 1 63504 1420575302643
19934731 1 10522 1420575302643
73417273 1 83166 1420575302643
278093318 1 74267 1420575302643
89787221 1 57733 1420575302643
27091328 1 16667 1420575302643
92733433 1 68843 1420575302643
18964685 1 48034 1420575362643
89316412 1 39059 1420575362643
1618007706 1 19637 1420575362643
7867072 2 69701 1420575362643
824157 1 61286 1420575362643
20660146 1 30409 1420575362643
14192680 1 88618 1420575362643
18970044 2 14261 1420575362643
384479689 1 32296 1420575362643
87290802 1 33832 1420575362643
15601977 1 10526 1420575362643
118292510 1 49053 1420575362643
17604456 2 95242 1420575362643
34541677 1 78376 1420575362643
12413892 1 35257 1420575362643
4380591 1 85705 1420575362643
12273252 2 45309 1420575362643
326821147 1 35744 1420575362643
10069612 1 54724 1420575362643
21986815 1 24516 1420575362643
140080129 1 78484 1420575362643
11178672 1 64179 1420575362643
174890917 1 80830 1420575362643
17070252 2 46660 1420575362643
24773493 1 15893 1420575362643
8861752 1 92164 1420575362643
17472921 1 13829 1420575362643
28319608 1 22286 1420575362643
1381345892 2 31892 1420575362643
23742474 1 63504 1420575362643
8312862 1 83698 1420575362643
73417273 2 83166 1420575362643
278093318 1 74267 1420575362643
487535749 1 33528 1420575362643
76162725 1 13810 1420575362643
19964088 1 40871 1420575362643
120985729 1 45976 1420575362643
18964685 1 48034 1420575422643
89316412 1 39059 1420575422643
23354464 1 32095 1420575422643
309220197 1 92199 1420575422643
23973187 1 48789 1420575422643
20745130 2 90110 1420575422643
1618007706 2 19637 1420575422643
7867072 1 69701 1420575422643
20660146 1 30409 1420575422643
18970044 1 14261 1420575422643
14192680 2 88618 1420575422643
14845376 1 66568 1420575422643
87290802 1 33832 1420575422643
15601977 1 10526 1420575422643
17604456 1 95242 1420575422643
34541677 1 78376 1420575422643
26337145 1 21845 1420575422643
18811814 1 23919 1420575422643
12273252 1 45309 1420575422643
10069612 1 54724 1420575422643
140080129 2 78484 1420575422643
11178672 1 64179 1420575422643
174890917 1 80830 1420575422643
17070252 2 46660 1420575422643
8861752 1 92164 1420575422643
24773493 2 15893 1420575422643
17810599 1 12444 1420575422643
23742474 1 63504 1420575422643
1381345892 1 31892 1420575422643
73417273 1 83166 1420575422643
44682474 1 11720 1420575422643
278093318 2 74267 1420575422643
25368027 1 49956 1420575422643
16220541 1 29880 1420575422643
89787221 1 57733 1420575422643
487535749 1 33528 1420575422643
76162725 1 13810 1420575422643
202777395 2 18078 1420575422643
19964088 1 40871 1420575422643
18964685 1 48034 1420575482643
23354464 1 32095 1420575482643
309220197 1 92199 1420575482643
276554601 1 77143 1420575482643
20745130 1 90110 1420575482643
1618007706 1 19637 1420575482643
23973187 1 48789 1420575482643
7867072 1 69701 1420575482643
14192680 2 88618 1420575482643
21986815 1 24516 1420575482643
140080129 2 78484 1420575482643
234484328 1 14604 1420575482643
11178672 1 64179 1420575482643
17070252 2 46660 1420575482643
174890917 2 80830 1420575482643
24773493 1 15893 1420575482643
23742474 1 63504 1420575482643
278093318 2 74267 1420575482643
16220541 1 29880 1420575482643
25368027 1 49956 1420575482643
89787221 2 57733 1420575482643
46697447 1 93373 1420575482643
27091328 1 16667 1420575482643
19964088 1 40871 1420575482643
202777395 1 18078 1420575482643
92733433 1 68843 1420575482643
234484328 1 14604 1420575542643
140080129 2 78484 1420575542643
18964685 1 48034 1420575542643
189107456 1 46850 1420575542643
174890917 2 80830 1420575542643
17070252 1 46660 1420575542643
1618007706 1 19637 1420575542643
61292961 1 22851 1420575542643
19200736 1 17854 1420575542643
7867072 2 69701 1420575542643
14192680 1 88618 1420575542643
384479689 1 32296 1420575542643
73417273 1 83166 1420575542643
15601977 1 10526 1420575542643
278093318 2 74267 1420575542643
89787221 2 57733 1420575542643
12413892 1 35257 1420575542643
226107231 1 32724 1420575542643
27091328 1 16667 1420575542643
19964088 1 40871 1420575542643
12273252 1 45309 1420575542643
21986815 1 24517 1420575542643
140080129 2 78484 1420575602643
189107456 2 46850 1420575602643
174890917 1 80830 1420575602643
61292961 1 22851 1420575602643
1618007706 1 19637 1420575602643
24773493 1 15893 1420575602643
7867072 1 69701 1420575602643
40996128 1 36858 1420575602643
14787749 1 47263 1420575602643
384479689 1 32296 1420575602643
50023090 1 93089 1420575602643
73417273 2 83166 1420575602643
278093318 1 74267 1420575602643
34541677 1 78376 1420575602643
25368027 1 49956 1420575602643
89787221 2 57733 1420575602643
12413892 1 35257 1420575602643
4380591 1 85705 1420575602643
15445129 1 49419 1420575602643
27091328 1 16667 1420575602643
226107231 1 32724 1420575602643
326821147 1 35744 1420575602643
92733433 1 68843 1420575602643
12273252 1 45309 1420575602643
10069612 1 54724 1420575602643
189107456 1 46850 1420575662643
23354464 1 32095 1420575662643
259637983 1 54609 1420575662643
309220197 1 92199 1420575662643
1566741842 1 57824 1420575662643
384479689 1 32296 1420575662643
4380591 1 85705 1420575662643
15445129 2 49419 1420575662643
12273252 1 45309 1420575662643
326821147 2 35744 1420575662643
10069612 1 54724 1420575662643
140080129 2 78484 1420575662643
11178672 1 64179 1420575662643
8861752 1 92167 1420575662643
24773493 1 15893 1420575662643
195897346 1 25901 1420575662643
199358175 1 47051 1420575662643
40996128 1 36858 1420575662643
555359654 1 13556 1420575662643
73417273 2 83166 1420575662643
89787221 2 57733 1420575662643
17698956 1 51849 1420575662643
27091328 1 16667 1420575662643
202777395 1 18078 1420575662643
92733433 2 68843 1420575662643
69020299 1 32338 1420575662643
89316412 1 39059 1420575722643
259637983 1 54609 1420575722643
23354464 2 32097 1420575722643
309220197 1 92199 1420575722643
1618007706 1 19637 1420575722643
7867072 1 69701 1420575722643
824157 1 61286 1420575722643
1566741842 1 57824 1420575722643
14811775 1 72970 1420575722643
14845376 1 66568 1420575722643
21044502 2 20927 1420575722643
384479689 1 32296 1420575722643
15601977 1 10526 1420575722643
193232854 1 45005 1420575722643
12413892 1 35257 1420575722643
104227735 1 44911 1420575722643
15980503 1 18079 1420575722643
15445129 1 49419 1420575722643
12273252 1 45309 1420575722643
326821147 1 35744 1420575722643
349227445 1 91758 1420575722643
140080129 2 78484 1420575722643
512403075 1 13148 1420575722643
11178672 1 64179 1420575722643
8861752 1 92167 1420575722643
195897346 1 25901 1420575722643
17472921 1 13829 1420575722643
199358175 1 47051 1420575722643
555359654 1 13556 1420575722643
73417273 2 83166 1420575722643
278093318 1 74267 1420575722643
44682474 1 11720 1420575722643
976147104 1 19231 1420575722643
31634255 1 97150 1420575722643
89787221 1 57733 1420575722643
17698956 1 51849 1420575722643
24849868 1 51608 1420575722643
27091328 1 16667 1420575722643
120985729 1 45976 1420575722643
92733433 1 68843 1420575722643
69020299 2 32338 1420575722643
18964685 1 48034 1420575782643
89316412 1 39059 1420575782643
23354464 1 32097 1420575782643
1618007706 1 19637 1420575782643
824157 1 61286 1420575782643
15787325 1 34196 1420575782643
14811775 1 72970 1420575782643
15484266 1 18643 1420575782643
384479689 1 32296 1420575782643
21044502 1 20927 1420575782643
15836048 1 33653 1420575782643
15601977 1 10526 1420575782643
4380591 1 85705 1420575782643
104227735 1 44911 1420575782643
166715703 1 23365 1420575782643
12273252 1 45309 1420575782643
21104725 1 27347 1420575782643
349227445 1 91758 1420575782643
140080129 2 78484 1420575782643
512403075 1 13148 1420575782643
11178672 2 64179 1420575782643
186222238 1 43816 1420575782643
195897346 1 25901 1420575782643
28319608 1 22286 1420575782643
14745100 1 85856 1420575782643
1381345892 1 31892 1420575782643
17965433 1 24955 1420575782643
73417273 2 83166 1420575782643
44682474 1 11720 1420575782643
278093318 2 74267 1420575782643
25368027 1 49956 1420575782643
976147104 1 19231 1420575782643
16220541 1 29880 1420575782643
31634255 1 97150 1420575782643
89787221 2 57733 1420575782643
21796484 1 88344 1420575782643
17698956 1 51849 1420575782643
27091328 1 16667 1420575782643
24849868 1 51608 1420575782643
69020299 2 32338 1420575782643
35947725 1 42993 1420575842643
18964685 2 48034 1420575842643
23354464 1 32097 1420575842643
7867072 1 69701 1420575842643
15484266 1 18643 1420575842643
14845376 1 66568 1420575842643
384479689 2 32296 1420575842643
15601977 2 10526 1420575842643
15836048 1 33653 1420575842643
34541677 1 78376 1420575842643
12413892 1 35257 1420575842643
4380591 1 85705 1420575842643
394078527 1 41650 1420575842643
166715703 1 23365 1420575842643
12273252 1 45309 1420575842643
326821147 1 35744 1420575842643
21104725 1 27347 1420575842643
234484328 1 14604 1420575842643
140080129 2 78484 1420575842643
27103822 1 75475 1420575842643
11178672 1 64179 1420575842643
186222238 1 43816 1420575842643
24177962 1 20661 1420575842643
195897346 1 25901 1420575842643
92791146 1 41782 1420575842643
40996128 1 36858 1420575842643
28319608 1 22286 1420575842643
14745100 1 85856 1420575842643
183807568 1 33897 1420575842643
17965433 1 24955 1420575842643
1381345892 1 31892 1420575842643
22192440 1 11480 1420575842643
525187154 1 85937 1420575842643
73417273 1 83166 1420575842643
278093318 1 74267 1420575842643
25368027 1 49956 1420575842643
487535749 1 33528 1420575842643
89787221 1 57733 1420575842643
27091328 2 16667 1420575842643
202777395 1 18078 1420575842643
92733433 1 68843 1420575842643
69020299 2 32338 1420575842643
35947725 1 42993 1420575902643
18964685 1 48034 1420575902643
276554601 1 77143 1420575902643
7867072 2 69701 1420575902643
14845376 1 66568 1420575902643
384479689 1 32296 1420575902643
15601977 1 10526 1420575902643
275665487 1 24862 1420575902643
12273252 1 45309 1420575902643
21986815 2 24517 1420575902643
140080129 2 78484 1420575902643
234484328 1 14604 1420575902643
114872969 1 21480 1420575902643
27103822 1 75475 1420575902643
11178672 1 64179 1420575902643
24177962 1 20661 1420575902643
16262688 1 70876 1420575902643
17070252 1 46660 1420575902643
8861752 1 92167 1420575902643
24773493 1 15893 1420575902643
195897346 1 25901 1420575902643
28319608 1 22286 1420575902643
8923182 1 34819 1420575902643
17348724 1 37870 1420575902643
525187154 1 85937 1420575902643
19274498 1 21548 1420575902643
487535749 1 33528 1420575902643
17698956 1 51849 1420575902643
27091328 1 16667 1420575902643
202777395 1 18078 1420575902643
92733433 2 68843 1420575902643
69020299 2 32338 1420575902643
140080129 2 78484 1420575962643
11178672 2 64179 1420575962643
16262688 1 70876 1420575962643
17070252 1 46660 1420575962643
8861752 1 92167 1420575962643
388784593 1 97213 1420575962643
7867072 1 69701 1420575962643
28319608 1 22286 1420575962643
8923182 1 34819 1420575962643
17348724 1 37870 1420575962643
15601977 1 10526 1420575962643
73417273 1 83166 1420575962643
278093318 1 74267 1420575962643
89787221 1 57733 1420575962643
17698956 1 51849 1420575962643
27091328 1 16667 1420575962643
394078527 1 41650 1420575962643
818340 1 57112 1420575962643
275665487 1 24862 1420575962643
12273252 1 45309 1420575962643
92733433 2 68843 1420575962643
21986815 1 24517 1420575962643
69020299 2 32338 1420575962643
140080129 2 78484 1420576022643
11178672 1 64179 1420576022643
20745130 1 90110 1420576022643
7867072 1 69701 1420576022643
14845376 1 66568 1420576022643
384479689 1 32296 1420576022643
8312862 1 83698 1420576022643
15601977 2 10526 1420576022643
118292510 2 49053 1420576022643
278093318 1 74267 1420576022643
89787221 1 57733 1420576022643
21796484 1 88344 1420576022643
17698956 2 51849 1420576022643
27091328 1 16667 1420576022643
202777395 1 18078 1420576022643
394078527 1 41650 1420576022643
275665487 1 24862 1420576022643
12273252 2 45309 1420576022643
818340 1 57112 1420576022643
92733433 2 68843 1420576022643
69020299 2 32338 1420576022643
34409159 1 80927 1420576082643
23354464 1 32097 1420576082643
567341777 1 12722 1420576082643
292289403 1 88048 1420576082643
7867072 1 69701 1420576082643
387220815 1 38308 1420576082643
14845376 1 66568 1420576082643
384479689 1 32296 1420576082643
118292510 2 49053 1420576082643
15601977 2 10526 1420576082643
12413892 1 35257 1420576082643
21842357 1 77829 1420576082643
12273252 1 45309 1420576082643
275665487 1 24862 1420576082643
140080129 2 78484 1420576082643
11129062 1 13941 1420576082643
16262688 1 70876 1420576082643
174890917 1 80830 1420576082643
17810599 1 12444 1420576082643
8861752 1 92167 1420576082643
24773493 1 15893 1420576082643
195897346 1 25901 1420576082643
40996128 1 36858 1420576082643
8923182 1 34818 1420576082643
16785615 1 21896 1420576082643
278093318 1 74267 1420576082643
89787221 1 57733 1420576082643
17698956 1 51849 1420576082643
27091328 1 16667 1420576082643
24849868 1 51608 1420576082643
202777395 2 18078 1420576082643
92733433 1 68843 1420576082643
214214616 1 19814 1420576082643
69020299 2 32338 1420576082643
23354464 1 32097 1420576142643
276554601 1 77143 1420576142643
7867072 2 69701 1420576142643
387220815 1 38308 1420576142643
14192680 2 88618 1420576142643
384479689 1 32296 1420576142643
118292510 1 49053 1420576142643
15601977 1 10526 1420576142643
15920875 1 26111 1420576142643
1051313198 1 73416 1420576142643
12413892 2 35257 1420576142643
96184837 1 35974 1420576142643
12273252 2 45309 1420576142643
140080129 2 78484 1420576142643
186222238 1 43816 1420576142643
17070252 1 46660 1420576142643
174890917 2 80830 1420576142643
19200736 1 17854 1420576142643
17810599 1 12444 1420576142643
8861752 1 92167 1420576142643
24773493 1 15893 1420576142643
195897346 1 25901 1420576142643
199358175 1 47051 1420576142643
24206345 1 36959 1420576142643
1381345892 2 31892 1420576142643
16785615 1 21896 1420576142643
278093318 2 74267 1420576142643
140140890 1 13444 1420576142643
89787221 1 57733 1420576142643
17698956 2 51849 1420576142643
27091328 1 16667 1420576142643
36440780 1 17152 1420576142643
202777395 1 18078 1420576142643
92733433 1 68843 1420576142643
203020760 1 29399 1420576142643
69020299 2 32338 1420576142643
23354464 2 32097 1420576202643
20745130 1 90110 1420576202643
276554601 1 77143 1420576202643
7867072 2 69701 1420576202643
824157 1 61286 1420576202643
14192680 1 88618 1420576202643
123576946 1 27882 1420576202643
384479689 1 32296 1420576202643
15836048 1 33653 1420576202643
15601977 2 10526 1420576202643
15920875 1 26111 1420576202643
1051313198 1 73416 1420576202643
12413892 1 35257 1420576202643
104227735 1 44911 1420576202643
45710831 1 46170 1420576202643
394078527 1 41650 1420576202643
12273252 2 45309 1420576202643
472207757 1 13744 1420576202643
16497947 1 70610 1420576202643
140080129 1 78484 1420576202643
114872969 1 21480 1420576202643
186222238 1 43816 1420576202643
17070252 1 46660 1420576202643
174890917 1 80830 1420576202643
19200736 1 17854 1420576202643
8861752 1 92167 1420576202643
199358175 1 47051 1420576202643
183807568 1 33897 1420576202643
24206345 1 36959 1420576202643
1381345892 1 31892 1420576202643
278093318 1 74267 1420576202643
17698956 2 51849 1420576202643
27091328 2 16667 1420576202643
36440780 1 17152 1420576202643
92733433 2 68843 1420576202643
203020760 1 29399 1420576202643
69020299 2 32338 1420576202643
15907716 1 19843 1420576262643
23354464 1 32097 1420576262643
20745130 1 90110 1420576262643
7867072 1 69701 1420576262643
14845376 2 66568 1420576262643
384479689 2 32296 1420576262643
180026716 1 71095 1420576262643
15601977 2 10526 1420576262643
15836048 1 33653 1420576262643
16101657 1 35995 1420576262643
193232854 1 45005 1420576262643
1051313198 1 73416 1420576262643
12413892 2 35257 1420576262643
45710831 1 46170 1420576262643
104227735 1 44911 1420576262643
15856366 2 12657 1420576262643
394078527 1 41650 1420576262643
818340 1 57112 1420576262643
12273252 1 45309 1420576262643
472207757 1 13744 1420576262643
140080129 1 78484 1420576262643
16497947 1 70610 1420576262643
27103822 1 75475 1420576262643
114872969 1 21480 1420576262643
17070252 1 46660 1420576262643
20096207 1 81478 1420576262643
19200736 1 17854 1420576262643
195897346 1 25901 1420576262643
40996128 1 36858 1420576262643
183807568 1 33897 1420576262643
24206345 1 36959 1420576262643
23742474 1 63504 1420576262643
22192440 1 11480 1420576262643
8312862 1 83698 1420576262643
17698956 1 51849 1420576262643
27091328 2 16667 1420576262643
92733433 1 68843 1420576262643
69020299 1 32338 1420576262643
7867072 1 69701 1420576322643
14845376 1 66568 1420576322643
384479689 1 32296 1420576322643
180026716 1 71095 1420576322643
15601977 1 10526 1420576322643
12413892 2 35257 1420576322643
15856366 1 12657 1420576322643
166715703 1 23365 1420576322643
818340 1 57110 1420576322643
12273252 1 45309 1420576322643
140080129 1 78484 1420576322643
27103822 1 75475 1420576322643
186222238 1 43816 1420576322643
17070252 1 46660 1420576322643
20096207 1 81478 1420576322643
19200736 1 17854 1420576322643
17810599 1 12444 1420576322643
195897346 1 25901 1420576322643
40996128 1 36858 1420576322643
1381345892 1 31892 1420576322643
23742474 1 63504 1420576322643
22192440 1 11480 1420576322643
16785615 1 21896 1420576322643
278093318 1 74267 1420576322643
17698956 1 51849 1420576322643
27091328 1 16667 1420576322643
92733433 1 68843 1420576322643
69020299 2 32338 1420576322643
140080129 1 78484 1420576382643
130600206 1 15991 1420576382643
17810599 1 12444 1420576382643
195897346 1 25901 1420576382643
7867072 1 69701 1420576382643
2200632505 1 19402 1420576382643
14192680 1 88618 1420576382643
24206345 1 36959 1420576382643
1381345892 1 31892 1420576382643
44426926 1 38645 1420576382643
384479689 1 32296 1420576382643
16785615 1 21896 1420576382643
19034656 1 42772 1420576382643
118292510 1 49053 1420576382643
8312862 1 83698 1420576382643
193232854 1 45005 1420576382643
487535749 1 33528 1420576382643
12413892 2 35257 1420576382643
19781206 1 46854 1420576382643
17698956 2 51849 1420576382643
97175299 1 46153 1420576382643
166715703 1 23365 1420576382643
92733433 1 68843 1420576382643
38702668 1 12091 1420576382643
69020299 1 32338 1420576382643
130600206 1 15991 1420576442643
7867072 1 69701 1420576442643
2200632505 1 19402 1420576442643
14192680 1 88618 1420576442643
44426926 2 38645 1420576442643
15646547 1 35980 1420576442643
14845376 1 66568 1420576442643
384479689 1 32296 1420576442643
118292510 1 49053 1420576442643
19034656 1 42772 1420576442643
193232854 1 45005 1420576442643
12413892 2 35257 1420576442643
19781206 1 46854 1420576442643
326821147 1 35744 1420576442643
18880366 1 12900 1420576442643
140080129 1 78484 1420576442643
8861752 1 92167 1420576442643
195897346 1 25901 1420576442643
199358175 1 47051 1420576442643
24206345 1 36959 1420576442643
525187154 1 85937 1420576442643
50023090 1 93089 1420576442643
73417273 1 83166 1420576442643
278093318 2 74267 1420576442643
487535749 2 33528 1420576442643
17698956 1 51849 1420576442643
97175299 1 46153 1420576442643
92733433 1 68843 1420576442643
69020299 1 32338 1420576442643
23354464 1 32097 1420576502643
108039570 1 33631 1420576502643
7867072 1 69701 1420576502643
14192680 1 88618 1420576502643
44426926 1 38645 1420576502643
384479689 1 32296 1420576502643
118292510 1 49053 1420576502643
193232854 1 45005 1420576502643
34541677 1 78376 1420576502643
12413892 2 35257 1420576502643
45710831 1 46170 1420576502643
818340 1 57110 1420576502643
326821147 1 35744 1420576502643
140080129 2 78484 1420576502643
18880366 1 12900 1420576502643
11129062 1 13941 1420576502643
8861752 2 92167 1420576502643
183807568 1 33897 1420576502643
50023090 1 93089 1420576502643
278093318 2 74267 1420576502643
16220541 1 29880 1420576502643
976147104 1 19231 1420576502643
487535749 1 33528 1420576502643
17698956 2 51849 1420576502643
27091328 1 16667 1420576502643
92733433 1 68843 1420576502643
69020299 2 32338 1420576502643
18964685 1 48034 1420576562643
23354464 2 32097 1420576562643
309220197 2 92199 1420576562643
1618007706 1 19637 1420576562643
108039570 1 33631 1420576562643
7867072 1 69701 1420576562643
824157 2 61286 1420576562643
14192680 1 88618 1420576562643
384479689 1 32296 1420576562643
15601977 1 10526 1420576562643
118292510 1 49053 1420576562643
193232854 1 45005 1420576562643
34541677 1 78376 1420576562643
12413892 2 35257 1420576562643
45710831 1 46170 1420576562643
326821147 1 35744 1420576562643
12273252 1 45309 1420576562643
818340 2 57110 1420576562643
140080129 1 78484 1420576562643
11129062 1 13941 1420576562643
20096207 1 81478 1420576562643
61292961 1 22851 1420576562643
8861752 2 92167 1420576562643
195897346 1 25901 1420576562643
183807568 1 33897 1420576562643
8923182 1 34818 1420576562643
17348724 1 37870 1420576562643
15520253 1 57500 1420576562643
278093318 1 74267 1420576562643
16220541 1 29880 1420576562643
976147104 1 19231 1420576562643
17698956 2 51849 1420576562643
92733433 1 68843 1420576562643
69020299 2 32338 1420576562643
18964685 1 48034 1420576622643
23354464 1 32097 1420576622643
309220197 1 92199 1420576622643
1618007706 1 19637 1420576622643
7867072 1 69701 1420576622643
329121956 1 17080 1420576622643
824157 1 61286 1420576622643
14811775 1 72970 1420576622643
18970044 1 14261 1420576622643
44426926 1 38645 1420576622643
384479689 1 32296 1420576622643
15601977 1 10526 1420576622643
17604456 1 95242 1420576622643
193232854 1 45005 1420576622643
12413892 1 35257 1420576622643
394078527 1 41650 1420576622643
818340 1 57110 1420576622643
12273252 1 45309 1420576622643
326821147 2 35744 1420576622643
21104725 1 27347 1420576622643
20096207 1 81478 1420576622643
61292961 1 22851 1420576622643
19200736 1 17854 1420576622643
8861752 2 92167 1420576622643
195897346 1 25901 1420576622643
8923182 1 34818 1420576622643
278093318 1 74267 1420576622643
487535749 1 33528 1420576622643
17698956 1 51849 1420576622643
27091328 1 16667 1420576622643
92733433 1 68843 1420576622643
69020299 2 32338 1420576622643
24705687 1 76921 1420576682643
1618007706 1 19637 1420576682643
7867072 2 69701 1420576682643
329121956 1 17080 1420576682643
14811775 1 72970 1420576682643
18970044 1 14261 1420576682643
44426926 1 38645 1420576682643
384479689 1 32296 1420576682643
17604456 1 95242 1420576682643
26337145 1 21845 1420576682643
45710831 1 46170 1420576682643
12273252 1 45309 1420576682643
326821147 1 35744 1420576682643
140080129 1 78484 1420576682643
8861752 1 92167 1420576682643
19200736 2 17854 1420576682643
188077169 1 68753 1420576682643
14736904 1 19396 1420576682643
169193463 1 16273 1420576682643
22948692 1 95475 1420576682643
278093318 2 74267 1420576682643
487535749 1 33528 1420576682643
46697447 1 93374 1420576682643
16045956 1 56425 1420576682643
92733433 1 68843 1420576682643
69020299 2 32338 1420576682643
18964685 1 48034 1420576742643
15907716 1 19843 1420576742643
24705687 1 76921 1420576742643
1618007706 1 19637 1420576742643
7867072 1 69701 1420576742643
44426926 1 38645 1420576742643
384479689 1 32296 1420576742643
1051313198 1 73416 1420576742643
45710831 1 46170 1420576742643
394078527 1 41650 1420576742643
12273252 1 45309 1420576742643
326821147 1 35744 1420576742643
818340 2 57110 1420576742643
140080129 2 78484 1420576742643
174890917 1 80830 1420576742643
61292961 1 22851 1420576742643
8861752 2 92167 1420576742643
19200736 1 17854 1420576742643
188077169 1 68753 1420576742643
40996128 1 36858 1420576742643
14736904 1 19396 1420576742643
525187154 1 85937 1420576742643
169193463 1 16273 1420576742643
22948692 1 95475 1420576742643
278093318 2 74267 1420576742643
89787221 1 57733 1420576742643
46697447 1 93374 1420576742643
17698956 2 51849 1420576742643
16045956 1 56425 1420576742643
24849868 2 51614 1420576742643
120985729 1 45976 1420576742643
69020299 2 32338 1420576742643
18964685 2 48034 1420576802643
23354464 2 32097 1420576802643
824157 1 61286 1420576802643
44426926 2 38645 1420576802643
384479689 2 32296 1420576802643
19034656 1 42772 1420576802643
1365924662 1 17335 1420576802643
394078527 1 41650 1420576802643
12273252 1 45309 1420576802643
818340 1 57110 1420576802643
140080129 2 78484 1420576802643
61733092 1 13246 1420576802643
174890917 2 80830 1420576802643
61292961 2 22851 1420576802643
20096207 1 81478 1420576802643
8861752 1 92167 1420576802643
188077169 1 68753 1420576802643
40996128 1 36858 1420576802643
183807568 1 33897 1420576802643
1381345892 1 31892 1420576802643
17348724 1 37870 1420576802643
525187154 1 85937 1420576802643
278093318 1 74267 1420576802643
89787221 2 57733 1420576802643
17698956 2 51849 1420576802643
46358463 1 44907 1420576802643
24849868 2 51614 1420576802643
69020299 2 32338 1420576802643
18964685 1 48034 1420576862643
15907716 1 19843 1420576862643
259637983 1 54609 1420576862643
23354464 2 32097 1420576862643
7867072 2 69701 1420576862643
824157 1 61286 1420576862643
49437246 1 19448 1420576862643
14192680 1 88618 1420576862643
44426926 1 38645 1420576862643
384479689 1 32296 1420576862643
57333521 2 70397 1420576862643
18811814 1 23919 1420576862643
166715703 1 23365 1420576862643
1365924662 1 17335 1420576862643
12273252 2 45309 1420576862643
10069612 1 54724 1420576862643
140080129 2 78484 1420576862643
174890917 1 80830 1420576862643
61292961 1 22851 1420576862643
20096207 1 81478 1420576862643
8861752 1 92167 1420576862643
17810599 2 12444 1420576862643
188077169 1 68753 1420576862643
92791146 1 41782 1420576862643
24206345 1 36959 1420576862643
183807568 1 33897 1420576862643
17348724 1 37870 1420576862643
73417273 1 83166 1420576862643
359630710 1 19371 1420576862643
89787221 2 57733 1420576862643
17698956 1 51849 1420576862643
27091328 1 16667 1420576862643
46358463 1 44907 1420576862643
24849868 1 51614 1420576862643
36440780 1 17152 1420576862643
811303 1 63735 1420576862643
55252152 1 11255 1420576862643
69020299 1 32338 1420576862643
89316412 1 39060 1420576922643
15907716 1 19843 1420576922643
23354464 1 32097 1420576922643
1618007706 1 19637 1420576922643
7867072 1 69701 1420576922643
49437246 2 19448 1420576922643
14192680 2 88618 1420576922643
44426926 1 38645 1420576922643
57333521 2 70397 1420576922643
15601977 1 10526 1420576922643
34541677 1 78376 1420576922643
12413892 1 35257 1420576922643
15980503 1 18079 1420576922643
394078527 1 41650 1420576922643
166715703 1 23365 1420576922643
326821147 1 35744 1420576922643
12273252 1 45309 1420576922643
10069612 1 54724 1420576922643
140080129 2 78484 1420576922643
512403075 1 13148 1420576922643
61292961 1 22851 1420576922643
17810599 1 12444 1420576922643
188077169 1 68753 1420576922643
92791146 1 41782 1420576922643
24206345 1 36959 1420576922643
1381345892 1 31892 1420576922643
17348724 1 37870 1420576922643
89787221 1 57733 1420576922643
24849868 1 51614 1420576922643
27091328 1 16667 1420576922643
36440780 1 17152 1420576922643
55252152 1 11255 1420576922643
69020299 1 32338 1420576922643
1618007706 1 19637 1420576982643
23973187 1 48789 1420576982643
7867072 2 69701 1420576982643
824157 1 61286 1420576982643
14192680 2 88618 1420576982643
49437246 2 19448 1420576982643
44426926 1 38645 1420576982643
384479689 1 32296 1420576982643
57333521 1 70397 1420576982643
34541677 1 78376 1420576982643
12413892 1 35257 1420576982643
15980503 1 18079 1420576982643
394078527 2 41650 1420576982643
326821147 1 35744 1420576982643
10069612 1 54724 1420576982643
140080129 1 78484 1420576982643
512403075 1 13148 1420576982643
174890917 1 80830 1420576982643
61292961 2 22851 1420576982643
24773493 1 15893 1420576982643
188077169 1 68753 1420576982643
1381345892 1 31892 1420576982643
17348724 1 37870 1420576982643
89787221 2 57733 1420576982643
17698956 1 51849 1420576982643
24849868 1 51614 1420576982643
69020299 2 32338 1420576982643
316053072 1 37409 1420577042643
23354464 2 32097 1420577042643
1618007706 2 19637 1420577042643
23973187 1 48789 1420577042643
108039570 1 33631 1420577042643
7867072 2 69701 1420577042643
49437246 1 19448 1420577042643
14192680 1 88618 1420577042643
44426926 1 38645 1420577042643
14845376 1 66574 1420577042643
123576946 1 27884 1420577042643
19034656 1 42772 1420577042643
17604456 1 95242 1420577042643
18811814 1 23919 1420577042643
96184837 1 35974 1420577042643
394078527 1 41650 1420577042643
12273252 1 45309 1420577042643
10069612 1 54724 1420577042643
186222238 1 43816 1420577042643
174890917 2 80830 1420577042643
61292961 1 22851 1420577042643
24773493 1 15893 1420577042643
8861752 1 92167 1420577042643
195897346 1 25901 1420577042643
188077169 1 68753 1420577042643
10005212 1 73060 1420577042643
89787221 1 57733 1420577042643
17698956 1 51849 1420577042643
27091328 2 16667 1420577042643
55252152 1 11255 1420577042643
69020299 1 32338 1420577042643
316053072 1 37409 1420577102643
22990521 1 72450 1420577102643
23354464 2 32097 1420577102643
276554601 1 77143 1420577102643
1618007706 1 19637 1420577102643
108039570 1 33631 1420577102643
7867072 2 69701 1420577102643
44426926 1 38645 1420577102643
14845376 2 66574 1420577102643
57333521 1 70397 1420577102643
19034656 1 42772 1420577102643
17604456 1 95242 1420577102643
18811814 1 23919 1420577102643
12413892 1 35257 1420577102643
15445129 1 49420 1420577102643
21104725 1 27349 1420577102643
140080129 1 78484 1420577102643
174890917 1 80830 1420577102643
8861752 2 92167 1420577102643
195897346 2 25901 1420577102643
188077169 1 68753 1420577102643
10005212 1 73060 1420577102643
1381345892 1 31892 1420577102643
73417273 1 83166 1420577102643
278093318 1 74267 1420577102643
25368027 1 49956 1420577102643
27091328 1 16667 1420577102643
24849868 1 51614 1420577102643
19964088 1 40871 1420577102643
55252152 1 11255 1420577102643
175295203 2 13940 1420577162643
23354464 1 32097 1420577162643
174890917 1 80830 1420577162643
17070252 1 46660 1420577162643
109013694 1 80661 1420577162643
8861752 1 92167 1420577162643
195897346 1 25901 1420577162643
7867072 1 69701 1420577162643
14192680 1 88618 1420577162643
1381345892 1 31892 1420577162643
14845376 2 66574 1420577162643
57333521 1 70397 1420577162643
73417273 1 83166 1420577162643
15601977 1 10526 1420577162643
16101657 1 35995 1420577162643
278093318 1 74267 1420577162643
20263526 1 11726 1420577162643
25368027 2 49956 1420577162643
89787221 1 57733 1420577162643
12413892 1 35257 1420577162643
24849868 2 51614 1420577162643
19964088 1 40871 1420577162643
326821147 1 35744 1420577162643
10069612 2 54724 1420577162643
22990521 1 72450 1420577222643
17047743 1 38609 1420577222643
23354464 1 32097 1420577222643
24705687 1 76921 1420577222643
1618007706 1 19637 1420577222643
108039570 1 33631 1420577222643
7867072 1 69701 1420577222643
14192680 2 88618 1420577222643
14845376 2 66574 1420577222643
16101657 1 35995 1420577222643
1454742764 1 44370 1420577222643
326821147 1 35744 1420577222643
10069612 1 54724 1420577222643
175295203 1 13940 1420577222643
174890917 1 80830 1420577222643
109013694 1 80661 1420577222643
195897346 1 25901 1420577222643
188077169 1 68753 1420577222643
24206345 1 36959 1420577222643
1381345892 1 31892 1420577222643
19934731 1 10522 1420577222643
16785615 1 21896 1420577222643
73417273 1 83166 1420577222643
20263526 1 11726 1420577222643
25368027 2 49956 1420577222643
89787221 1 57733 1420577222643
17698956 1 51849 1420577222643
24849868 2 51614 1420577222643
69020299 1 32338 1420577222643
226606138 1 40182 1420577222643
23354464 1 32097 1420577282643
24705687 1 76921 1420577282643
292289403 1 88048 1420577282643
108039570 1 33631 1420577282643
18360000 1 46126 1420577282643
7867072 1 69701 1420577282643
824157 1 61286 1420577282643
14192680 2 88618 1420577282643
44426926 1 38645 1420577282643
14845376 2 66574 1420577282643
10069612 1 54724 1420577282643
33320626 1 57697 1420577282643
16262688 1 70876 1420577282643
174890917 1 80830 1420577282643
17070252 1 46660 1420577282643
24773493 1 15893 1420577282643
195897346 1 25901 1420577282643
188077169 1 68753 1420577282643
1381345892 2 31892 1420577282643
19934731 1 10522 1420577282643
278093318 1 74267 1420577282643
25368027 2 49956 1420577282643
17698956 1 51849 1420577282643
24849868 1 51614 1420577282643
69020299 2 32338 1420577282643
226606138 1 40182 1420577282643
23354464 2 32097 1420577342643
18725415 1 65132 1420577342643
1618007706 1 19637 1420577342643
14192680 1 88618 1420577342643
44426926 1 38645 1420577342643
14845376 2 66574 1420577342643
34541677 1 78376 1420577342643
19781206 1 46854 1420577342643
10069612 1 54724 1420577342643
16262688 1 70876 1420577342643
17070252 1 46660 1420577342643
174890917 1 80830 1420577342643
24773493 1 15893 1420577342643
109013694 1 80661 1420577342643
149157068 1 24991 1420577342643
1381345892 2 31892 1420577342643
119538278 1 47732 1420577342643
278093318 1 74267 1420577342643
976147104 1 19231 1420577342643
25368027 1 49956 1420577342643
27091328 1 16667 1420577342643
46358463 1 44911 1420577342643
214214616 1 19814 1420577342643
226606138 1 40182 1420577342643
69020299 1 32338 1420577342643
18725415 1 65132 1420577402643
23354464 2 32097 1420577402643
23973187 1 48789 1420577402643
14192680 1 88618 1420577402643
14845376 2 66574 1420577402643
384479689 1 32296 1420577402643
34541677 2 78376 1420577402643
19781206 1 46854 1420577402643
45710831 1 46170 1420577402643
12273252 2 45309 1420577402643
10069612 2 54724 1420577402643
174890917 1 80830 1420577402643
109013694 1 80661 1420577402643
195897346 1 25901 1420577402643
373316165 1 28390 1420577402643
14745100 1 85856 1420577402643
1381345892 1 31892 1420577402643
15520253 1 57504 1420577402643
73417273 1 83166 1420577402643
22948692 1 95475 1420577402643
278093318 1 74267 1420577402643
119538278 1 47735 1420577402643
25368027 1 49956 1420577402643
202777395 1 18078 1420577402643
203020760 1 29399 1420577402643
226606138 2 40182 1420577402643
18964685 1 48034 1420577462643
18725415 1 65132 1420577462643
23354464 2 32097 1420577462643
1618007706 1 19637 1420577462643
23973187 1 48789 1420577462643
49437246 1 19448 1420577462643
14192680 2 88618 1420577462643
14845376 2 66574 1420577462643
384479689 1 32296 1420577462643
34541677 1 78376 1420577462643
45710831 1 46170 1420577462643
326821147 1 35744 1420577462643
12273252 2 45309 1420577462643
10069612 1 54724 1420577462643
11129062 1 13941 1420577462643
8861752 2 92167 1420577462643
373316165 1 28390 1420577462643
195897346 2 25901 1420577462643
14745100 1 85856 1420577462643
19934731 1 10522 1420577462643
15520253 1 57504 1420577462643
73417273 1 83166 1420577462643
22948692 1 95475 1420577462643
25368027 1 49956 1420577462643
16220541 1 29880 1420577462643
89787221 1 57733 1420577462643
202777395 1 18078 1420577462643
203020760 1 29399 1420577462643
226606138 1 40182 1420577462643
16497947 1 70610 1420577522643
11129062 1 13941 1420577522643
512403075 1 13148 1420577522643
23354464 2 32097 1420577522643
18725415 1 65132 1420577522643
309220197 1 92205 1420577522643
23973187 1 48789 1420577522643
108039570 1 33631 1420577522643
8861752 1 92167 1420577522643
195897346 1 25901 1420577522643
7867072 1 69701 1420577522643
40996128 1 36858 1420577522643
824157 2 61286 1420577522643
51220493 1 59519 1420577522643
10005212 1 73060 1420577522643
14192680 1 88618 1420577522643
49437246 1 19448 1420577522643
14845376 2 66574 1420577522643
19934731 1 10522 1420577522643
25368027 2 49956 1420577522643
17698956 1 51926 1420577522643
326821147 1 35744 1420577522643
12273252 1 45309 1420577522643
92733433 1 68843 1420577522643
23354464 2 32097 1420577582643
1618007706 1 19637 1420577582643
23973187 1 48789 1420577582643
108039570 1 33631 1420577582643
7867072 2 69701 1420577582643
824157 1 61286 1420577582643
44426926 1 38645 1420577582643
14845376 2 66574 1420577582643
18811814 1 23919 1420577582643
19781206 1 46854 1420577582643
45710831 1 46170 1420577582643
326821147 1 35744 1420577582643
10069612 2 54724 1420577582643
16497947 1 70610 1420577582643
27103822 1 75475 1420577582643
11129062 1 13941 1420577582643
186222238 1 43816 1420577582643
174890917 2 80830 1420577582643
8861752 1 92167 1420577582643
195897346 1 25901 1420577582643
40996128 2 36858 1420577582643
51220493 2 59519 1420577582643
10005212 1 73060 1420577582643
1381345892 1 31892 1420577582643
19934731 1 10522 1420577582643
15520253 2 57504 1420577582643
25368027 2 49956 1420577582643
24849868 1 51614 1420577582643
811303 1 63734 1420577582643
4282171 1 27533 1420577582643
69020299 2 32338 1420577582643
23354464 2 32097 1420577642643
1618007706 1 19637 1420577642643
7867072 1 69701 1420577642643
824157 1 61286 1420577642643
14192680 1 88618 1420577642643
44426926 2 38645 1420577642643
14845376 2 66574 1420577642643
18811814 1 23919 1420577642643
21842357 1 77829 1420577642643
104227735 1 44914 1420577642643
326821147 1 35744 1420577642643
21104725 1 27349 1420577642643
10069612 1 54724 1420577642643
140080129 2 78484 1420577642643
27103822 1 75475 1420577642643
11129062 1 13941 1420577642643
174890917 2 80830 1420577642643
8861752 2 92167 1420577642643
40996128 1 36858 1420577642643
92791146 1 41782 1420577642643
51220493 1 59519 1420577642643
1381345892 1 31892 1420577642643
15520253 1 57504 1420577642643
73417273 1 83166 1420577642643
22948692 1 95475 1420577642643
25368027 2 49956 1420577642643
24849868 1 51614 1420577642643
69020299 1 32338 1420577642643
140080129 2 78484 1420577702643
23354464 2 32097 1420577702643
174890917 2 80830 1420577702643
1618007706 1 19637 1420577702643
8861752 1 92167 1420577702643
7867072 1 69701 1420577702643
199358175 1 47050 1420577702643
92791146 1 41782 1420577702643
824157 2 61286 1420577702643
14811775 1 72970 1420577702643
20133051 1 40676 1420577702643
1381345892 2 31892 1420577702643
44426926 1 38645 1420577702643
14845376 2 66574 1420577702643
73417273 2 83166 1420577702643
25368027 1 49956 1420577702643
19287097 1 10641 1420577702643
21842357 1 77829 1420577702643
15856366 1 12657 1420577702643
104227735 1 44914 1420577702643
27091328 1 16667 1420577702643
326821147 1 35744 1420577702643
21104725 1 27349 1420577702643
23354464 2 32097 1420577762643
1618007706 1 19637 1420577762643
23973187 1 48789 1420577762643
7867072 2 69701 1420577762643
824157 1 61286 1420577762643
14811775 1 72970 1420577762643
14192680 1 88618 1420577762643
14845376 2 66574 1420577762643
87290802 1 33832 1420577762643
19287097 1 10641 1420577762643
15856366 1 12657 1420577762643
326821147 1 35744 1420577762643
12273252 1 45309 1420577762643
140080129 2 78484 1420577762643
174890917 2 80830 1420577762643
19205893 1 27352 1420577762643
188077169 1 68753 1420577762643
20133051 1 40676 1420577762643
1381345892 2 31892 1420577762643
22948692 1 95475 1420577762643
73417273 1 83166 1420577762643
8312862 1 83698 1420577762643
278093318 1 74267 1420577762643
976147104 1 19231 1420577762643
27091328 1 16667 1420577762643
24849868 1 51614 1420577762643
69020299 1 32338 1420577762643
34409159 1 80927 1420577822643
23354464 2 32097 1420577822643
309220197 2 92205 1420577822643
23973187 1 48789 1420577822643
1618007706 1 19637 1420577822643
7867072 2 69701 1420577822643
824157 2 61286 1420577822643
44426926 1 38645 1420577822643
14845376 2 66574 1420577822643
384479689 1 32296 1420577822643
87290802 1 33832 1420577822643
44448194 1 95045 1420577822643
21842357 1 77829 1420577822643
45710831 1 46170 1420577822643
12273252 1 45309 1420577822643
472207757 1 13744 1420577822643
21104725 1 27349 1420577822643
140080129 1 78484 1420577822643
17145499 1 12629 1420577822643
174890917 2 80830 1420577822643
19200736 1 17854 1420577822643
19205893 1 27352 1420577822643
188077169 1 68753 1420577822643
92791146 1 41782 1420577822643
51220493 1 59519 1420577822643
10005212 1 73060 1420577822643
1381345892 2 31892 1420577822643
16785615 1 21896 1420577822643
8312862 2 83698 1420577822643
22948692 1 95475 1420577822643
278093318 2 74267 1420577822643
25368027 1 49956 1420577822643
976147104 1 19231 1420577822643
487535749 1 33528 1420577822643
24849868 1 51614 1420577822643
16045956 1 56425 1420577822643
27091328 1 16667 1420577822643
338262255 1 88648 1420577822643
34409159 1 80927 1420577882643
23354464 2 32097 1420577882643
309220197 1 92205 1420577882643
7867072 2 69701 1420577882643
824157 1 61286 1420577882643
14192680 1 88618 1420577882643
14845376 2 66574 1420577882643
384479689 2 32296 1420577882643
57333521 1 70397 1420577882643
21842357 1 77829 1420577882643
45710831 1 46170 1420577882643
33320626 1 57697 1420577882643
140080129 1 78484 1420577882643
17145499 2 12629 1420577882643
174890917 2 80830 1420577882643
109013694 1 80661 1420577882643
19200736 1 17854 1420577882643
92791146 2 41782 1420577882643
51220493 1 59519 1420577882643
10005212 1 73060 1420577882643
17965433 1 24955 1420577882643
1381345892 2 31892 1420577882643
16785615 1 21896 1420577882643
73417273 1 83166 1420577882643
8312862 2 83698 1420577882643
278093318 2 74267 1420577882643
25368027 1 49956 1420577882643
89787221 1 57733 1420577882643
16045956 1 56425 1420577882643
24849868 1 51614 1420577882643
811303 1 63734 1420577882643
92733433 1 68843 1420577882643
69020299 1 32338 1420577882643
338262255 1 88648 1420577882643
18703477 1 18838 1420577942643
23354464 2 32097 1420577942643
292289403 1 88048 1420577942643
18360000 2 46126 1420577942643
7867072 2 69701 1420577942643
824157 1 61286 1420577942643
14192680 1 88618 1420577942643
14845376 2 66574 1420577942643
384479689 2 32296 1420577942643
57333521 1 70397 1420577942643
1051313198 1 73416 1420577942643
21842357 1 77829 1420577942643
226493139 1 41337 1420577942643
10069612 1 54724 1420577942643
33320626 1 57697 1420577942643
140080129 2 78484 1420577942643
17145499 1 12629 1420577942643
35818653 1 72570 1420577942643
174890917 2 80830 1420577942643
20096207 1 81474 1420577942643
109013694 1 80661 1420577942643
92791146 2 41782 1420577942643
17965433 1 24955 1420577942643
1381345892 1 31892 1420577942643
8312862 1 83698 1420577942643
73417273 2 83166 1420577942643
278093318 2 74267 1420577942643
20263526 1 11726 1420577942643
89787221 1 57733 1420577942643
17698956 1 51926 1420577942643
16045956 1 56425 1420577942643
92733433 1 68843 1420577942643
69020299 1 32338 1420577942643
316053072 1 37409 1420578002643
89316412 1 39060 1420578002643
18703477 1 18838 1420578002643
23354464 2 32097 1420578002643
292289403 1 88048 1420578002643
18360000 1 46126 1420578002643
7867072 1 69701 1420578002643
824157 1 61286 1420578002643
14192680 1 88618 1420578002643
14845376 2 66574 1420578002643
384479689 1 32296 1420578002643
1051313198 1 73416 1420578002643
21842357 1 77829 1420578002643
19781206 1 46854 1420578002643
15856366 1 12657 1420578002643
12273252 2 45309 1420578002643
160890393 1 14963 1420578002643
10069612 2 54724 1420578002643
226493139 1 41337 1420578002643
140080129 2 78484 1420578002643
808721557 1 63854 1420578002643
35818653 1 72570 1420578002643
174890917 1 80835 1420578002643
17070252 1 46660 1420578002643
20096207 1 81474 1420578002643
24773493 1 15893 1420578002643
109013694 2 80661 1420578002643
92791146 1 41782 1420578002643
10005212 1 73060 1420578002643
14745100 1 85856 1420578002643
1381345892 1 31892 1420578002643
73417273 1 83166 1420578002643
278093318 2 74267 1420578002643
20263526 1 11726 1420578002643
382230093 1 12463 1420578002643
17698956 1 51926 1420578002643
16045956 2 56425 1420578002643
811303 1 63734 1420578002643
92733433 1 68843 1420578002643
23354464 2 32097 1420578062643
1581203119 1 10297 1420578062643
24705687 1 76921 1420578062643
7867072 2 69701 1420578062643
824157 2 61286 1420578062643
14192680 1 88618 1420578062643
14845376 2 66574 1420578062643
384479689 2 32296 1420578062643
57333521 1 70397 1420578062643
34541677 1 78376 1420578062643
19781206 1 46854 1420578062643
45710831 1 46170 1420578062643
15980503 1 18079 1420578062643
15856366 1 12657 1420578062643
12273252 1 45309 1420578062643
226493139 1 41337 1420578062643
10069612 1 54724 1420578062643
140080129 2 78484 1420578062643
808721557 1 63854 1420578062643
16262688 1 70876 1420578062643
17070252 1 46660 1420578062643
8861752 1 92167 1420578062643
109013694 1 80661 1420578062643
24773493 1 15893 1420578062643
195897346 1 25901 1420578062643
40996128 1 36858 1420578062643
14736904 1 19396 1420578062643
10005212 1 73060 1420578062643
14745100 1 85856 1420578062643
1381345892 2 31892 1420578062643
73417273 1 83166 1420578062643
22948692 1 95475 1420578062643
278093318 2 74267 1420578062643
130447060 1 66926 1420578062643
89787221 1 57733 1420578062643
382230093 1 12463 1420578062643
16045956 2 56425 1420578062643
811303 1 63734 1420578062643
92733433 1 68843 1420578062643
22990521 1 72450 1420578122643
18703477 1 18838 1420578122643
23354464 2 32097 1420578122643
1581203119 1 10297 1420578122643
276554601 1 77143 1420578122643
23973187 1 48789 1420578122643
20745130 1 90110 1420578122643
7867072 1 69701 1420578122643
824157 2 61286 1420578122643
14811775 1 72970 1420578122643
14192680 1 88618 1420578122643
14845376 2 66574 1420578122643
384479689 2 32296 1420578122643
57333521 2 70397 1420578122643
34541677 2 78376 1420578122643
21842357 1 77829 1420578122643
16277373 1 22346 1420578122643
45710831 1 46170 1420578122643
15980503 1 18079 1420578122643
1365924662 1 17335 1420578122643
10069612 1 54724 1420578122643
226493139 1 41337 1420578122643
140080129 1 78484 1420578122643
35818653 1 72570 1420578122643
16262688 1 70876 1420578122643
174890917 1 80835 1420578122643
17070252 1 46662 1420578122643
24773493 2 15893 1420578122643
195897346 2 25901 1420578122643
40996128 1 36858 1420578122643
37666026 1 28397 1420578122643
1381345892 2 31892 1420578122643
17348724 1 37871 1420578122643
19934731 2 10522 1420578122643
22948692 2 95475 1420578122643
73417273 2 83166 1420578122643
278093318 2 74267 1420578122643
130447060 1 66926 1420578122643
89787221 1 57733 1420578122643
21796484 1 88344 1420578122643
24849868 2 51614 1420578122643
16045956 2 56425 1420578122643
92733433 2 68843 1420578122643
34409159 1 80927 1420578182643
22990521 1 72450 1420578182643
23354464 2 32097 1420578182643
276554601 2 77143 1420578182643
23973187 1 48789 1420578182643
7867072 2 69701 1420578182643
824157 1 61286 1420578182643
14811775 1 72970 1420578182643
14192680 1 88618 1420578182643
44426926 1 38645 1420578182643
14845376 2 66574 1420578182643
384479689 1 32296 1420578182643
57333521 1 70397 1420578182643
34541677 1 78376 1420578182643
19287097 1 10641 1420578182643
21842357 2 77829 1420578182643
16277373 1 22346 1420578182643
1365924662 1 17335 1420578182643
12273252 1 45309 1420578182643
36767344 1 17028 1420578182643
10069612 2 54724 1420578182643
140080129 1 78484 1420578182643
35818653 1 72570 1420578182643
174890917 1 80835 1420578182643
109013694 1 80661 1420578182643
24773493 1 15893 1420578182643
195897346 1 25901 1420578182643
92791146 2 41782 1420578182643
37666026 1 28397 1420578182643
1381345892 2 31892 1420578182643
17348724 1 37871 1420578182643
19934731 1 10522 1420578182643
15520253 1 57504 1420578182643
22948692 2 95475 1420578182643
73417273 2 83166 1420578182643
278093318 2 74267 1420578182643
976147104 1 19231 1420578182643
21796484 1 88344 1420578182643
16045956 2 56425 1420578182643
24849868 1 51614 1420578182643
19964088 1 40869 1420578182643
92733433 2 68843 1420578182643
34409159 1 80927 1420578242643
23354464 2 32097 1420578242643
567341777 1 12722 1420578242643
1618007706 1 19637 1420578242643
276554601 1 77143 1420578242643
7867072 2 69701 1420578242643
15484266 1 18643 1420578242643
44426926 1 38645 1420578242643
14845376 2 66574 1420578242643
57333521 2 70397 1420578242643
34541677 1 78376 1420578242643
19287097 1 10641 1420578242643
21842357 1 77829 1420578242643
79292033 1 11994 1420578242643
36767344 1 17028 1420578242643
12273252 1 45309 1420578242643
160890393 1 14963 1420578242643
10069612 2 54724 1420578242643
109013694 2 80661 1420578242643
195897346 1 25901 1420578242643
188077169 1 68753 1420578242643
92791146 1 41782 1420578242643
149157068 1 24991 1420578242643
1381345892 1 31892 1420578242643
15520253 2 57504 1420578242643
22948692 2 95475 1420578242643
73417273 1 83166 1420578242643
278093318 2 74267 1420578242643
976147104 1 19231 1420578242643
27091328 1 16667 1420578242643
16045956 2 56425 1420578242643
19964088 1 40869 1420578242643
92733433 2 68843 1420578242643
567341777 1 12722 1420578302643
23354464 2 32097 1420578302643
1618007706 2 19637 1420578302643
7867072 2 69701 1420578302643
14192680 1 88618 1420578302643
15484266 1 18643 1420578302643
14845376 2 66574 1420578302643
384479689 1 32296 1420578302643
57333521 1 70397 1420578302643
34541677 1 78376 1420578302643
21842357 1 77829 1420578302643
79292033 1 11994 1420578302643
160890393 1 14963 1420578302643
10069612 1 54724 1420578302643
109013694 1 80661 1420578302643
195897346 1 25901 1420578302643
188077169 1 68753 1420578302643
40996128 1 36858 1420578302643
10005212 1 73060 1420578302643
1381345892 1 31892 1420578302643
149157068 1 24991 1420578302643
17348724 1 37871 1420578302643
15520253 1 57504 1420578302643
22948692 2 95475 1420578302643
73417273 2 83166 1420578302643
278093318 1 74267 1420578302643
76162725 1 13810 1420578302643
27091328 1 16667 1420578302643
16045956 2 56425 1420578302643
92733433 1 68843 1420578302643
23354464 2 32097 1420578362643
1618007706 1 19637 1420578362643
20745130 1 90110 1420578362643
108039570 1 33631 1420578362643
7867072 1 69701 1420578362643
14192680 1 88618 1420578362643
15646547 1 35980 1420578362643
14845376 2 66574 1420578362643
384479689 2 32296 1420578362643
57333521 1 70397 1420578362643
21842357 1 77829 1420578362643
326821147 1 35744 1420578362643
23624581 1 70989 1420578362643
16497947 1 70610 1420578362643
27103822 1 75475 1420578362643
11178672 1 64179 1420578362643
8861752 1 92167 1420578362643
195897346 1 25901 1420578362643
188077169 1 68753 1420578362643
40996128 1 36858 1420578362643
10005212 1 73060 1420578362643
1381345892 2 31892 1420578362643
22948692 2 95475 1420578362643
73417273 1 83166 1420578362643
8312862 1 83698 1420578362643
25368027 1 49956 1420578362643
89787221 1 57733 1420578362643
76162725 1 13810 1420578362643
16045956 1 56425 1420578362643
92733433 1 68843 1420578362643
23354464 2 32097 1420578422643
309220197 1 92205 1420578422643
20745130 1 90110 1420578422643
108039570 1 33631 1420578422643
14192680 1 88618 1420578422643
15646547 1 35980 1420578422643
14845376 2 66574 1420578422643
384479689 1 32296 1420578422643
321470779 1 19921 1420578422643
43216942 1 63895 1420578422643
57333521 2 70397 1420578422643
21842357 1 77829 1420578422643
12413892 1 35257 1420578422643
12273252 1 45309 1420578422643
140080129 1 78484 1420578422643
16497947 1 70610 1420578422643
27103822 1 75475 1420578422643
11178672 1 64179 1420578422643
8861752 1 92167 1420578422643
195897346 1 25901 1420578422643
19205893 1 27352 1420578422643
40996128 1 36858 1420578422643
51220493 1 59519 1420578422643
1381345892 2 31892 1420578422643
17348724 1 37871 1420578422643
169193463 1 16274 1420578422643
58975906 1 51669 1420578422643
22948692 2 95475 1420578422643
278093318 1 74267 1420578422643
25368027 1 49956 1420578422643
89787221 1 57733 1420578422643
16045956 2 56425 1420578422643
24426175 1 51290 1420578422643
18964685 1 48034 1420578482643
89316412 1 39060 1420578482643
567341777 1 12722 1420578482643
23354464 2 32097 1420578482643
309220197 1 92205 1420578482643
14192680 2 88618 1420578482643
131003396 1 28743 1420578482643
14845376 2 66574 1420578482643
321470779 1 19921 1420578482643
57333521 1 70397 1420578482643
12413892 1 35257 1420578482643
21842357 1 77829 1420578482643
15445129 1 49420 1420578482643
104227735 1 44914 1420578482643
12273252 1 45309 1420578482643
41119424 1 88029 1420578482643
16497947 1 70610 1420578482643
109013694 1 80661 1420578482643
8861752 1 92167 1420578482643
188077169 1 68753 1420578482643
51220493 1 59519 1420578482643
1381345892 2 31892 1420578482643
17348724 1 37871 1420578482643
169193463 1 16274 1420578482643
58975906 1 51669 1420578482643
19274498 1 21548 1420578482643
22948692 1 95475 1420578482643
73417273 1 83166 1420578482643
278093318 2 74267 1420578482643
89787221 1 57733 1420578482643
16045956 1 56425 1420578482643
92733433 1 68843 1420578482643
24426175 1 51290 1420578482643
69020299 1 32338 1420578482643
18964685 1 48034 1420578542643
89316412 2 39060 1420578542643
567341777 2 12722 1420578542643
23354464 2 32097 1420578542643
74578857 1 12098 1420578542643
14192680 1 88618 1420578542643
50225386 1 39138 1420578542643
14845376 2 66574 1420578542643
131003396 1 28743 1420578542643
34541677 1 78376 1420578542643
12413892 1 35257 1420578542643
104227735 1 44914 1420578542643
15445129 1 49420 1420578542643
12273252 1 45309 1420578542643
140080129 1 78484 1420578542643
19200736 1 17854 1420578542643
109013694 1 80661 1420578542643
8861752 1 92167 1420578542643
24773493 1 15893 1420578542643
195897346 1 25901 1420578542643
92791146 2 41782 1420578542643
1381345892 1 31892 1420578542643
17348724 1 37871 1420578542643
22948692 1 95475 1420578542643
19274498 1 21548 1420578542643
278093318 2 74267 1420578542643
16045956 1 56425 1420578542643
120985729 1 45976 1420578542643
92733433 2 68843 1420578542643
69020299 1 32338 1420578542643
316053072 1 37409 1420578602643
89316412 2 39060 1420578602643
567341777 1 12722 1420578602643
23354464 2 32097 1420578602643
259637983 1 54608 1420578602643
1618007706 1 19637 1420578602643
14192680 1 88618 1420578602643
50225386 1 39138 1420578602643
14845376 2 66574 1420578602643
384479689 1 32296 1420578602643
57333521 1 70397 1420578602643
16621805 1 25757 1420578602643
21842357 1 77829 1420578602643
12273252 1 45309 1420578602643
140080129 1 78484 1420578602643
16262688 1 70876 1420578602643
17070252 1 46662 1420578602643
19200736 1 17854 1420578602643
24773493 1 15893 1420578602643
195897346 2 25901 1420578602643
92791146 2 41782 1420578602643
17348724 1 37871 1420578602643
19934731 1 10522 1420578602643
22948692 1 95475 1420578602643
278093318 2 74267 1420578602643
130447060 1 66926 1420578602643
1006922053 1 48298 1420578602643
16045956 1 56425 1420578602643
92733433 1 68843 1420578602643
120985729 1 45976 1420578602643
24426175 1 51290 1420578602643
316053072 1 37409 1420578662643
89316412 1 39060 1420578662643
259637983 1 54608 1420578662643
23354464 2 32097 1420578662643
1618007706 1 19637 1420578662643
7867072 2 69701 1420578662643
263131563 1 48315 1420578662643
14192680 2 88618 1420578662643
14787749 1 47263 1420578662643
14845376 2 66574 1420578662643
57333521 1 70397 1420578662643
16621805 1 25757 1420578662643
12413892 1 35257 1420578662643
21842357 1 77829 1420578662643
140080129 1 78484 1420578662643
17070252 1 46662 1420578662643
8861752 1 92167 1420578662643
195897346 2 25901 1420578662643
188077169 1 68753 1420578662643
92791146 1 41782 1420578662643
1381345892 1 31892 1420578662643
17348724 1 37871 1420578662643
12794362 1 31939 1420578662643
73417273 2 83166 1420578662643
22948692 2 95491 1420578662643
278093318 2 74267 1420578662643
89787221 1 57733 1420578662643
1006922053 1 48298 1420578662643
16045956 2 56425 1420578662643
92733433 1 68843 1420578662643
24426175 1 51290 1420578662643
69020299 1 32338 1420578662643
23354464 2 32097 1420578722643
567341777 1 12722 1420578722643
309220197 1 92205 1420578722643
1886740873 1 13732 1420578722643
7867072 2 69701 1420578722643
14192680 1 88618 1420578722643
44426926 1 38645 1420578722643
14787749 1 47263 1420578722643
14845376 2 66574 1420578722643
17604456 1 95242 1420578722643
12413892 1 35257 1420578722643
12273252 1 45309 1420578722643
140080129 1 78484 1420578722643
28516164 1 31752 1420578722643
19200736 1 17854 1420578722643
8861752 1 92167 1420578722643
195897346 1 25901 1420578722643
92791146 1 41782 1420578722643
1381345892 1 31892 1420578722643
22192440 1 11480 1420578722643
12794362 1 31939 1420578722643
73417273 1 83166 1420578722643
22948692 1 95491 1420578722643
278093318 2 74267 1420578722643
25368027 1 49956 1420578722643
89787221 1 57733 1420578722643
24849868 1 51614 1420578722643
16045956 1 56425 1420578722643
92733433 1 68843 1420578722643
69020299 1 32338 1420578722643
28516164 1 31752 1420578782643
23354464 2 32097 1420578782643
567341777 2 12722 1420578782643
309220197 1 92205 1420578782643
1886740873 1 13732 1420578782643
19200736 1 17854 1420578782643
17472921 1 13829 1420578782643
90714989 1 38215 1420578782643
7867072 1 69701 1420578782643
24206345 1 36959 1420578782643
14192680 1 88618 1420578782643
1381345892 1 31892 1420578782643
44426926 1 38645 1420578782643
14845376 2 66574 1420578782643
22192440 1 11480 1420578782643
57333521 1 70397 1420578782643
17604456 1 95242 1420578782643
278093318 2 74267 1420578782643
12413892 1 35257 1420578782643
27091328 1 16667 1420578782643
24849868 1 51614 1420578782643
467431144 2 15294 1420578782643
140080129 1 78484 1420578842643
23354464 2 32097 1420578842643
567341777 1 12722 1420578842643
388784593 1 97213 1420578842643
24773493 1 15893 1420578842643
90714989 1 38215 1420578842643
17472921 1 13829 1420578842643
824157 1 61286 1420578842643
92791146 1 41782 1420578842643
10005212 1 73060 1420578842643
22192440 2 11480 1420578842643
14845376 2 66574 1420578842643
57333521 1 70397 1420578842643
15920875 1 26112 1420578842643
278093318 1 74267 1420578842643
25368027 1 49956 1420578842643
12413892 1 35257 1420578842643
19781206 1 46854 1420578842643
15856366 1 12659 1420578842643
27091328 1 16667 1420578842643
92733433 1 68843 1420578842643
69020299 1 32338 1420578842643
467431144 1 15294 1420578842643
23354464 1 32097 1420578902643
567341777 1 12722 1420578902643
7867072 1 69701 1420578902643
824157 1 61286 1420578902643
14192680 1 88618 1420578902643
44426926 1 38645 1420578902643
14845376 2 66574 1420578902643
15920875 1 26112 1420578902643
12413892 1 35257 1420578902643
19781206 1 46854 1420578902643
15856366 1 12659 1420578902643
104227735 1 44914 1420578902643
12273252 1 45309 1420578902643
140080129 2 78484 1420578902643
27103822 1 75475 1420578902643
17070252 1 46662 1420578902643
388784593 1 97213 1420578902643
24773493 1 15893 1420578902643
19200736 1 17854 1420578902643
195897346 1 25901 1420578902643
92791146 1 41782 1420578902643
10005212 1 73060 1420578902643
22192440 1 11480 1420578902643
19274498 1 21548 1420578902643
16220541 1 29882 1420578902643
251369428 1 27678 1420578902643
92733433 1 68843 1420578902643
69020299 1 32338 1420578902643
140080129 2 78484 1420578962643
567341777 1 12722 1420578962643
23354464 2 32097 1420578962643
19200736 1 17854 1420578962643
7867072 1 69701 1420578962643
92791146 1 41782 1420578962643
14192680 1 88618 1420578962643
44426926 1 38645 1420578962643
14845376 2 66574 1420578962643
384479689 1 32296 1420578962643
180026716 1 71095 1420578962643
73417273 1 83166 1420578962643
278093318 1 74267 1420578962643
34541677 1 78376 1420578962643
12413892 1 35257 1420578962643
15856366 2 12659 1420578962643
27091328 1 16667 1420578962643
16045956 1 56425 1420578962643
41644754 1 27221 1420578962643
619739966 1 19396 1420578962643
326821147 1 35744 1420578962643
12273252 2 45309 1420578962643
69020299 1 32338 1420578962643
10069612 1 54724 1420578962643
18964685 1 48034 1420579022643
23354464 2 32097 1420579022643
14192680 1 88618 1420579022643
14845376 1 66574 1420579022643
384479689 1 32296 1420579022643
180026716 1 71095 1420579022643
57333521 1 70397 1420579022643
17604456 1 95242 1420579022643
16101657 1 35998 1420579022643
21842357 1 77829 1420579022643
12413892 1 35257 1420579022643
15856366 1 12659 1420579022643
818340 1 57110 1420579022643
12273252 1 45309 1420579022643
160890393 2 14963 1420579022643
140080129 1 78484 1420579022643
16262688 1 70876 1420579022643
8861752 1 92167 1420579022643
195897346 2 25901 1420579022643
92791146 1 41782 1420579022643
51220493 1 59519 1420579022643
20133051 1 40678 1420579022643
14745100 1 85856 1420579022643
73417273 1 83166 1420579022643
278093318 1 74267 1420579022643
25368027 1 49956 1420579022643
130447060 1 66926 1420579022643
27091328 1 16667 1420579022643
619739966 1 19396 1420579022643
93644596 1 88891 1420579022643
69020299 1 32338 1420579022643
18964685 1 48034 1420579082643
23354464 2 32097 1420579082643
1618007706 1 19637 1420579082643
824157 1 61286 1420579082643
14192680 1 88618 1420579082643
44426926 1 38645 1420579082643
14845376 2 66574 1420579082643
384479689 1 32296 1420579082643
57333521 1 70397 1420579082643
16101657 1 35998 1420579082643
17604456 1 95242 1420579082643
34541677 1 78376 1420579082643
21842357 1 77829 1420579082643
15856366 1 12659 1420579082643
818340 1 57110 1420579082643
160890393 2 14963 1420579082643
140080129 1 78484 1420579082643
16262688 1 70876 1420579082643
195897346 1 25901 1420579082643
188077169 1 68753 1420579082643
51220493 1 59519 1420579082643
384940104 2 30564 1420579082643
19274498 1 21548 1420579082643
22948692 1 95491 1420579082643
73417273 1 83160 1420579082643
8312862 1 83698 1420579082643
278093318 1 74267 1420579082643
130447060 1 66926 1420579082643
25368027 1 49956 1420579082643
27091328 2 16667 1420579082643
92733433 1 68843 1420579082643
104291835 1 60597 1420579082643
24426175 1 51290 1420579082643
338262255 1 88648 1420579082643
18964685 1 48034 1420579142643
567341777 1 12722 1420579142643
23354464 2 32097 1420579142643
309220197 1 92205 1420579142643
824157 2 61286 1420579142643
14192680 2 88618 1420579142643
44426926 1 38645 1420579142643
14845376 1 66574 1420579142643
57333521 1 70397 1420579142643
34541677 1 78376 1420579142643
12413892 1 35257 1420579142643
15856366 1 12659 1420579142643
326821147 1 35744 1420579142643
160890393 1 14963 1420579142643
140080129 2 78484 1420579142643
61292961 1 22851 1420579142643
8861752 1 92167 1420579142643
373316165 1 28390 1420579142643
17472921 1 13829 1420579142643
188077169 1 68753 1420579142643
23453742 1 12777 1420579142643
23742474 1 63506 1420579142643
50023090 1 93089 1420579142643
384940104 1 30564 1420579142643
73417273 1 83160 1420579142643
22948692 1 95491 1420579142643
19274498 1 21548 1420579142643
44682474 1 11723 1420579142643
16045956 1 56425 1420579142643
24849868 1 51614 1420579142643
27091328 1 16667 1420579142643
41644754 1 27221 1420579142643
92733433 1 68843 1420579142643
24426175 1 51290 1420579142643
4282171 1 27533 1420579142643
338262255 1 88648 1420579142643
23354464 1 32097 1420579202643
39841830 1 22796 1420579202643
7867072 1 69701 1420579202643
824157 1 61286 1420579202643
14192680 2 88618 1420579202643
384479689 1 32296 1420579202643
491638416 1 17851 1420579202643
12413892 1 35257 1420579202643
21842357 1 77829 1420579202643
15856366 2 12659 1420579202643
326821147 1 35744 1420579202643
33320626 1 57697 1420579202643
140080129 1 78484 1420579202643
15111389 1 46539 1420579202643
61292961 1 22851 1420579202643
8861752 1 92167 1420579202643
17472921 1 13829 1420579202643
373316165 1 28390 1420579202643
50023090 2 93089 1420579202643
384940104 1 30564 1420579202643
238480712 1 78243 1420579202643
73417273 2 83160 1420579202643
44682474 1 11723 1420579202643
24849868 1 51614 1420579202643
16045956 1 56425 1420579202643
46358463 1 44911 1420579202643
27091328 1 16667 1420579202643
41644754 1 27221 1420579202643
92733433 2 68843 1420579202643
55252152 1 11255 1420579202643
24426175 1 51290 1420579202643
4282171 1 27533 1420579202643
338262255 1 88648 1420579202643
18964685 1 48034 1420579262643
23354464 1 32097 1420579262643
7867072 2 69701 1420579262643
824157 1 61286 1420579262643
14192680 2 88618 1420579262643
14845376 2 66574 1420579262643
384479689 2 32296 1420579262643
34541677 1 78376 1420579262643
17437735 1 46295 1420579262643
491638416 1 17851 1420579262643
12413892 2 35257 1420579262643
15856366 1 12659 1420579262643
1364403168 1 22213 1420579262643
166715703 1 23365 1420579262643
12273252 1 45309 1420579262643
33320626 1 57697 1420579262643
140080129 1 78484 1420579262643
174890917 1 80835 1420579262643
8861752 1 92167 1420579262643
195897346 1 25901 1420579262643
1381345892 1 31892 1420579262643
23742474 1 63506 1420579262643
50023090 1 93089 1420579262643
238480712 1 78243 1420579262643
73417273 1 83160 1420579262643
278093318 2 74267 1420579262643
89787221 2 57737 1420579262643
27091328 1 16667 1420579262643
24849868 1 51614 1420579262643
16045956 1 56425 1420579262643
41644754 2 27221 1420579262643
619739966 1 19396 1420579262643
92733433 2 68843 1420579262643
4282171 1 27533 1420579262643
55252152 1 11255 1420579262643
338262255 1 88648 1420579262643
18964685 1 48034 1420579322643
23354464 2 32097 1420579322643
1618007706 1 19637 1420579322643
7867072 1 69701 1420579322643
824157 1 61286 1420579322643
14192680 1 88618 1420579322643
15646547 1 35980 1420579322643
14845376 2 66574 1420579322643
384479689 1 32296 1420579322643
43216942 1 63895 1420579322643
15920875 1 26112 1420579322643
34541677 1 78376 1420579322643
17437735 1 46295 1420579322643
21842357 1 77829 1420579322643
12413892 1 35257 1420579322643
1364403168 2 22213 1420579322643
12273252 1 45309 1420579322643
10069612 1 54724 1420579322643
472207757 1 13743 1420579322643
140080129 2 78484 1420579322643
174890917 1 80835 1420579322643
8861752 1 92167 1420579322643
195897346 1 25901 1420579322643
149157068 1 24991 1420579322643
1381345892 2 31892 1420579322643
278093318 2 74267 1420579322643
89787221 2 57737 1420579322643
17698956 1 51926 1420579322643
251369428 1 27678 1420579322643
24849868 1 51614 1420579322643
27091328 1 16667 1420579322643
41644754 1 27221 1420579322643
811303 1 63734 1420579322643
92733433 1 68861 1420579322643
619739966 1 19396 1420579322643
4282171 2 27533 1420579322643
18964685 1 48034 1420579382643
567341777 1 12722 1420579382643
23354464 2 32097 1420579382643
309220197 1 92205 1420579382643
1618007706 1 19637 1420579382643
7867072 1 69701 1420579382643
49437246 1 19448 1420579382643
15646547 1 35980 1420579382643
14845376 2 66574 1420579382643
43216942 1 63895 1420579382643
19034656 1 42772 1420579382643
15920875 1 26112 1420579382643
18811814 1 23919 1420579382643
21842357 1 77829 1420579382643
1364403168 1 22213 1420579382643
472207757 1 13743 1420579382643
10069612 1 54724 1420579382643
140080129 2 78484 1420579382643
20146313 1 15843 1420579382643
16262688 1 70876 1420579382643
17472921 1 13829 1420579382643
1381345892 1 31892 1420579382643
149157068 1 24991 1420579382643
8312862 1 83698 1420579382643
278093318 1 74267 1420579382643
89787221 2 57737 1420579382643
1006922053 1 48298 1420579382643
17698956 1 51926 1420579382643
251369428 1 27678 1420579382643
41644754 1 27221 1420579382643
4282171 1 27533 1420579382643
69020299 1 32338 1420579382643
22990521 1 72450 1420579442643
23354464 1 32097 1420579442643
309220197 1 92205 1420579442643
23973187 1 48789 1420579442643
7867072 2 69701 1420579442643
14192680 2 88618 1420579442643
14845376 2 66574 1420579442643
19034656 1 42772 1420579442643
879521 1 48631 1420579442643
34541677 1 78376 1420579442643
18811814 1 23919 1420579442643
12413892 1 35257 1420579442643
4380591 1 85705 1420579442643
12273252 1 45309 1420579442643
10069612 2 54724 1420579442643
140080129 1 78484 1420579442643
20146313 1 15843 1420579442643
27103822 1 75475 1420579442643
186222238 1 43827 1420579442643
16262688 1 70876 1420579442643
174890917 1 80835 1420579442643
8861752 1 92167 1420579442643
195897346 1 25901 1420579442643
17472921 1 13829 1420579442643
40996128 1 36858 1420579442643
1381345892 1 31892 1420579442643
384940104 1 30564 1420579442643
22948692 1 95491 1420579442643
8312862 1 83698 1420579442643
278093318 2 74267 1420579442643
25368027 1 49956 1420579442643
89787221 2 57737 1420579442643
25870048 1 10278 1420579442643
41644754 1 27221 1420579442643
104291835 1 60597 1420579442643
69020299 1 32338 1420579442643
338262255 1 88648 1420579442643
89316412 1 39060 1420579502643
22990521 1 72450 1420579502643
23354464 1 32097 1420579502643
309220197 2 92205 1420579502643
1618007706 1 19637 1420579502643
23973187 1 48789 1420579502643
7867072 2 69703 1420579502643
14192680 2 88618 1420579502643
14845376 1 66574 1420579502643
129917609 1 28663 1420579502643
879521 1 48631 1420579502643
18811814 1 23919 1420579502643
12413892 1 35257 1420579502643
21842357 1 77829 1420579502643
4380591 1 85705 1420579502643
15856366 1 12659 1420579502643
12273252 2 45309 1420579502643
33320626 1 57697 1420579502643
10069612 1 54724 1420579502643
27103822 1 75475 1420579502643
186222238 1 43827 1420579502643
174890917 2 80835 1420579502643
8861752 2 92167 1420579502643
195897346 1 25901 1420579502643
1381345892 1 31892 1420579502643
23742474 1 63506 1420579502643
12794362 1 31939 1420579502643
73417273 1 83160 1420579502643
22948692 1 95491 1420579502643
278093318 2 74267 1420579502643
25368027 1 49956 1420579502643
16220541 1 29882 1420579502643
89787221 2 57737 1420579502643
25870048 1 10278 1420579502643
24849868 1 51614 1420579502643
24426175 1 51290 1420579502643
104291835 1 60597 1420579502643
238115057 1 46400 1420579562643
23354464 1 32097 1420579562643
309220197 2 92205 1420579562643
1618007706 1 19637 1420579562643
7867072 2 69703 1420579562643
14192680 1 88618 1420579562643
14845376 2 66574 1420579562643
384479689 1 32296 1420579562643
57333521 1 70397 1420579562643
36573752 1 42212 1420579562643
129917609 1 28663 1420579562643
34541677 1 78376 1420579562643
18811814 1 23919 1420579562643
21842357 1 77829 1420579562643
12413892 1 35257 1420579562643
12273252 2 45309 1420579562643
10069612 1 54724 1420579562643
33320626 1 57697 1420579562643
27103822 1 75475 1420579562643
174890917 2 80835 1420579562643
19118802 1 24344 1420579562643
8861752 1 92167 1420579562643
134772528 1 27199 1420579562643
23742474 1 63506 1420579562643
325220198 2 23101 1420579562643
12794362 1 31939 1420579562643
73417273 1 83160 1420579562643
278093318 2 74267 1420579562643
89787221 2 57737 1420579562643
25870048 1 10278 1420579562643
92733433 1 68861 1420579562643
238115057 1 46400 1420579622643
18725415 1 65132 1420579622643
567341777 1 12722 1420579622643
23354464 2 32097 1420579622643
309220197 1 92205 1420579622643
1618007706 2 19637 1420579622643
7867072 1 69703 1420579622643
44426926 1 38645 1420579622643
14845376 1 66574 1420579622643
384479689 1 32296 1420579622643
57333521 2 70397 1420579622643
36573752 1 42212 1420579622643
34541677 2 78377 1420579622643
12273252 2 45309 1420579622643
10069612 1 54724 1420579622643
140080129 1 78484 1420579622643
349227445 1 91757 1420579622643
27103822 1 75475 1420579622643
17070252 1 46662 1420579622643
19118802 1 24344 1420579622643
174890917 2 80835 1420579622643
8861752 1 92167 1420579622643
134772528 1 27199 1420579622643
23742474 2 63506 1420579622643
325220198 1 23101 1420579622643
16253142 1 16359 1420579622643
22948692 1 95491 1420579622643
278093318 2 74267 1420579622643
89787221 1 57737 1420579622643
251369428 1 27678 1420579622643
27091328 1 16667 1420579622643
92733433 1 68861 1420579622643
18964685 1 48034 1420579682643
23354464 2 32097 1420579682643
309220197 1 92205 1420579682643
1618007706 1 19637 1420579682643
7867072 2 69703 1420579682643
14192680 1 88618 1420579682643
14845376 1 66574 1420579682643
57333521 1 70397 1420579682643
879521 1 48631 1420579682643
34541677 2 78377 1420579682643
12273252 1 45309 1420579682643
10069612 1 54724 1420579682643
33320626 1 57697 1420579682643
140080129 2 78484 1420579682643
186222238 1 43827 1420579682643
18685577 1 17022 1420579682643
16262688 1 70876 1420579682643
174890917 2 80835 1420579682643
17070252 2 46662 1420579682643
8861752 2 92167 1420579682643
24773493 1 15893 1420579682643
1381345892 1 31892 1420579682643
23742474 1 63506 1420579682643
22192440 1 11480 1420579682643
25242416 1 94867 1420579682643
17348724 1 37871 1420579682643
16253142 1 16359 1420579682643
278093318 1 74267 1420579682643
27091328 1 16667 1420579682643
16045956 1 56425 1420579682643
251369428 1 27678 1420579682643
18964685 1 48034 1420579742643
18725415 1 65132 1420579742643
23354464 2 32097 1420579742643
1581203119 1 10297 1420579742643
309220197 1 92205 1420579742643
7867072 1 69703 1420579742643
824157 1 61286 1420579742643
14192680 1 88618 1420579742643
14845376 2 66574 1420579742643
384479689 1 32296 1420579742643
36573752 1 42212 1420579742643
16621805 1 25757 1420579742643
879521 1 48631 1420579742643
34541677 1 78377 1420579742643
21842357 1 77829 1420579742643
326821147 1 35751 1420579742643
10069612 1 54724 1420579742643
140080129 1 78484 1420579742643
27103822 1 75475 1420579742643
186222238 1 43827 1420579742643
18685577 1 17022 1420579742643
16262688 1 70876 1420579742643
174890917 1 80835 1420579742643
17070252 1 46662 1420579742643
24773493 1 15893 1420579742643
8861752 2 92167 1420579742643
17810599 1 12445 1420579742643
23742474 1 63506 1420579742643
1381345892 1 31892 1420579742643
22192440 1 11480 1420579742643
25242416 1 94867 1420579742643
169193463 1 16274 1420579742643
19274498 1 21548 1420579742643
89787221 2 57737 1420579742643
46697447 1 93374 1420579742643
27091328 2 16667 1420579742643
16045956 1 56425 1420579742643
4282171 2 27533 1420579742643
15907716 1 19843 1420579802643
23354464 2 32097 1420579802643
1581203119 1 10297 1420579802643
7867072 1 69703 1420579802643
14192680 1 88618 1420579802643
14845376 2 66574 1420579802643
384479689 2 32296 1420579802643
87290802 1 33834 1420579802643
5146511 1 34988 1420579802643
118292510 1 49053 1420579802643
36573752 2 42212 1420579802643
879521 1 48631 1420579802643
34541677 1 78377 1420579802643
326821147 1 35751 1420579802643
10069612 1 54724 1420579802643
27103822 2 75475 1420579802643
186222238 1 43827 1420579802643
174890917 2 80835 1420579802643
8861752 2 92167 1420579802643
24773493 2 15893 1420579802643
14745100 1 85856 1420579802643
23742474 1 63506 1420579802643
1381345892 2 31892 1420579802643
169193463 1 16274 1420579802643
19274498 1 21548 1420579802643
278093318 2 74267 1420579802643
89787221 1 57737 1420579802643
46697447 1 93374 1420579802643
27091328 2 16667 1420579802643
36440780 1 17152 1420579802643
24426175 1 51290 1420579802643
4282171 1 27533 1420579802643
69020299 1 32338 1420579802643
23354464 1 32097 1420579862643
1581203119 1 10297 1420579862643
7867072 1 69703 1420579862643
1566741842 1 57824 1420579862643
14192680 2 88618 1420579862643
15646547 1 35980 1420579862643
14845376 2 66574 1420579862643
384479689 2 32296 1420579862643
57333521 1 70397 1420579862643
87290802 1 33834 1420579862643
5146511 1 34988 1420579862643
15836048 1 33653 1420579862643
36573752 1 42212 1420579862643
1454742764 1 44367 1420579862643
879521 1 48631 1420579862643
21842357 1 77829 1420579862643
1364403168 1 22213 1420579862643
12273252 1 45309 1420579862643
10069612 1 54733 1420579862643
349227445 1 91757 1420579862643
27103822 1 75475 1420579862643
17145499 1 12629 1420579862643
186222238 2 43827 1420579862643
808721557 1 63854 1420579862643
174890917 2 80835 1420579862643
8861752 2 92167 1420579862643
24773493 1 15893 1420579862643
1381345892 2 31892 1420579862643
17348724 1 37871 1420579862643
172496840 1 85309 1420579862643
278093318 2 74267 1420579862643
89787221 1 57737 1420579862643
16045956 1 56425 1420579862643
27091328 1 16667 1420579862643
36440780 1 17152 1420579862643
1581203119 2 10297 1420579922643
7867072 1 69703 1420579922643
1566741842 1 57824 1420579922643
14192680 1 88618 1420579922643
15646547 1 35980 1420579922643
123576946 1 27884 1420579922643
14845376 2 66574 1420579922643
384479689 1 32296 1420579922643
57333521 1 70397 1420579922643
1454742764 1 44367 1420579922643
34541677 1 78377 1420579922643
15856366 1 12659 1420579922643
1364403168 1 22213 1420579922643
21986815 1 24517 1420579922643
349227445 1 91757 1420579922643
186222238 2 43827 1420579922643
808721557 1 63854 1420579922643
174890917 1 80835 1420579922643
17070252 1 46662 1420579922643
24773493 1 15893 1420579922643
8861752 1 92167 1420579922643
188077169 1 68753 1420579922643
10005212 1 73064 1420579922643
14745100 1 85856 1420579922643
1381345892 2 31892 1420579922643
15520253 1 57504 1420579922643
172496840 1 85309 1420579922643
278093318 1 74267 1420579922643
89787221 1 57737 1420579922643
16045956 2 56425 1420579922643
36440780 1 17152 1420579922643
619739966 1 19396 1420579922643
92733433 1 68861 1420579922643
23354464 1 32097 1420579982643
309220197 1 92205 1420579982643
1581203119 1 10297 1420579982643
1618007706 2 19637 1420579982643
7867072 2 69703 1420579982643
14192680 2 88618 1420579982643
14845376 2 66574 1420579982643
123576946 1 27884 1420579982643
384479689 1 32296 1420579982643
34541677 1 78377 1420579982643
4380591 1 85705 1420579982643
15856366 1 12659 1420579982643
43285968 1 16989 1420579982643
10069612 2 54733 1420579982643
21986815 1 24517 1420579982643
140080129 1 78484 1420579982643
186222238 2 43827 1420579982643
17070252 1 46662 1420579982643
24773493 1 15893 1420579982643
188077169 1 68753 1420579982643
555359654 1 13556 1420579982643
10005212 1 73064 1420579982643
1381345892 2 31892 1420579982643
23742474 1 63506 1420579982643
12794362 1 31939 1420579982643
15520253 1 57504 1420579982643
278093318 2 74267 1420579982643
976147104 1 19231 1420579982643
89787221 1 57737 1420579982643
24849868 1 51614 1420579982643
21862217 1 94396 1420579982643
16045956 2 56425 1420579982643
619739966 1 19396 1420579982643
92733433 1 68861 1420579982643
23354464 1 32097 1420580042643
309220197 2 92205 1420580042643
292289403 1 88051 1420580042643
1618007706 2 19637 1420580042643
7867072 1 69703 1420580042643
824157 1 61286 1420580042643
14192680 1 88618 1420580042643
14845376 1 66574 1420580042643
384479689 2 32296 1420580042643
57333521 1 70397 1420580042643
1454742764 1 44367 1420580042643
18811814 1 23919 1420580042643
12413892 2 35257 1420580042643
4380591 1 85705 1420580042643
394078527 1 41655 1420580042643
43285968 1 16989 1420580042643
12273252 2 45309 1420580042643
10069612 1 54733 1420580042643
27103822 1 75475 1420580042643
186222238 2 43827 1420580042643
17070252 1 46662 1420580042643
174890917 1 80835 1420580042643
8861752 1 92167 1420580042643
17810599 1 12445 1420580042643
188077169 1 68753 1420580042643
24206345 1 36959 1420580042643
1381345892 1 31892 1420580042643
22192440 1 11480 1420580042643
16253142 1 16359 1420580042643
278093318 1 74267 1420580042643
976147104 1 19231 1420580042643
89787221 1 57737 1420580042643
24849868 1 51614 1420580042643
21862217 1 94396 1420580042643
16045956 1 56425 1420580042643
18964685 1 48034 1420580102643
259637983 1 54608 1420580102643
23354464 1 32097 1420580102643
309220197 1 92205 1420580102643
1618007706 2 19637 1420580102643
824157 2 61286 1420580102643
14192680 2 88618 1420580102643
14845376 1 66574 1420580102643
384479689 1 32296 1420580102643
57333521 1 70397 1420580102643
118292510 1 49053 1420580102643
193232854 1 45005 1420580102643
21842357 1 77829 1420580102643
12413892 2 35257 1420580102643
15856366 1 12659 1420580102643
15980503 1 18079 1420580102643
79292033 1 11995 1420580102643
394078527 1 41655 1420580102643
12273252 1 45309 1420580102643
27103822 1 75475 1420580102643
808721557 1 63854 1420580102643
186222238 1 43827 1420580102643
16262688 1 70876 1420580102643
174890917 1 80835 1420580102643
17070252 1 46662 1420580102643
17810599 1 12445 1420580102643
8861752 2 92167 1420580102643
17472921 1 13829 1420580102643
188077169 1 68753 1420580102643
92791146 1 41782 1420580102643
24206345 1 36959 1420580102643
1381345892 1 31892 1420580102643
22192440 1 11480 1420580102643
16253142 1 16359 1420580102643
22948692 1 95491 1420580102643
278093318 1 74267 1420580102643
89787221 1 57737 1420580102643
16045956 1 56425 1420580102643
27091328 1 16667 1420580102643
18964685 1 48034 1420580162643
22990521 1 72450 1420580162643
259637983 1 54608 1420580162643
23354464 2 32097 1420580162643
1618007706 1 19651 1420580162643
74578857 1 12098 1420580162643
7867072 1 69703 1420580162643
824157 2 61286 1420580162643
14192680 1 88618 1420580162643
14845376 2 66574 1420580162643
384479689 1 32296 1420580162643
19034656 1 42775 1420580162643
34541677 1 78377 1420580162643
12413892 1 35257 1420580162643
21842357 1 77829 1420580162643
19781206 1 46854 1420580162643
15980503 1 18079 1420580162643
45710831 1 46170 1420580162643
10069612 1 54733 1420580162643
140080129 1 78484 1420580162643
27103822 1 75475 1420580162643
808721557 1 63854 1420580162643
16262688 2 70876 1420580162643
17070252 1 46662 1420580162643
20096207 1 81474 1420580162643
8861752 2 92167 1420580162643
17472921 1 13829 1420580162643
92791146 1 41782 1420580162643
17348724 2 37871 1420580162643
15520253 1 57504 1420580162643
278093318 1 74267 1420580162643
89787221 1 57737 1420580162643
16045956 1 56425 1420580162643
120985729 1 45976 1420580162643
4282171 1 27533 1420580162643
22990521 1 72450 1420580222643
46213956 1 35264 1420580222643
23354464 1 32097 1420580222643
276554601 1 77143 1420580222643
1618007706 1 19651 1420580222643
20745130 2 90113 1420580222643
74578857 1 12098 1420580222643
7867072 1 69703 1420580222643
824157 1 61286 1420580222643
18970044 1 14261 1420580222643
14845376 2 66574 1420580222643
384479689 2 32296 1420580222643
1454742764 1 44367 1420580222643
34541677 1 78377 1420580222643
19287097 1 10641 1420580222643
15856366 1 12659 1420580222643
45710831 2 46170 1420580222643
15980503 1 18079 1420580222643
394078527 1 41655 1420580222643
16262688 2 70884 1420580222643
17070252 1 46662 1420580222643
8861752 1 92167 1420580222643
195897346 1 25901 1420580222643
92791146 1 41782 1420580222643
10005212 1 73064 1420580222643
23742474 1 63506 1420580222643
22192440 1 11480 1420580222643
169193463 1 16274 1420580222643
17348724 2 37871 1420580222643
15520253 1 57504 1420580222643
278093318 1 74267 1420580222643
89787221 1 57737 1420580222643
27091328 1 16667 1420580222643
92733433 2 68861 1420580222643
120985729 1 45976 1420580222643
4282171 1 27533 1420580222643
46213956 1 35264 1420580282643
1618007706 1 19651 1420580282643
20745130 1 90113 1420580282643
276554601 1 77143 1420580282643
7867072 1 69703 1420580282643
824157 1 61286 1420580282643
18970044 1 14261 1420580282643
14845376 1 66574 1420580282643
384479689 1 32296 1420580282643
1454742764 1 44367 1420580282643
879521 1 48631 1420580282643
34541677 1 78377 1420580282643
21842357 1 77829 1420580282643
12413892 1 35257 1420580282643
19781206 1 46854 1420580282643
45710831 1 46170 1420580282643
15856366 1 12659 1420580282643
394078527 1 41655 1420580282643
326821147 1 35751 1420580282643
16262688 1 70884 1420580282643
17070252 1 46662 1420580282643
17810599 1 12445 1420580282643
109013694 1 80661 1420580282643
24773493 1 15893 1420580282643
8861752 1 92167 1420580282643
195897346 1 25901 1420580282643
10005212 1 73064 1420580282643
1381345892 1 31892 1420580282643
23742474 1 63506 1420580282643
22192440 1 11480 1420580282643
169193463 1 16274 1420580282643
17348724 1 37871 1420580282643
15520253 1 57504 1420580282643
278093318 2 74267 1420580282643
27091328 1 16667 1420580282643
92733433 2 68861 1420580282643
23354464 1 32097 1420580342643
292289403 1 88051 1420580342643
1618007706 1 19651 1420580342643
7867072 2 69703 1420580342643
824157 1 61286 1420580342643
14192680 1 88618 1420580342643
44426926 1 38645 1420580342643
384479689 1 32296 1420580342643
1454742764 1 44367 1420580342643
21842357 1 77829 1420580342643
19781206 1 46854 1420580342643
45710831 2 46170 1420580342643
43285968 1 16989 1420580342643
140080129 1 78484 1420580342643
16262688 1 70884 1420580342643
174890917 2 80835 1420580342643
17070252 1 46662 1420580342643
17810599 1 12445 1420580342643
109013694 1 80661 1420580342643
24773493 1 15893 1420580342643
195897346 1 25901 1420580342643
40329236 1 89709 1420580342643
10005212 2 73064 1420580342643
1381345892 1 31892 1420580342643
384940104 1 30572 1420580342643
8312862 1 83698 1420580342643
278093318 2 74267 1420580342643
119538278 1 47735 1420580342643
89787221 1 57737 1420580342643
17896885 1 24764 1420580342643
27091328 2 16667 1420580342643
92733433 1 68861 1420580342643
69020299 2 32343 1420580342643
46213956 1 35264 1420580402643
567341777 1 12721 1420580402643
1581203119 1 10297 1420580402643
1618007706 1 19651 1420580402643
20745130 1 90113 1420580402643
23973187 1 48789 1420580402643
7867072 2 69703 1420580402643
824157 1 61286 1420580402643
44426926 1 38645 1420580402643
14845376 1 66574 1420580402643
15601977 1 10526 1420580402643
17437735 1 46295 1420580402643
34541677 1 78377 1420580402643
45710831 1 46170 1420580402643
43285968 1 16989 1420580402643
1365924662 1 17336 1420580402643
140080129 1 78484 1420580402643
27103822 1 75475 1420580402643
16262688 1 70884 1420580402643
61733092 1 13246 1420580402643
174890917 2 80835 1420580402643
152341106 1 28823 1420580402643
195897346 1 25901 1420580402643
188077169 1 68753 1420580402643
10005212 1 73064 1420580402643
18971670 1 19445 1420580402643
1381345892 1 31892 1420580402643
23742474 1 63506 1420580402643
16253142 1 16359 1420580402643
15520253 1 57504 1420580402643
384940104 1 30572 1420580402643
22948692 1 95491 1420580402643
8312862 1 83698 1420580402643
278093318 2 74267 1420580402643
25368027 1 49956 1420580402643
1