18964685 6 48034 1420574922643
189107456 1 46850 1420574922643
18725415 1 65132 1420574922643
259637983 1 54609 1420574922643
23354464 8 32095 1420574922643
309220197 1 92201 1420574922643
24705687 1 76921 1420574922643
1581203119 1 10294 1420574922643
23973187 1 48789 1420574922643
108039570 1 33631 1420574922643
7867072 15 69701 1420574922643
824157 1 61286 1420574922643
573956600 1 31130 1420574922643
49437246 1 19449 1420574922643
21842357 2 77828 1420574922643
45710831 3 46170 1420574922643
104227735 3 44911 1420574922643
326821147 2 35746 1420574922643
12273252 15 45309 1420574922643
472207757 1 13744 1420574922643
11178672 7 64179 1420574922643
186222238 3 43816 1420574922643
808721557 1 63854 1420574922643
33491215 2 16744 1420574922643
15111389 4 46539 1420574922643
17070252 3 46660 1420574922643
61733092 1 13246 1420574922643
174890917 3 80830 1420574922643
61292961 1 22851 1420574922643
24773493 1 15893 1420574922643
8861752 2 92164 1420574922643
90714989 1 38215 1420574922643
29788830 1 60318 1420574922643
92791146 2 41782 1420574922643
10005212 1 73060 1420574922643
183807568 5 33884 1420574922643
149157068 1 24991 1420574922643
1381345892 3 31895 1420574922643
16253142 1 16359 1420574922643
73417273 10 83166 1420574922643
8312862 1 83695 1420574922643
25368027 1 49956 1420574922643
976147104 5 19231 1420574922643
487535749 1 33528 1420574922643
21862217 2 94395 1420574922643
27091328 11 16666 1420574922643
89316412 1 39059 1420574922643
128044351 1 24585 1420574922643
1618007706 3 19637 1420574922643
20745130 1 90110 1420574922643
107654081 1 38411 1420574922643
26207922 1 25892 1420574922643
14192680 3 88618 1420574922643
14845376 1 66568 1420574922643
384479689 8 32296 1420574922643
7023592 1 32887 1420574922643
5146511 1 34988 1420574922643
118292510 1 49053 1420574922643
19034656 1 42772 1420574922643
17604456 2 95242 1420574922643
34541677 4 78376 1420574922643
1051313198 2 73416 1420574922643
12413892 9 35257 1420574922643
818340 1 57112 1420574922643
21986815 1 24516 1420574922643
140080129 5 78482 1420574922643
114872969 2 21480 1420574922643
16262688 1 70876 1420574922643
20096207 1 81478 1420574922643
19200736 1 17854 1420574922643
195897346 1 25901 1420574922643
17472921 2 13829 1420574922643
23779501 1 12991 1420574922643
23742474 1 63504 1420574922643
325220198 1 23101 1420574922643
532171645 1 69633 1420574922643
15520253 1 57500 1420574922643
278093318 5 74267 1420574922643
130447060 1 66926 1420574922643
89787221 13 57733 1420574922643
21796484 1 88344 1420574922643
17698956 5 51849 1420574922643
36440780 1 17151 1420574922643
38702668 3 12088 1420574922643
92733433 6 68843 1420574922643
395194959 1 71106 1420574922643
226606138 1 40182 1420574922643
18964685 5 48034 1420574942643
189107456 1 46850 1420574942643
18725415 1 65132 1420574942643
259637983 1 54609 1420574942643
23354464 8 32095 1420574942643
309220197 1 92201 1420574942643
24705687 1 76921 1420574942643
1581203119 1 10294 1420574942643
23973187 1 48789 1420574942643
108039570 1 33631 1420574942643
7867072 15 69701 1420574942643
824157 1 61286 1420574942643
573956600 1 31130 1420574942643
49437246 1 19449 1420574942643
15601977 1 10526 1420574942643
21842357 3 77828 1420574942643
45710831 2 46170 1420574942643
104227735 2 44911 1420574942643
12273252 14 45309 1420574942643
326821147 2 35746 1420574942643
472207757 1 13744 1420574942643
11178672 7 64179 1420574942643
186222238 2 43816 1420574942643
33491215 2 16744 1420574942643
808721557 1 63854 1420574942643
15111389 4 46539 1420574942643
17070252 4 46660 1420574942643
61733092 1 13246 1420574942643
174890917 4 80830 1420574942643
24773493 1 15893 1420574942643
8861752 2 92164 1420574942643
90714989 1 38215 1420574942643
29788830 1 60318 1420574942643
92791146 2 41782 1420574942643
10005212 1 73060 1420574942643
183807568 5 33884 1420574942643
1381345892 3 31895 1420574942643
16253142 1 16359 1420574942643
8312862 1 83695 1420574942643
73417273 9 83166 1420574942643
25368027 1 49956 1420574942643
976147104 6 19231 1420574942643
487535749 1 33528 1420574942643
21862217 2 94396 1420574942643
27091328 11 16666 1420574942643
89316412 2 39059 1420574942643
128044351 1 24585 1420574942643
1618007706 4 19637 1420574942643
20745130 1 90110 1420574942643
107654081 1 38409 1420574942643
26207922 1 25892 1420574942643
14192680 4 88618 1420574942643
14845376 1 66568 1420574942643
384479689 8 32296 1420574942643
7023592 1 32887 1420574942643
5146511 1 34988 1420574942643
118292510 1 49054 1420574942643
19034656 1 42772 1420574942643
17604456 1 95242 1420574942643
34541677 4 78376 1420574942643
1051313198 2 73416 1420574942643
12413892 9 35257 1420574942643
818340 1 57112 1420574942643
21986815 1 24516 1420574942643
140080129 6 78482 1420574942643
114872969 1 21480 1420574942643
16262688 1 70876 1420574942643
20096207 1 81478 1420574942643
19200736 1 17856 1420574942643
195897346 1 25901 1420574942643
17472921 2 13829 1420574942643
23779501 1 12991 1420574942643
23742474 1 63504 1420574942643
325220198 1 23101 1420574942643
532171645 1 69633 1420574942643
15520253 1 57500 1420574942643
278093318 4 74267 1420574942643
130447060 1 66926 1420574942643
89787221 12 57733 1420574942643
21796484 1 88344 1420574942643
17698956 4 51849 1420574942643
36440780 1 17151 1420574942643
38702668 3 12088 1420574942643
92733433 6 68843 1420574942643
395194959 1 71106 1420574942643
18964685 5 48034 1420574962643
189107456 1 46850 1420574962643
18725415 1 65132 1420574962643
259637983 1 54609 1420574962643
23354464 8 32095 1420574962643
309220197 1 92201 1420574962643
24705687 1 76921 1420574962643
23973187 1 48789 1420574962643
108039570 1 33631 1420574962643
7867072 16 69701 1420574962643
824157 2 61288 1420574962643
573956600 1 31130 1420574962643
49437246 2 19449 1420574962643
15601977 2 10526 1420574962643
16621805 1 25757 1420574962643
21842357 4 77828 1420574962643
104227735 2 44911 1420574962643
45710831 2 46170 1420574962643
12273252 13 45311 1420574962643
326821147 1 35746 1420574962643
11178672 7 64179 1420574962643
186222238 3 43820 1420574962643
33491215 2 16744 1420574962643
15111389 3 46539 1420574962643
17070252 4 46660 1420574962643
174890917 5 80830 1420574962643
61733092 1 13246 1420574962643
24773493 1 15893 1420574962643
8861752 2 92164 1420574962643
90714989 1 38215 1420574962643
29788830 1 60318 1420574962643
92791146 2 41782 1420574962643
10005212 1 73060 1420574962643
183807568 5 33884 1420574962643
1381345892 2 31895 1420574962643
16253142 1 16359 1420574962643
73417273 10 83166 1420574962643
25368027 1 49956 1420574962643
976147104 6 19231 1420574962643
487535749 1 33528 1420574962643
21862217 2 94396 1420574962643
27091328 11 16666 1420574962643
89316412 3 39059 1420574962643
128044351 1 24585 1420574962643
1618007706 4 19637 1420574962643
20745130 1 90110 1420574962643
107654081 1 38409 1420574962643
26207922 1 25892 1420574962643
14192680 4 88618 1420574962643
14845376 1 66568 1420574962643
384479689 9 32296 1420574962643
7023592 1 32887 1420574962643
5146511 1 34988 1420574962643
118292510 1 49054 1420574962643
17604456 1 95242 1420574962643
34541677 3 78376 1420574962643
1051313198 2 73416 1420574962643
12413892 9 35257 1420574962643
15856366 1 12657 1420574962643
818340 1 57112 1420574962643
140080129 5 78482 1420574962643
114872969 1 21480 1420574962643
20096207 1 81478 1420574962643
19200736 1 17856 1420574962643
17472921 2 13829 1420574962643
23779501 1 12991 1420574962643
325220198 1 23101 1420574962643
532171645 1 69633 1420574962643
15520253 1 57500 1420574962643
278093318 3 74267 1420574962643
89787221 12 57733 1420574962643
21796484 1 88344 1420574962643
17698956 4 51884 1420574962643
36440780 1 17151 1420574962643
38702668 3 12092 1420574962643
92733433 6 68843 1420574962643
395194959 1 71106 1420574962643
18964685 4 48034 1420574982643
189107456 2 46850 1420574982643
18725415 1 65132 1420574982643
259637983 1 54609 1420574982643
23354464 7 32095 1420574982643
24705687 1 76921 1420574982643
309220197 1 92201 1420574982643
23973187 1 48789 1420574982643
108039570 1 33631 1420574982643
7867072 16 69701 1420574982643
824157 2 61288 1420574982643
573956600 1 31130 1420574982643
49437246 3 19449 1420574982643
15601977 2 10526 1420574982643
15920875 1 26111 1420574982643
16621805 2 25757 1420574982643
21842357 4 77828 1420574982643
104227735 1 44911 1420574982643
45710831 2 46170 1420574982643
12273252 11 45311 1420574982643
11178672 5 64179 1420574982643
33491215 1 16744 1420574982643
186222238 4 43820 1420574982643
15111389 2 46539 1420574982643
17070252 4 46660 1420574982643
174890917 7 80832 1420574982643
61733092 1 13246 1420574982643
24773493 1 15893 1420574982643
8861752 1 92164 1420574982643
90714989 1 38215 1420574982643
92791146 1 41782 1420574982643
10005212 1 73060 1420574982643
183807568 5 33884 1420574982643
1381345892 2 31895 1420574982643
16253142 1 16359 1420574982643
73417273 10 83166 1420574982643
25368027 1 49956 1420574982643
976147104 6 19231 1420574982643
487535749 1 33528 1420574982643
21862217 1 94396 1420574982643
27091328 12 16668 1420574982643
89316412 4 39059 1420574982643
128044351 1 24585 1420574982643
20745130 1 90110 1420574982643
1618007706 4 19637 1420574982643
107654081 1 38409 1420574982643
26207922 1 25892 1420574982643
14192680 5 88618 1420574982643
14845376 1 66568 1420574982643
384479689 9 32296 1420574982643
5146511 1 34988 1420574982643
7023592 1 32887 1420574982643
118292510 1 49054 1420574982643
17604456 1 95242 1420574982643
34541677 3 78376 1420574982643
1051313198 2 73416 1420574982643
12413892 11 35257 1420574982643
15856366 2 12657 1420574982643
818340 1 57112 1420574982643
140080129 5 78486 1420574982643
19200736 1 17856 1420574982643
17472921 1 13829 1420574982643
23779501 1 12991 1420574982643
325220198 1 23101 1420574982643
15520253 1 57500 1420574982643
278093318 2 74267 1420574982643
89787221 11 57733 1420574982643
21796484 1 88344 1420574982643
17698956 3 51884 1420574982643
36440780 1 17151 1420574982643
92733433 6 68843 1420574982643
38702668 3 12092 1420574982643
395194959 1 71106 1420574982643
18964685 4 48034 1420575002643
189107456 3 46850 1420575002643
18725415 1 65132 1420575002643
259637983 1 54609 1420575002643
23354464 6 32095 1420575002643
24705687 2 76920 1420575002643
309220197 1 92201 1420575002643
23973187 1 48789 1420575002643
108039570 1 33631 1420575002643
7867072 15 69701 1420575002643
824157 2 61288 1420575002643
14811775 1 72970 1420575002643
49437246 3 19449 1420575002643
15601977 3 10526 1420575002643
15920875 1 26111 1420575002643
16621805 2 25757 1420575002643
21842357 4 77828 1420575002643
45710831 2 46170 1420575002643
104227735 1 44911 1420575002643
12273252 10 45311 1420575002643
11178672 5 64179 1420575002643
33491215 1 16744 1420575002643
186222238 4 43820 1420575002643
15111389 1 46539 1420575002643
17070252 4 46660 1420575002643
174890917 8 80832 1420575002643
61733092 1 13246 1420575002643
24773493 1 15893 1420575002643
8861752 1 92164 1420575002643
92791146 1 41782 1420575002643
10005212 1 73060 1420575002643
183807568 5 33884 1420575002643
1381345892 2 31895 1420575002643
16253142 1 16359 1420575002643
73417273 9 83166 1420575002643
976147104 6 19231 1420575002643
25368027 1 49956 1420575002643
487535749 1 33528 1420575002643
27091328 12 16668 1420575002643
21862217 1 94396 1420575002643
89316412 4 39059 1420575002643
128044351 1 24585 1420575002643
1618007706 4 19637 1420575002643
14192680 5 88618 1420575002643
26207922 1 25892 1420575002643
14845376 1 66568 1420575002643
384479689 10 32296 1420575002643
7023592 1 32887 1420575002643
118292510 1 49054 1420575002643
17604456 1 95242 1420575002643
34541677 4 78376 1420575002643
1051313198 1 73416 1420575002643
12413892 11 35257 1420575002643
15856366 2 12657 1420575002643
818340 1 57112 1420575002643
21986815 1 24516 1420575002643
140080129 5 78486 1420575002643
19200736 1 17856 1420575002643
17472921 1 13829 1420575002643
23779501 1 12991 1420575002643
325220198 1 23101 1420575002643
15520253 1 57501 1420575002643
278093318 2 74268 1420575002643
76162725 1 13810 1420575002643
89787221 11 57733 1420575002643
21796484 1 88346 1420575002643
17698956 3 51884 1420575002643
36440780 1 17151 1420575002643
92733433 7 68843 1420575002643
38702668 3 12092 1420575002643
18964685 4 48034 1420575022643
189107456 3 46850 1420575022643
23354464 6 32095 1420575022643
259637983 1 54609 1420575022643
18725415 1 65132 1420575022643
24705687 1 76920 1420575022643
309220197 1 92201 1420575022643
23973187 1 48789 1420575022643
7867072 13 69701 1420575022643
824157 3 61288 1420575022643
14811775 1 72970 1420575022643
49437246 3 19448 1420575022643
15601977 4 10526 1420575022643
15920875 1 26111 1420575022643
16621805 2 25757 1420575022643
21842357 4 77828 1420575022643
45710831 2 46170 1420575022643
326821147 1 35746 1420575022643
12273252 11 45311 1420575022643
11178672 5 64179 1420575022643
186222238 4 43820 1420575022643
33491215 1 16744 1420575022643
15111389 1 46539 1420575022643
17070252 4 46660 1420575022643
61733092 1 13246 1420575022643
174890917 8 80832 1420575022643
8861752 1 92165 1420575022643
24773493 1 15893 1420575022643
92791146 1 41782 1420575022643
183807568 3 33884 1420575022643
1381345892 2 31892 1420575022643
16253142 2 16359 1420575022643
73417273 8 83166 1420575022643
976147104 5 19231 1420575022643
25368027 1 49956 1420575022643
27091328 10 16668 1420575022643
89316412 4 39059 1420575022643
128044351 1 24585 1420575022643
1618007706 4 19639 1420575022643
14192680 6 88618 1420575022643
26207922 1 25892 1420575022643
14845376 1 66568 1420575022643
384479689 10 32296 1420575022643
7023592 1 32887 1420575022643
17604456 1 95242 1420575022643
34541677 4 78376 1420575022643
1051313198 1 73416 1420575022643
12413892 10 35257 1420575022643
15856366 2 12657 1420575022643
818340 1 57112 1420575022643
21986815 2 24516 1420575022643
140080129 4 78486 1420575022643
19200736 1 17856 1420575022643
195897346 1 25902 1420575022643
17472921 1 13829 1420575022643
23779501 1 12991 1420575022643
325220198 1 23101 1420575022643
278093318 1 74268 1420575022643
76162725 2 13810 1420575022643
89787221 10 57733 1420575022643
21796484 1 88346 1420575022643
17698956 3 51884 1420575022643
36440780 1 17151 1420575022643
92733433 8 68843 1420575022643
38702668 3 12092 1420575022643
18964685 5 48034 1420575042643
189107456 3 46850 1420575042643
23354464 4 32095 1420575042643
259637983 1 54609 1420575042643
18725415 1 65131 1420575042643
24705687 1 76920 1420575042643
309220197 1 92201 1420575042643
23973187 1 48789 1420575042643
174083824 1 33746 1420575042643
7867072 13 69702 1420575042643
824157 4 61288 1420575042643
14811775 1 72970 1420575042643
49437246 3 19448 1420575042643
15601977 4 10526 1420575042643
15920875 1 26111 1420575042643
16621805 2 25757 1420575042643
21842357 4 77828 1420575042643
45710831 1 46170 1420575042643
326821147 2 35746 1420575042643
12273252 13 45311 1420575042643
11178672 4 64179 1420575042643
186222238 4 43820 1420575042643
33491215 1 16744 1420575042643
61733092 1 13246 1420575042643
174890917 9 80832 1420575042643
17070252 4 46660 1420575042643
8861752 2 92165 1420575042643
24773493 1 15893 1420575042643
183807568 2 33884 1420575042643
1381345892 3 31892 1420575042643
16253142 3 16359 1420575042643
73417273 7 83166 1420575042643
25368027 1 49956 1420575042643
976147104 4 19231 1420575042643
27091328 9 16668 1420575042643
89316412 4 39059 1420575042643
128044351 1 24585 1420575042643
1618007706 4 19639 1420575042643
26207922 1 25893 1420575042643
14192680 6 88618 1420575042643
14845376 1 66568 1420575042643
384479689 9 32296 1420575042643
7023592 1 32887 1420575042643
17604456 1 95244 1420575042643
34541677 4 78376 1420575042643
1051313198 2 73416 1420575042643
12413892 10 35257 1420575042643
15856366 2 12657 1420575042643
818340 1 57112 1420575042643
21986815 2 24517 1420575042643
140080129 4 78486 1420575042643
19200736 1 17856 1420575042643
195897346 1 25902 1420575042643
17472921 1 13829 1420575042643
23779501 1 12991 1420575042643
325220198 1 23101 1420575042643
278093318 1 74268 1420575042643
76162725 2 13810 1420575042643
89787221 8 57733 1420575042643
21796484 1 88346 1420575042643
17698956 1 51884 1420575042643
46358463 1 44907 1420575042643
36440780 1 17151 1420575042643
38702668 3 12092 1420575042643
92733433 8 68843 1420575042643
18964685 5 48034 1420575062643
189107456 3 46850 1420575062643
259637983 1 54609 1420575062643
18725415 1 65131 1420575062643
23354464 2 32095 1420575062643
309220197 1 92201 1420575062643
24705687 1 76920 1420575062643
23973187 1 48789 1420575062643
174083824 2 33746 1420575062643
7867072 13 69702 1420575062643
824157 4 61288 1420575062643
14811775 1 72970 1420575062643
49437246 3 19448 1420575062643
87290802 1 33835 1420575062643
15601977 4 10526 1420575062643
16621805 2 25758 1420575062643
15920875 1 26111 1420575062643
21842357 4 77828 1420575062643
45710831 1 46170 1420575062643
326821147 2 35746 1420575062643
12273252 15 45311 1420575062643
11178672 5 64179 1420575062643
186222238 4 43820 1420575062643
61733092 1 13246 1420575062643
174890917 10 80832 1420575062643
17070252 4 46660 1420575062643
8861752 2 92165 1420575062643
24773493 1 15893 1420575062643
183807568 2 33884 1420575062643
1381345892 3 31892 1420575062643
19934731 1 10523 1420575062643
16253142 3 16359 1420575062643
73417273 5 83166 1420575062643
25368027 1 49956 1420575062643
976147104 4 19231 1420575062643
27091328 8 16668 1420575062643
89316412 4 39059 1420575062643
1618007706 3 19639 1420575062643
26207922 1 25893 1420575062643
14192680 6 88617 1420575062643
14845376 1 66568 1420575062643
384479689 8 32296 1420575062643
7023592 1 32887 1420575062643
34541677 4 78376 1420575062643
1051313198 2 73416 1420575062643
12413892 9 35257 1420575062643
15856366 2 12657 1420575062643
818340 1 57112 1420575062643
21986815 2 24517 1420575062643
140080129 3 78486 1420575062643
19200736 1 17856 1420575062643
195897346 1 25902 1420575062643
325220198 1 23101 1420575062643
12794362 1 31940 1420575062643
15520253 1 57501 1420575062643
16220541 1 29881 1420575062643
76162725 3 13810 1420575062643
89787221 7 57733 1420575062643
21796484 1 88346 1420575062643
46358463 2 44907 1420575062643
92733433 7 68843 1420575062643
38702668 2 12092 1420575062643
18964685 5 48033 1420575082643
189107456 3 46850 1420575082643
23354464 2 32095 1420575082643
18725415 1 65131 1420575082643
259637983 1 54609 1420575082643
24705687 1 76920 1420575082643
23973187 1 48789 1420575082643
174083824 2 33746 1420575082643
7867072 12 69702 1420575082643
824157 4 61288 1420575082643
14811775 1 72970 1420575082643
49437246 2 19448 1420575082643
87290802 2 33835 1420575082643
15601977 4 10526 1420575082643
16621805 3 25758 1420575082643
15920875 1 26112 1420575082643
21842357 4 77828 1420575082643
12273252 14 45311 1420575082643
326821147 2 35746 1420575082643
11178672 5 64179 1420575082643
186222238 4 43820 1420575082643
17070252 4 46660 1420575082643
174890917 11 80832 1420575082643
61292961 1 22852 1420575082643
8861752 2 92165 1420575082643
24773493 1 15893 1420575082643
183807568 1 33884 1420575082643
1381345892 2 31892 1420575082643
19934731 1 10523 1420575082643
16253142 2 16359 1420575082643
73417273 4 83166 1420575082643
25368027 1 49956 1420575082643
976147104 4 19231 1420575082643
27091328 9 16668 1420575082643
89316412 4 39059 1420575082643
276554601 1 77145 1420575082643
1618007706 2 19639 1420575082643
14192680 6 88617 1420575082643
14845376 1 66568 1420575082643
384479689 7 32296 1420575082643
34541677 4 78376 1420575082643
1051313198 3 73416 1420575082643
12413892 8 35257 1420575082643
15856366 3 12657 1420575082643
818340 1 57112 1420575082643
21986815 2 24517 1420575082643
140080129 3 78486 1420575082643
195897346 1 25902 1420575082643
325220198 1 23101 1420575082643
12794362 2 31940 1420575082643
15520253 2 57501 1420575082643
16220541 2 29881 1420575082643
89787221 6 57733 1420575082643
76162725 4 13810 1420575082643
21796484 1 88346 1420575082643
46358463 2 44907 1420575082643
92733433 5 68843 1420575082643
38702668 2 12092 1420575082643
18964685 5 48033 1420575102643
189107456 3 46850 1420575102643
23354464 2 32095 1420575102643
18725415 1 65131 1420575102643
24705687 1 76920 1420575102643
23973187 2 48789 1420575102643
174083824 2 33746 1420575102643
7867072 11 69702 1420575102643
824157 4 61288 1420575102643
14811775 1 72970 1420575102643
49437246 2 19448 1420575102643
87290802 2 33835 1420575102643
15601977 5 10526 1420575102643
16621805 4 25758 1420575102643
15920875 1 26112 1420575102643
21842357 3 77828 1420575102643
12273252 13 45311 1420575102643
326821147 2 35746 1420575102643
11178672 5 64179 1420575102643
186222238 5 43820 1420575102643
17070252 4 46660 1420575102643
174890917 11 80832 1420575102643
61292961 2 22852 1420575102643
24773493 1 15893 1420575102643
8861752 3 92165 1420575102643
183807568 1 33884 1420575102643
1381345892 3 31892 1420575102643
19934731 1 10523 1420575102643
16253142 2 16359 1420575102643
73417273 3 83166 1420575102643
976147104 4 19231 1420575102643
27091328 8 16668 1420575102643
89316412 4 39059 1420575102643
276554601 2 77145 1420575102643
1618007706 2 19639 1420575102643
14192680 6 88617 1420575102643
14845376 1 66568 1420575102643
384479689 8 32296 1420575102643
34541677 6 78376 1420575102643
1051313198 4 73416 1420575102643
12413892 9 35257 1420575102643
15856366 4 12657 1420575102643
818340 1 57112 1420575102643
21986815 2 24517 1420575102643
140080129 3 78486 1420575102643
195897346 1 25902 1420575102643
12794362 2 31940 1420575102643
15520253 2 57501 1420575102643
16220541 2 29881 1420575102643
89787221 6 57733 1420575102643
76162725 4 13810 1420575102643
21796484 1 88346 1420575102643
25870048 1 10278 1420575102643
46358463 2 44908 1420575102643
92733433 5 68843 1420575102643
38702668 1 12093 1420575102643
18964685 3 48033 1420575122643
189107456 2 46851 1420575122643
23354464 1 32095 1420575122643
24705687 1 76920 1420575122643
23973187 2 48789 1420575122643
174083824 2 33746 1420575122643
7867072 10 69702 1420575122643
824157 5 61288 1420575122643
14811775 1 72970 1420575122643
49437246 2 19448 1420575122643
87290802 2 33835 1420575122643
15601977 5 10526 1420575122643
16621805 4 25758 1420575122643
15920875 1 26112 1420575122643
21842357 2 77828 1420575122643
12273252 11 45312 1420575122643
326821147 2 35746 1420575122643
27103822 1 75476 1420575122643
11178672 5 64179 1420575122643
186222238 5 43820 1420575122643
174890917 10 80832 1420575122643
17070252 3 46660 1420575122643
61292961 2 22852 1420575122643
8861752 4 92165 1420575122643
1381345892 5 31892 1420575122643
19934731 1 10523 1420575122643
16253142 2 16359 1420575122643
73417273 3 83166 1420575122643
976147104 3 19231 1420575122643
27091328 6 16668 1420575122643
89316412 4 39059 1420575122643
276554601 2 77145 1420575122643
1618007706 1 19639 1420575122643
14192680 5 88617 1420575122643
14845376 1 66568 1420575122643
384479689 9 32296 1420575122643
34541677 6 78376 1420575122643
1051313198 4 73416 1420575122643
12413892 9 35257 1420575122643
15856366 4 12657 1420575122643
21986815 2 24517 1420575122643
140080129 3 78486 1420575122643
19200736 1 17856 1420575122643
195897346 1 25902 1420575122643
12794362 2 31940 1420575122643
15520253 2 57501 1420575122643
16220541 2 29881 1420575122643
89787221 8 57733 1420575122643
76162725 4 13810 1420575122643
21796484 1 88346 1420575122643
25870048 2 10278 1420575122643
46358463 2 44908 1420575122643
92733433 3 68843 1420575122643
38702668 1 12093 1420575122643
18964685 3 48033 1420575142643
189107456 2 46851 1420575142643
24705687 1 76920 1420575142643
23973187 2 48789 1420575142643
174083824 2 33746 1420575142643
7867072 8 69702 1420575142643
824157 6 61288 1420575142643
14811775 1 72970 1420575142643
49437246 2 19448 1420575142643
87290802 2 33835 1420575142643
15601977 5 10526 1420575142643
15920875 1 26112 1420575142643
16621805 4 25758 1420575142643
21842357 2 77828 1420575142643
12273252 10 45312 1420575142643
326821147 2 35746 1420575142643
27103822 2 75476 1420575142643
11178672 4 64179 1420575142643
186222238 5 43820 1420575142643
17070252 2 46660 1420575142643
174890917 9 80832 1420575142643
61292961 2 22852 1420575142643
8861752 4 92165 1420575142643
18971670 1 19444 1420575142643
1381345892 6 31892 1420575142643
19934731 1 10523 1420575142643
16253142 2 16359 1420575142643
73417273 2 83166 1420575142643
976147104 2 19231 1420575142643
27091328 6 16667 1420575142643
89316412 4 39059 1420575142643
1618007706 2 19639 1420575142643
276554601 2 77145 1420575142643
14192680 5 88617 1420575142643
384479689 10 32296 1420575142643
34541677 6 78376 1420575142643
1051313198 4 73416 1420575142643
12413892 8 35258 1420575142643
15856366 4 12657 1420575142643
21986815 2 24517 1420575142643
140080129 5 78486 1420575142643
19200736 2 17856 1420575142643
195897346 1 25902 1420575142643
12794362 2 31940 1420575142643
15520253 2 57501 1420575142643
16220541 2 29881 1420575142643
89787221 9 57733 1420575142643
76162725 4 13810 1420575142643
25870048 2 10278 1420575142643
16045956 1 56426 1420575142643
46358463 2 44908 1420575142643
202777395 1 18077 1420575142643
92733433 3 68843 1420575142643
18964685 4 48033 1420575162643
189107456 2 46851 1420575162643
24705687 1 76920 1420575162643
23973187 2 48789 1420575162643
174083824 2 33746 1420575162643
7867072 8 69702 1420575162643
824157 6 61288 1420575162643
14811775 1 72970 1420575162643
49437246 2 19448 1420575162643
87290802 2 33835 1420575162643
15601977 5 10526 1420575162643
15920875 1 26112 1420575162643
16621805 4 25758 1420575162643
21842357 2 77828 1420575162643
12273252 10 45312 1420575162643
326821147 2 35746 1420575162643
27103822 2 75476 1420575162643
11178672 4 64179 1420575162643
186222238 5 43820 1420575162643
174890917 9 80832 1420575162643
61292961 2 22852 1420575162643
8861752 4 92165 1420575162643
18971670 2 19444 1420575162643
1381345892 6 31892 1420575162643
19934731 1 10523 1420575162643
16253142 2 16359 1420575162643
73417273 2 83166 1420575162643
14158682 1 33564 1420575162643
27091328 6 16667 1420575162643
89316412 2 39059 1420575162643
276554601 2 77145 1420575162643
1618007706 3 19639 1420575162643
14192680 4 88617 1420575162643
384479689 11 32296 1420575162643
34541677 6 78376 1420575162643
1051313198 4 73416 1420575162643
12413892 9 35258 1420575162643
15856366 4 12657 1420575162643
217588851 1 33842 1420575162643
21986815 2 24517 1420575162643
140080129 6 78488 1420575162643
19200736 2 17856 1420575162643
17472921 1 13829 1420575162643
195897346 1 25901 1420575162643
12794362 2 31940 1420575162643
15520253 3 57501 1420575162643
278093318 1 74268 1420575162643
16220541 2 29881 1420575162643
76162725 4 13810 1420575162643
89787221 9 57733 1420575162643
25870048 2 10278 1420575162643
16045956 2 56426 1420575162643
46358463 2 44908 1420575162643
202777395 2 18077 1420575162643
92733433 3 68843 1420575162643
55252152 1 11256 1420575162643
18964685 4 48033 1420575182643
189107456 2 46851 1420575182643
24705687 1 76920 1420575182643
23973187 2 48789 1420575182643
174083824 2 33746 1420575182643
7867072 8 69702 1420575182643
824157 4 61287 1420575182643
14811775 1 72970 1420575182643
49437246 2 19448 1420575182643
87290802 2 33835 1420575182643
15601977 3 10526 1420575182643
16621805 4 25758 1420575182643
15920875 1 26112 1420575182643
12273252 11 45312 1420575182643
326821147 2 35746 1420575182643
27103822 2 75476 1420575182643
11178672 4 64179 1420575182643
186222238 5 43820 1420575182643
174890917 7 80832 1420575182643
61292961 2 22852 1420575182643
8861752 4 92165 1420575182643
1381345892 6 31892 1420575182643
18971670 2 19444 1420575182643
19934731 1 10523 1420575182643
16253142 2 16359 1420575182643
73417273 1 83166 1420575182643
14158682 2 33564 1420575182643
27091328 6 16667 1420575182643
89316412 2 39059 1420575182643
276554601 2 77145 1420575182643
1618007706 4 19639 1420575182643
14192680 5 88617 1420575182643
384479689 9 32296 1420575182643
17604456 1 95244 1420575182643
34541677 7 78376 1420575182643
1051313198 4 73416 1420575182643
12413892 10 35258 1420575182643
15856366 4 12657 1420575182643
217588851 2 33842 1420575182643
21986815 3 24517 1420575182643
140080129 4 78488 1420575182643
19200736 2 17856 1420575182643
17472921 2 13829 1420575182643
195897346 1 25901 1420575182643
12794362 2 31940 1420575182643
15520253 4 57501 1420575182643
278093318 2 74268 1420575182643
16220541 2 29882 1420575182643
76162725 4 13809 1420575182643
89787221 10 57733 1420575182643
25870048 2 10278 1420575182643
16045956 2 56426 1420575182643
46358463 2 44908 1420575182643
202777395 2 18077 1420575182643
92733433 4 68843 1420575182643
55252152 2 11256 1420575182643
18964685 4 48033 1420575202643
189107456 2 46851 1420575202643
24705687 1 76920 1420575202643
23973187 2 48789 1420575202643
174083824 2 33746 1420575202643
7867072 6 69702 1420575202643
824157 4 61287 1420575202643
14811775 1 72970 1420575202643
87290802 2 33835 1420575202643
15601977 3 10526 1420575202643
16621805 2 25758 1420575202643
326821147 2 35746 1420575202643
12273252 11 45312 1420575202643
27103822 2 75476 1420575202643
11178672 4 64179 1420575202643
186222238 3 43821 1420575202643
17070252 1 46660 1420575202643
174890917 5 80832 1420575202643
61292961 2 22852 1420575202643
8861752 4 92165 1420575202643
1381345892 6 31892 1420575202643
18971670 2 19444 1420575202643
19934731 2 10523 1420575202643
16253142 2 16359 1420575202643
14158682 2 33564 1420575202643
27091328 7 16667 1420575202643
276554601 2 77145 1420575202643
1618007706 4 19639 1420575202643
14192680 5 88617 1420575202643
384479689 9 32296 1420575202643
19034656 1 42772 1420575202643
118292510 1 49056 1420575202643
17604456 2 95244 1420575202643
34541677 8 78376 1420575202643
1051313198 4 73416 1420575202643
12413892 10 35258 1420575202643
15856366 2 12657 1420575202643
217588851 2 33842 1420575202643
166715703 1 23365 1420575202643
21986815 3 24517 1420575202643
140080129 5 78488 1420575202643
19200736 2 17856 1420575202643
195897346 1 25901 1420575202643
17472921 2 13829 1420575202643
12794362 2 31940 1420575202643
15520253 4 57501 1420575202643
278093318 3 74268 1420575202643
16220541 2 29882 1420575202643
76162725 4 13809 1420575202643
89787221 11 57733 1420575202643
25870048 2 10278 1420575202643
46358463 2 44908 1420575202643
16045956 2 56426 1420575202643
202777395 2 18077 1420575202643
92733433 5 68843 1420575202643
55252152 2 11256 1420575202643
18964685 4 48033 1420575222643
23973187 2 48789 1420575222643
174083824 2 33746 1420575222643
7867072 5 69702 1420575222643
824157 4 61287 1420575222643
87290802 2 33835 1420575222643
15601977 3 10526 1420575222643
16621805 2 25758 1420575222643
21842357 1 77828 1420575222643
326821147 2 35746 1420575222643
12273252 12 45312 1420575222643
27103822 2 75476 1420575222643
11178672 4 64179 1420575222643
186222238 3 43821 1420575222643
17070252 1 46660 1420575222643
174890917 4 80832 1420575222643
61292961 2 22852 1420575222643
8861752 5 92165 1420575222643
1381345892 6 31892 1420575222643
18971670 2 19444 1420575222643
19934731 2 10523 1420575222643
16253142 2 16359 1420575222643
73417273 1 83166 1420575222643
14158682 2 33564 1420575222643
27091328 5 16667 1420575222643
276554601 2 77146 1420575222643
1618007706 4 19639 1420575222643
14192680 6 88617 1420575222643
384479689 9 32296 1420575222643
19034656 1 42772 1420575222643
118292510 1 49056 1420575222643
17604456 2 95244 1420575222643
34541677 6 78376 1420575222643
1051313198 4 73416 1420575222643
12413892 9 35258 1420575222643
15856366 2 12657 1420575222643
217588851 2 33842 1420575222643
166715703 1 23365 1420575222643
21986815 3 24517 1420575222643
140080129 6 78488 1420575222643
16262688 1 70876 1420575222643
19200736 2 17856 1420575222643
195897346 1 25901 1420575222643
17472921 2 13829 1420575222643
12794362 2 31940 1420575222643
15520253 4 57501 1420575222643
278093318 3 74268 1420575222643
16220541 2 29882 1420575222643
89787221 9 57733 1420575222643
76162725 4 13809 1420575222643
25870048 2 10278 1420575222643
46358463 2 44908 1420575222643
16045956 2 56426 1420575222643
202777395 2 18077 1420575222643
92733433 5 68843 1420575222643
55252152 2 11256 1420575222643
18964685 4 48033 1420575242643
23973187 2 48789 1420575242643
174083824 2 33746 1420575242643
7867072 5 69702 1420575242643
824157 4 61287 1420575242643
87290802 2 33835 1420575242643
15601977 1 10526 1420575242643
16621805 2 25758 1420575242643
21842357 1 77828 1420575242643
326821147 2 35746 1420575242643
12273252 10 45312 1420575242643
27103822 2 75476 1420575242643
11178672 5 64179 1420575242643
186222238 3 43821 1420575242643
17070252 2 46660 1420575242643
174890917 5 80832 1420575242643
61292961 2 22852 1420575242643
8861752 5 92165 1420575242643
1381345892 5 31892 1420575242643
18971670 2 19444 1420575242643
19934731 2 10523 1420575242643
16253142 2 16359 1420575242643
73417273 1 83166 1420575242643
14158682 2 33564 1420575242643
27091328 5 16667 1420575242643
276554601 2 77146 1420575242643
1618007706 4 19639 1420575242643
14192680 4 88619 1420575242643
384479689 10 32296 1420575242643
19034656 1 42772 1420575242643
118292510 1 49056 1420575242643
17604456 2 95244 1420575242643
34541677 6 78376 1420575242643
1051313198 4 73416 1420575242643
12413892 9 35258 1420575242643
15856366 2 12657 1420575242643
217588851 2 33842 1420575242643
166715703 1 23365 1420575242643
21986815 2 24517 1420575242643
140080129 6 78488 1420575242643
16262688 1 70876 1420575242643
19200736 2 17856 1420575242643
17472921 2 13829 1420575242643
23742474 1 63505 1420575242643
12794362 2 31940 1420575242643
15520253 4 57501 1420575242643
278093318 3 74268 1420575242643
16220541 2 29882 1420575242643
76162725 2 13809 1420575242643
89787221 7 57733 1420575242643
25870048 2 10278 1420575242643
46358463 2 44908 1420575242643
16045956 2 56426 1420575242643
202777395 2 18077 1420575242643
92733433 3 68843 1420575242643
55252152 2 11256 1420575242643
18964685 3 48033 1420575262643
23973187 2 48789 1420575262643
174083824 2 33746 1420575262643
7867072 5 69702 1420575262643
824157 2 61287 1420575262643
18970044 1 14261 1420575262643
87290802 2 33835 1420575262643
15601977 1 10526 1420575262643
16621805 2 25758 1420575262643
21842357 1 77828 1420575262643
4380591 1 85705 1420575262643
12273252 9 45312 1420575262643
27103822 2 75475 1420575262643
11178672 5 64179 1420575262643
186222238 3 43821 1420575262643
174890917 6 80832 1420575262643
17070252 2 46660 1420575262643
61292961 2 22852 1420575262643
8861752 5 92165 1420575262643
28319608 1 22287 1420575262643
1381345892 5 31892 1420575262643
18971670 2 19444 1420575262643
19934731 2 10523 1420575262643
73417273 1 83166 1420575262643
14158682 2 33564 1420575262643
27091328 5 16667 1420575262643
276554601 2 77146 1420575262643
1618007706 4 19639 1420575262643
14192680 4 88619 1420575262643
384479689 10 32296 1420575262643
19034656 1 42772 1420575262643
118292510 2 49056 1420575262643
17604456 3 95244 1420575262643
34541677 6 78376 1420575262643
1051313198 4 73416 1420575262643
12413892 10 35258 1420575262643
15856366 2 12657 1420575262643
217588851 2 33842 1420575262643
166715703 1 23365 1420575262643
21986815 3 24517 1420575262643
140080129 6 78488 1420575262643
16262688 1 70876 1420575262643
19200736 2 17856 1420575262643
17472921 2 13829 1420575262643
23742474 1 63505 1420575262643
12794362 2 31940 1420575262643
15520253 4 57501 1420575262643
278093318 3 74268 1420575262643
16220541 2 29882 1420575262643
76162725 2 13809 1420575262643
89787221 7 57733 1420575262643
25870048 2 10278 1420575262643
46358463 2 44908 1420575262643
16045956 2 56426 1420575262643
202777395 2 18077 1420575262643
92733433 3 68843 1420575262643
55252152 2 11256 1420575262643
18964685 3 48033 1420575282643
23973187 2 48789 1420575282643
7867072 5 69702 1420575282643
824157 3 61287 1420575282643
18970044 2 14261 1420575282643
87290802 2 33835 1420575282643
15601977 2 10526 1420575282643
16621805 2 25758 1420575282643
21842357 1 77828 1420575282643
4380591 1 85705 1420575282643
326821147 1 35746 1420575282643
12273252 9 45312 1420575282643
27103822 2 75475 1420575282643
11178672 6 64179 1420575282643
186222238 3 43821 1420575282643
174890917 4 80832 1420575282643
17070252 2 46660 1420575282643
61292961 2 22852 1420575282643
8861752 3 92165 1420575282643
28319608 1 22287 1420575282643
1381345892 5 31892 1420575282643
18971670 2 19444 1420575282643
19934731 1 10523 1420575282643
8312862 1 83698 1420575282643
73417273 2 83166 1420575282643
14158682 2 33564 1420575282643
27091328 3 16667 1420575282643
89316412 1 39059 1420575282643
276554601 2 77146 1420575282643
1618007706 4 19639 1420575282643
14192680 4 88619 1420575282643
384479689 8 32296 1420575282643
118292510 3 49056 1420575282643
19034656 1 42772 1420575282643
17604456 3 95244 1420575282643
34541677 6 78376 1420575282643
1051313198 2 73416 1420575282643
12413892 11 35258 1420575282643
15856366 2 12657 1420575282643
217588851 2 33842 1420575282643
166715703 1 23365 1420575282643
21986815 3 24517 1420575282643
140080129 6 78488 1420575282643
16262688 1 70876 1420575282643
19200736 2 17856 1420575282643
17472921 3 13829 1420575282643
23742474 1 63505 1420575282643
12794362 2 31940 1420575282643
15520253 4 57501 1420575282643
278093318 3 74268 1420575282643
16220541 2 29882 1420575282643
89787221 6 57733 1420575282643
76162725 2 13809 1420575282643
25870048 2 10278 1420575282643
16045956 2 56426 1420575282643
202777395 2 18077 1420575282643
120985729 1 45976 1420575282643
92733433 3 68843 1420575282643
55252152 2 11256 1420575282643
18964685 3 48033 1420575302643
23973187 2 48789 1420575302643
7867072 5 69702 1420575302643
824157 3 61287 1420575302643
20660146 1 30409 1420575302643
18970044 3 14261 1420575302643
87290802 1 33835 1420575302643
15601977 2 10526 1420575302643
16621805 2 25758 1420575302643
21842357 1 77828 1420575302643
4380591 1 85705 1420575302643
326821147 1 35746 1420575302643
12273252 8 45312 1420575302643
27103822 2 75475 1420575302643
11178672 4 64179 1420575302643
186222238 1 43821 1420575302643
17070252 2 46660 1420575302643
174890917 3 80832 1420575302643
61292961 2 22852 1420575302643
24773493 1 15893 1420575302643
8861752 4 92165 1420575302643
28319608 1 22287 1420575302643
1381345892 6 31892 1420575302643
18971670 2 19444 1420575302643
19934731 1 10523 1420575302643
8312862 1 83698 1420575302643
73417273 3 83166 1420575302643
487535749 1 33528 1420575302643
14158682 2 33564 1420575302643
27091328 3 16667 1420575302643
89316412 2 39059 1420575302643
1618007706 5 19639 1420575302643
276554601 2 77146 1420575302643
14192680 5 88619 1420575302643
384479689 8 32296 1420575302643
118292510 3 49056 1420575302643
19034656 1 42772 1420575302643
17604456 4 95244 1420575302643
34541677 7 78376 1420575302643
1051313198 2 73416 1420575302643
12413892 11 35258 1420575302643
15856366 2 12657 1420575302643
217588851 2 33842 1420575302643
166715703 1 23365 1420575302643
10069612 1 54725 1420575302643
21986815 3 24517 1420575302643
140080129 7 78488 1420575302643
16262688 1 70876 1420575302643
19200736 2 17856 1420575302643
17472921 3 13829 1420575302643
23742474 1 63505 1420575302643
15520253 2 57501 1420575302643
278093318 4 74268 1420575302643
76162725 1 13809 1420575302643
89787221 6 57733 1420575302643
25870048 2 10278 1420575302643
16045956 2 56426 1420575302643
19964088 1 40870 1420575302643
202777395 2 18077 1420575302643
120985729 1 45976 1420575302643
92733433 3 68843 1420575302643
55252152 2 11256 1420575302643
18964685 3 48033 1420575322643
23973187 2 48789 1420575322643
7867072 6 69702 1420575322643
824157 3 61287 1420575322643
20660146 1 30409 1420575322643
18970044 3 14261 1420575322643
87290802 1 33835 1420575322643
15601977 1 10526 1420575322643
26337145 1 21848 1420575322643
21842357 1 77828 1420575322643
4380591 1 85705 1420575322643
12273252 8 45312 1420575322643
326821147 1 35746 1420575322643
27103822 2 75475 1420575322643
11178672 4 64179 1420575322643
17070252 3 46660 1420575322643
174890917 3 80832 1420575322643
17810599 1 12444 1420575322643
24773493 1 15893 1420575322643
8861752 4 92166 1420575322643
28319608 1 22287 1420575322643
18971670 2 19444 1420575322643
1381345892 6 31892 1420575322643
19934731 1 10523 1420575322643
73417273 4 83166 1420575322643
8312862 1 83698 1420575322643
487535749 2 33528 1420575322643
14158682 2 33564 1420575322643
27091328 1 16667 1420575322643
89316412 2 39059 1420575322643
20745130 1 90110 1420575322643
1618007706 5 19639 1420575322643
14192680 5 88619 1420575322643
384479689 6 32296 1420575322643
118292510 3 49056 1420575322643
19034656 1 42772 1420575322643
17604456 4 95244 1420575322643
34541677 5 78376 1420575322643
12413892 11 35258 1420575322643
217588851 2 33842 1420575322643
166715703 1 23365 1420575322643
10069612 1 54725 1420575322643
21986815 3 24517 1420575322643
140080129 7 78488 1420575322643
16262688 1 70876 1420575322643
19200736 2 17856 1420575322643
17472921