149157068 1 100002 1420574522643
573956600 1 100001 1420574582643
573956600 1 100001 1420574642643
49437246 1 100001 1420574822643
49437246 1 100001 1420575002643
12794362 1 100001 1420575122643
118292510 1 100001 1420575242643
118292510 1 100001 1420575302643
118292510 1 100001 1420575362643
15787325 1 100001 1420575782643
118292510 2 100002 1420576022643
118292510 2 100002 1420576082643
118292510 1 100002 1420576142643
118292510 1 100002 1420576382643
118292510 1 100002 1420576442643
118292510 1 100002 1420576502643
118292510 1 100002 1420576562643
49437246 1 100002 1420576862643
49437246 2 100002 1420576922643
49437246 2 100002 1420576982643
49437246 1 100002 1420577042643
149157068 1 100001 1420577342643
49437246 1 100002 1420577462643
49437246 1 100002 1420577522643
12273252 1 100001 1420578062643
12273252 1 100002 1420578182643
12273252 1 100002 1420578242643
149157068 1 100001 1420578242643
14845376 2 100001 1420578302643
149157068 1 100001 1420578302643
14845376 2 100001 1420578362643
14845376 2 100001 1420578422643
12273252 1 100002 1420578422643
14845376 2 100001 1420578482643
12273252 1 100002 1420578482643
14845376 2 100001 1420578542643
12273252 1 100002 1420578542643
14845376 2 100001 1420578602643
12273252 1 100002 1420578602643
14845376 2 100002 1420578662643
12794362 1 100001 1420578662643
14845376 2 100002 1420578722643
12273252 1 100002 1420578722643
12794362 1 100001 1420578722643
14845376 2 100002 1420578782643
14845376 2 100002 1420578842643
14845376 2 100003 1420578902643
12273252 1 100003 1420578902643
14845376 2 100003 1420578962643
12273252 2 100003 1420578962643
14845376 1 100003 1420579022643
12273252 1 100004 1420579022643
14845376 2 100003 1420579082643
14845376 1 100003 1420579142643
46358463 1 100001 1420579202643
14845376 2 100003 1420579262643
12273252 1 100005 1420579262643
14845376 2 100003 1420579322643
12273252 1 100005 1420579322643
149157068 1 100001 1420579322643
49437246 1 100001 1420579382643
14845376 2 100003 1420579382643
149157068 1 100001 1420579382643
14845376 2 100003 1420579442643
12273252 1 100005 1420579442643
14845376 1 100003 1420579502643
12273252 2 100005 1420579502643
12794362 1 100001 1420579502643
14845376 2 100003 1420579562643
12273252 2 100005 1420579562643
12794362 1 100001 1420579562643
14845376 1 100003 1420579622643
12273252 2 100005 1420579622643
14845376 1 100003 1420579682643
12273252 1 100005 1420579682643
14845376 2 100003 1420579742643
14845376 2 100003 1420579802643
118292510 1 100001 1420579802643
14845376 2 100003 1420579862643
12273252 1 100005 1420579862643
14845376 2 100003 1420579922643
14845376 2 100003 1420579982643
12794362 1 100001 1420579982643
14845376 1 100003 1420580042643
12273252 2 100005 1420580042643
14845376 1 100003 1420580102643
118292510 1 100001 1420580102643
12273252 1 100005 1420580102643
14845376 2 100003 1420580162643
14845376 2 100003 1420580222643
14845376 1 100003 1420580282643
14845376 1 100003 1420580402643
14845376 2 100003 1420580462643
14845376 2 100003 1420580522643
12273252 1 100006 1420580522643
14845376 2 100003 1420580582643
12273252 1 100006 1420580582643
14845376 2 100003 1420580642643
12273252 1 100006 1420580642643
14845376 2 100003 1420580702643
12273252 1 100006 1420580702643
14845376 2 100003 1420580762643
14845376 2 100003 1420580822643
12273252 1 100006 1420580822643
14845376 2 100003 1420580882643
12273252 2 100006 1420580882643
46358463 1 100001 1420580882643
14845376 2 100003 1420580942643
12273252 1 100006 1420580942643
46358463 1 100001 1420580942643
14845376 2 100003 1420581002643
12273252 2 100006 1420581002643
14845376 2 100003 1420581062643
12273252 1 100006 1420581062643
120985729 1 100001 1420581062643
14845376 2 100003 1420581122643
12273252 1 100006 1420581122643
120985729 1 100001 1420581122643
14845376 2 100003 1420581182643
12273252 1 100007 1420581182643
120985729 1 100001 1420581182643
14845376 2 100003 1420581242643
14845376 2 100003 1420581302643
14845376 2 100003 1420581362643
12273252 2 100007 1420581362643
49437246 1 100001 1420581422643
14845376 2 100003 1420581422643
12273252 1 100007 1420581422643
49437246 1 100001 1420581482643
14845376 2 100003 1420581482643
23624581 1 100001 1420581482643
14845376 2 100003 1420581542643
23624581 1 100001 1420581542643
14845376 2 100003 1420581602643
16277373 1 100001 1420581602643
120985729 1 100001 1420581602643
14845376 2 100003 1420581662643
16277373 1 100001 1420581662643
120985729 1 100001 1420581662643
14845376 2 100004 1420581722643
14845376 1 100004 1420581782643
14845376 1 100002 1420581842643
14845376 1 100002 1420581902643
14845376 2 100002 1420581962643
14845376 1 100002 1420582022643
14845376 1 100002 1420582082643
6416622 1 100007 1420582142643
6416622 1 100007 1420582202643
14845376 1 100002 1420582202643
120985729 1 100001 1420582202643
14845376 1 100002 1420582262643
15484266 1 100001 1420582382643
14845376 1 100002 1420582382643
12273252 1 100007 1420582382643
15484266 2 100001 1420582442643
14845376 1 100002 1420582442643
12273252 1 100007 1420582442643
15484266 1 100001 1420582502643
14845376 1 100001 1420582502643
15484266 2 100001 1420582562643
15484266 1 100001 1420582622643
14845376 1 100001 1420582622643
12273252 1 100008 1420582622643
15484266 1 100001 1420582682643
14845376 2 100001 1420582682643
49437246 1 100002 1420582742643
15484266 1 100001 1420582742643
14845376 1 100001 1420582742643
12273252 1 100008 1420582742643
49437246 1 100002 1420582802643
14845376 2 100001 1420582802643
12273252 1 100008 1420582802643
14845376 2 100001 1420582862643
15484266 1 100001 1420582922643
14845376 2 100001 1420582922643
15484266 1 100001 1420582982643
14845376 1 100001 1420582982643
50672288 1 100001 1420582982643
49437246 1 100002 1420583042643
14845376 1 100001 1420583042643
12273252 2 100008 1420583042643
49437246 1 100002 1420583102643
14845376 1 100001 1420583102643
12273252 2 100008 1420583102643
49437246 1 100002 1420583162643
12273252 1 100008 1420583162643
49437246 1 100001 1420583222643
15484266 1 100001 1420583282643
49437246 1 100001 1420583282643
14845376 1 100002 1420583282643
15484266 1 100001 1420583342643
14845376 1 100002 1420583342643
12273252 1 100008 1420583342643
15484266 1 100001 1420583402643
49437246 2 100001 1420583402643
14845376 2 100003 1420583402643
12273252 1 100008 1420583402643
15484266 2 100001 1420583462643
49437246 1 100002 1420583462643
14845376 2 100003 1420583462643
12273252 1 100008 1420583462643
18971670 1 100001 1420583462643
