20096207 1 100003 1420574522643
1381345892 1 100008 1420574522643
20096207 1 100003 1420574582643
1381345892 1 100008 1420574582643
532171645 1 100002 1420574582643
90714989 1 100001 1420574642643
1381345892 1 100008 1420574642643
23779501 1 100002 1420574702643
1381345892 1 100008 1420574702643
128044351 1 100003 1420574762643
23779501 1 100002 1420574762643
49437246 1 100001 1420574822643
1381345892 1 100008 1420574822643
23973187 1 100002 1420574882643
818340 1 100002 1420574882643
23973187 1 100002 1420574942643
818340 1 100002 1420574942643
1381345892 2 100008 1420575062643
23973187 1 100002 1420575122643
1381345892 2 100008 1420575122643
23973187 1 100002 1420575182643
1381345892 1 100008 1420575182643
16045956 1 100001 1420575182643
16045956 1 100001 1420575242643
1381345892 1 100008 1420575302643
20660146 1 100001 1420575362643
118292510 1 100002 1420575362643
1381345892 2 100008 1420575362643
23973187 1 100002 1420575422643
20660146 1 100001 1420575422643
1381345892 1 100008 1420575422643
23973187 1 100002 1420575482643
15445129 1 100001 1420575602643
15445129 2 100001 1420575662643
15445129 1 100001 1420575722643
1381345892 1 100008 1420575782643
1381345892 1 100008 1420575842643
19274498 1 100002 1420575902643
118292510 2 100003 1420576022643
567341777 1 100002 1420576082643
118292510 2 100003 1420576082643
118292510 1 100003 1420576142643
1381345892 2 100008 1420576142643
15836048 1 100001 1420576202643
1381345892 1 100008 1420576202643
15836048 1 100001 1420576262643
20096207 1 100003 1420576262643
20096207 1 100003 1420576322643
1381345892 1 100008 1420576322643
1381345892 1 100008 1420576382643
118292510 1 100003 1420576382643
19781206 1 100003 1420576382643
118292510 1 100003 1420576442643
19781206 1 100003 1420576442643
118292510 1 100003 1420576502643
118292510 1 100003 1420576562643
20096207 1 100002 1420576562643
818340 1 100001 1420576622643
20096207 1 100002 1420576622643
16045956 1 100001 1420576682643
818340 2 100001 1420576742643
16045956 1 100001 1420576742643
818340 1 100001 1420576802643
20096207 1 100002 1420576802643
1381345892 1 100008 1420576802643
49437246 1 100001 1420576862643
20096207 1 100002 1420576862643
811303 1 100005 1420576862643
49437246 2 100001 1420576922643
1381345892 1 100008 1420576922643
23973187 1 100002 1420576982643
49437246 2 100001 1420576982643
1381345892 1 100008 1420576982643
23973187 1 100002 1420577042643
49437246 1 100001 1420577042643
1381345892 1 100008 1420577102643
1381345892 1 100008 1420577162643
1454742764 1 100003 1420577222643
1381345892 1 100008 1420577222643
1381345892 2 100008 1420577282643
19781206 1 100003 1420577342643
1381345892 2 100008 1420577342643
23973187 1 100002 1420577402643
19781206 1 100003 1420577402643
1381345892 1 100008 1420577402643
23973187 1 100002 1420577462643
49437246 1 100001 1420577462643
14845376 2 100001 1420577462643
23973187 1 100002 1420577522643
51220493 1 100001 1420577522643
49437246 1 100001 1420577522643
14845376 2 100001 1420577522643
23973187 1 100002 1420577582643
14845376 2 100001 1420577582643
19781206 1 100003 1420577582643
51220493 2 100001 1420577582643
1381345892 1 100008 1420577582643
811303 1 100003 1420577582643
14845376 2 100002 1420577642643
51220493 1 100001 1420577642643
1381345892 1 100008 1420577642643
1381345892 2 100008 1420577702643
14845376 2 100002 1420577702643
19287097 1 100001 1420577702643
23973187 1 100002 1420577762643
14845376 2 100003 1420577762643
19287097 1 100001 1420577762643
1381345892 2 100008 1420577762643
23973187 1 100002 1420577822643
14845376 2 100003 1420577822643
19200736 1 100001 1420577822643
51220493 1 100001 1420577822643
1381345892 2 100008 1420577822643
16045956 1 100001 1420577822643
14845376 2 100003 1420577882643
19200736 1 100001 1420577882643
51220493 1 100001 1420577882643
1381345892 2 100008 1420577882643
16045956 1 100001 1420577882643
811303 1 100003 1420577882643
14845376 2 100003 1420577942643
35818653 1 100001 1420577942643
20096207 1 100002 1420577942643
1381345892 1 100008 1420577942643
16045956 1 100001 1420577942643
14845376 2 100003 1420578002643
19781206 1 100003 1420578002643
35818653 1 100001 1420578002643
20096207 1 100002 1420578002643
1381345892 1 100008 1420578002643
16045956 2 100001 1420578002643
811303 1 100003 1420578002643
14845376 2 100003 1420578062643
19781206 1 100003 1420578062643
1381345892 2 100008 1420578062643
16045956 2 100001 1420578062643
811303 1 100003 1420578062643
23973187 1 100002 1420578122643
14845376 2 100003 1420578122643
35818653 1 100001 1420578122643
1381345892 2 100008 1420578122643
16045956 2 100001 1420578122643
23973187 1 100002 1420578182643
14845376 2 100004 1420578182643
19287097 1 100001 1420578182643
35818653 1 100001 1420578182643
1381345892 2 100008 1420578182643
16045956 2 100001 1420578182643
567341777 1 100002 1420578242643
14845376 2 100005 1420578242643
19287097 1 100001 1420578242643
1381345892 1 100008 1420578242643
16045956 2 100001 1420578242643
567341777 1 100002 1420578302643
14845376 2 100006 1420578302643
1381345892 1 100008 1420578302643
16045956 2 100001 1420578302643
14845376 2 100006 1420578362643
1381345892 2 100008 1420578362643
16045956 1 100001 1420578362643
14845376 2 100006 1420578422643
51220493 1 100001 1420578422643
1381345892 2 100008 1420578422643
16045956 2 100001 1420578422643
567341777 1 100002 1420578482643
14845376 2 100006 1420578482643
51220493 1 100001 1420578482643
1381345892 2 100008 1420578482643
19274498 1 100002 1420578482643
16045956 1 100001 1420578482643
567341777 2 100002 1420578542643
14845376 2 100006 1420578542643
19200736 1 100001 1420578542643
1381345892 1 100008 1420578542643
19274498 1 100002 1420578542643
16045956 1 100001 1420578542643
567341777 1 100002 1420578602643
14845376 2 100006 1420578602643
19200736 1 100001 1420578602643
16045956 1 100001 1420578602643
263131563 1 100002 1420578662643
14845376 2 100007 1420578662643
1381345892 1 100008 1420578662643
16045956 2 100001 1420578662643
567341777 1 100002 1420578722643
14845376 2 100007 1420578722643
19200736 1 100001 1420578722643
1381345892 1 100008 1420578722643
16045956 1 100001 1420578722643
567341777 2 100002 1420578782643
19200736 1 100001 1420578782643
1381345892 1 100008 1420578782643
14845376 2 100007 1420578782643
567341777 1 100002 1420578842643
14845376 2 100007 1420578842643
19781206 1 100001 1420578842643
567341777 1 100002 1420578902643
14845376 2 100008 1420578902643
19781206 1 100001 1420578902643
19200736 1 100001 1420578902643
19274498 1 100002 1420578902643
567341777 1 100002 1420578962643
19200736 1 100001 1420578962643
14845376 2 100008 1420578962643
16045956 1 100001 1420578962643
14845376 1 100008 1420579022643
818340 1 100001 1420579022643
51220493 1 100001 1420579022643
14845376 2 100008 1420579082643
818340 1 100001 1420579082643
51220493 1 100001 1420579082643
19274498 1 100002 1420579082643
567341777 1 100002 1420579142643
14845376 1 100008 1420579142643
19274498 1 100002 1420579142643
16045956 1 100001 1420579142643
491638416 1 100001 1420579202643
16045956 1 100001 1420579202643
14845376 2 100008 1420579262643
491638416 1 100001 1420579262643
1381345892 1 100008 1420579262643
16045956 1 100001 1420579262643
14845376 2 100008 1420579322643
1381345892 2 100008 1420579322643
811303 1 100002 1420579322643
567341777 1 100002 1420579382643
49437246 1 100001 1420579382643
14845376 2 100008 1420579382643
1381345892 1 100008 1420579382643
23973187 1 100002 1420579442643
14845376 2 100008 1420579442643
1381345892 1 100008 1420579442643
23973187 1 100002 1420579502643
14845376 1 100008 1420579502643
1381345892 1 100008 1420579502643
14845376 2 100008 1420579562643
567341777 1 100002 1420579622643
14845376 1 100008 1420579622643
14845376 1 100008 1420579682643
1381345892 1 100008 1420579682643
16045956 1 100001 1420579682643
14845376 2 100008 1420579742643
1381345892 1 100008 1420579742643
19274498 1 100002 1420579742643
16045956 1 100001 1420579742643
14845376 2 100008 1420579802643
118292510 1 100003 1420579802643
1381345892 2 100008 1420579802643
19274498 1 100002 1420579802643
14845376 2 100008 1420579862643
15836048 1 100001 1420579862643
1454742764 1 100003 1420579862643
1381345892 2 100008 1420579862643
16045956 1 100001 1420579862643
14845376 2 100008 1420579922643
1381345892 2 100008 1420579922643
16045956 2 100001 1420579922643
14845376 2 100008 1420579982643
1381345892 2 100008 1420579982643
16045956 2 100001 1420579982643
14845376 1 100008 1420580042643
1381345892 1 100008 1420580042643
16045956 1 100001 1420580042643
14845376 1 100008 1420580102643
118292510 1 100003 1420580102643
1381345892 1 100008 1420580102643
16045956 1 100001 1420580102643
74578857 1 100001 1420580162643
14845376 2 100008 1420580162643
19781206 1 100001 1420580162643
20096207 1 100002 1420580162643
16045956 1 100001 1420580162643
74578857 1 100001 1420580222643
14845376 2 100008 1420580222643
14845376 1 100008 1420580282643
19781206 1 100001 1420580282643
1381345892 1 100008 1420580282643
19781206 1 100001 1420580342643
1381345892 1 100008 1420580342643
567341777 1 100001 1420580402643
23973187 1 100002 1420580402643
14845376 1 100008 1420580402643
1381345892 1 100008 1420580402643
567341777 1 100001 1420580462643
23973187 1 100002 1420580462643
14845376 2 100008 1420580462643
1381345892 2 100008 1420580462643
23973187 1 100002 1420580522643
14845376 2 100008 1420580522643
1381345892 2 100008 1420580522643
14845376 2 100008 1420580582643
1381345892 2 100008 1420580582643
16045956 1 100001 1420580582643
14845376 2 100008 1420580642643
1381345892 2 100008 1420580642643
14845376 2 100008 1420580702643
1381345892 1 100008 1420580702643
811303 1 100002 1420580702643
4282171 1 100001 1420580702643
14845376 2 100008 1420580762643
1381345892 1 100008 1420580762643
811303 1 100002 1420580762643
4282171 2 100001 1420580762643
74578857 1 100001 1420580822643
14845376 2 100008 1420580822643
4282171 1 100001 1420580822643
14845376 2 100008 1420580882643
19200736 1 100002 1420580882643
23973187 1 100002 1420580942643
14845376 2 100008 1420580942643
19200736 1 100002 1420580942643
23973187 1 100002 1420581002643
206276555 1 100002 1420581002643
14845376 2 100008 1420581002643
206276555 1 100002 1420581062643
14845376 2 100008 1420581062643
14845376 2 100008 1420581122643
14845376 2 100008 1420581182643
19200736 1 100002 1420581182643
19200736 1 100002 1420581242643
14845376 2 100008 1420581242643
23973187 1 100002 1420581302643
14845376 2 100008 1420581302643
14845376 2 100008 1420581362643
19274498 1 100002 1420581362643
49437246 1 100001 1420581422643
14845376 2 100008 1420581422643
1381345892 1 100008 1420581422643
19274498 1 100002 1420581422643
1381345892 1 100008 1420581482643
14845376 2 100008 1420581482643
1454742764 1 100003 1420581482643
818340 1 100001 1420581482643
4282171 1 100001 1420581482643
14845376 2 100008 1420581542643
1454742764 2 100003 1420581542643
818340 1 100002 1420581542643
532171645 1 100002 1420581542643
19274498 1 100002 1420581542643
4282171 1 100001 1420581542643
14845376 2 100008 1420581602643
1454742764 1 100003 1420581602643
1381345892 1 100008 1420581602643
532171645 1 100002 1420581602643
19274498 1 100002 1420581602643
263131563 1 100002 1420581662643
14845376 2 100008 1420581662643
1454742764 1 100003 1420581662643
1381345892 2 100008 1420581662643
263131563 1 100002 1420581722643
14845376 2 100008 1420581722643
1454742764 1 100003 1420581722643
1381345892 2 100008 1420581722643
14845376 1 100008 1420581782643
1381345892 2 100008 1420581782643
14845376 1 100007 1420581842643
35818653 1 100001 1420581842643
1381345892 2 100008 1420581842643
14845376 1 100007 1420581902643
50901091 1 100001 1420581902643
1454742764 1 100006 1420581902643
226493139 1 100001 1420581902643
35818653 1 100001 1420581902643
1381345892 2 100008 1420581902643
1381345892 2 100008 1420581962643
14845376 2 100007 1420581962643
226493139 1 100001 1420581962643
14845376 1 100007 1420582022643
226493139 1 100001 1420582022643
1381345892 2 100008 1420582022643
14845376 1 100007 1420582082643
17437735 1 100001 1420582082643
226493139 1 100001 1420582082643
1381345892 2 100008 1420582082643
1454742764 1 100007 1420582142643
17437735 1 100001 1420582142643
1381345892 2 100008 1420582142643
532171645 1 100002 1420582142643
14845376 1 100007 1420582202643
1454742764 1 100007 1420582202643
1381345892 1 100008 1420582202643
532171645 1 100002 1420582202643
14845376 1 100007 1420582262643
1381345892 2 100008 1420582322643
14845376 1 100007 1420582382643
118292510 1 100001 1420582382643
1381345892 1 100008 1420582382643
14192680 1 100004 1420582442643
14845376 1 100007 1420582442643
118292510 1 100001 1420582442643
1381345892 2 100008 1420582442643
14192680 1 100004 1420582502643
14845376 1 100006 1420582502643
1381345892 1 100008 1420582502643
14192680 1 100004 1420582562643
1381345892 2 100008 1420582562643
14192680 1 100004 1420582622643
14845376 1 100006 1420582622643
226493139 1 100001 1420582622643
1381345892 1 100008 1420582622643
19274498 1 100002 1420582622643
14192680 1 100005 1420582682643
14845376 2 100006 1420582682643
118292510 1 100001 1420582682643
226493139 1 100001 1420582682643
49437246 1 100001 1420582742643
14845376 1 100006 1420582742643
118292510 1 100001 1420582742643
1454742764 1 100007 1420582742643
1381345892 2 100008 1420582742643
14192680 1 100005 1420582802643
49437246 1 100001 1420582802643
14845376 2 100006 1420582802643
1454742764 1 100007 1420582802643
1381345892 2 100008 1420582802643
23973187 1 100002 1420582862643
14192680 1 100005 1420582862643
14845376 2 100006 1420582862643
1381345892 2 100008 1420582862643
19274498 1 100002 1420582862643
23973187 1 100002 1420582922643
14192680 1 100005 1420582922643
14845376 2 100006 1420582922643
20096207 1 100002 1420582922643
1381345892 1 100008 1420582922643
14192680 2 100005 1420582982643
14845376 1 100006 1420582982643
20096207 1 100002 1420582982643
49437246 1 100001 1420583042643
14192680 2 100005 1420583042643
14845376 1 100006 1420583042643
1381345892 2 100008 1420583042643
49437246 1 100001 1420583102643
14192680 2 100005 1420583102643
14845376 1 100006 1420583102643
1381345892 2 100008 1420583102643
811303 1 100002 1420583102643
49437246 1 100001 1420583162643
14192680 1 100006 1420583162643
1381345892 2 100008 1420583162643
811303 2 100002 1420583162643
1381345892 2 100008 1420583222643
811303 2 100002 1420583222643
14845376 1 100007 1420583282643
1381345892 1 100008 1420583282643
811303 2 100002 1420583282643
14192680 1 100006 1420583342643
14845376 1 100007 1420583342643
1381345892 1 100008 1420583342643
811303 1 100002 1420583342643
14192680 2 100006 1420583402643
14845376 2 100008 1420583402643
1381345892 2 100008 1420583402643
811303 2 100002 1420583402643
14192680 2 100006 1420583462643
49437246 1 100001 1420583462643
14845376 2 100008 1420583462643
1381345892 2 100008 1420583462643
811303 2 100002 1420583462643
