35947725 1 100003 1420575842643
35947725 1 100003 1420575902643
21842357 1 100002 1420577642643
21842357 1 100002 1420577702643
21842357 1 100002 1420577822643
309220197 1 100004 1420577882643
21842357 1 100002 1420577882643
21842357 1 100002 1420577942643
21842357 1 100002 1420578002643
1581203119 1 100003 1420578062643
1581203119 1 100003 1420578122643
21842357 1 100002 1420578122643
21842357 2 100002 1420578182643
21842357 1 100002 1420578242643
21842357 1 100002 1420578302643
21842357 1 100002 1420578362643
309220197 1 100004 1420578422643
21842357 1 100002 1420578422643
309220197 1 100004 1420578482643
21842357 1 100002 1420578482643
19274498 1 100001 1420578542643
21842357 1 100002 1420578602643
21842357 1 100002 1420578662643
309220197 1 100004 1420578722643
309220197 1 100004 1420578782643
19274498 1 100001 1420578902643
21842357 1 100002 1420579022643
21842357 1 100002 1420579082643
19274498 1 100001 1420579082643
309220197 1 100004 1420579142643
50023090 1 100001 1420579142643
19274498 1 100001 1420579142643
21842357 1 100002 1420579202643
50023090 2 100001 1420579202643
50023090 1 100001 1420579262643
21842357 1 100002 1420579322643
309220197 1 100004 1420579382643
21842357 1 100002 1420579382643
309220197 1 100004 1420579442643
309220197 2 100004 1420579502643
21842357 1 100002 1420579502643
309220197 2 100004 1420579562643
21842357 1 100002 1420579562643
309220197 1 100004 1420579622643
309220197 1 100004 1420579682643
1581203119 1 100003 1420579742643
309220197 1 100004 1420579742643
21842357 1 100002 1420579742643
19274498 1 100001 1420579742643
1581203119 1 100003 1420579802643
19274498 1 100001 1420579802643
1581203119 1 100003 1420579862643
21842357 1 100002 1420579862643
1581203119 2 100003 1420579922643
309220197 1 100004 1420579982643
1581203119 1 100003 1420579982643
309220197 2 100004 1420580042643
309220197 1 100004 1420580102643
21842357 1 100002 1420580102643
21842357 1 100002 1420580162643
21842357 1 100002 1420580282643
21842357 1 100002 1420580342643
1581203119 1 100003 1420580402643
61733092 1 100001 1420580402643
1581203119 1 100005 1420580462643
61733092 1 100001 1420580462643
21842357 1 100002 1420580522643
21842357 2 100002 1420580582643
21842357 1 100002 1420580642643
309220197 1 100015 1420580702643
309220197 1 100015 1420580762643
21842357 1 100003 1420580762643
21842357 2 100003 1420580822643
21842357 2 100003 1420580882643
21842357 1 100003 1420580942643
92791146 1 100001 1420580942643
35947725 1 100010 1420581002643
92791146 1 100001 1420581002643
35947725 1 100010 1420581062643
309220197 1 100015 1420581062643
92791146 1 100001 1420581062643
21842357 1 100003 1420581122643
92791146 1 100001 1420581122643
21842357 1 100003 1420581182643
92791146 1 100001 1420581182643
50023090 1 100001 1420581182643
92791146 2 100001 1420581242643
21842357 1 100003 1420581242643
21842357 1 100003 1420581302643
92791146 1 100001 1420581302643
309220197 1 100015 1420581362643
309220197 1 100015 1420581422643
21842357 1 100003 1420581422643
92791146 1 100001 1420581482643
21842357 2 100003 1420581482643
21842357 2 100003 1420581542643
92791146 1 100001 1420581542643
1581203119 1 100005 1420581602643
21842357 2 100003 1420581602643
1581203119 1 100005 1420581662643
21842357 1 100003 1420581662643
140140890 1 100001 1420581782643
1581203119 1 100005 1420581842643
20536103 1 100005 1420581842643
309220197 1 100015 1420581902643
1581203119 1 100005 1420581902643
226493139 1 100001 1420581902643
20536103 1 100005 1420581902643
309220197 1 100015 1420581962643
226493139 1 100001 1420581962643
316053072 1 100003 1420582022643
226493139 1 100001 1420582022643
61733092 1 100001 1420582022643
316053072 1 100003 1420582082643
309220197 1 100015 1420582082643
226493139 1 100001 1420582082643
20536103 1 100005 1420582082643
309220197 1 100015 1420582142643
20536103 1 100005 1420582142643
309220197 1 100015 1420582322643
140140890 1 100001 1420582322643
309220197 1 100015 1420582382643
140140890 1 100001 1420582382643
21842357 1 100003 1420582442643
21842357 1 100003 1420582502643
1581203119 1 100005 1420582622643
226493139 1 100001 1420582622643
1581203119 1 100005 1420582682643
226493139 1 100001 1420582682643
21842357 1 100003 1420582742643
21842357 1 100003 1420582802643
21842357 1 100003 1420582862643
21842357 1 100003 1420582922643
21842357 1 100003 1420582982643
21842357 1 100003 1420583042643
61733092 1 100001 1420583042643
61733092 1 100001 1420583102643
61733092 1 100001 1420583162643
309220197 1 100015 1420583222643
309220197 1 100015 1420583282643
21842357 1 100003 1420583402643
35947725 1 100010 1420583462643
21842357 2 100003 1420583462643
92791146 1 100001 1420583462643
50023090 1 100005 1420583462643
