140080129 2 78482 1420574522643
16262688 1 70876 1420574522643
8312862 1 83694 1420574522643
73417273 1 83166 1420574522643
278093318 3 74267 1420574522643
8861752 1 92164 1420574522643
89787221 2 57733 1420574522643
12413892 1 35257 1420574522643
824157 1 61286 1420574522643
17698956 1 51849 1420574522643
140080129 2 78482 1420574542643
73417273 1 83166 1420574542643
16262688 1 70876 1420574542643
8312862 1 83694 1420574542643
278093318 3 74267 1420574542643
8861752 1 92164 1420574542643
89787221 2 57733 1420574542643
12413892 1 35258 1420574542643
17698956 1 51849 1420574542643
824157 1 61286 1420574542643
140080129 2 78482 1420574562643
73417273 1 83166 1420574562643
16262688 1 70876 1420574562643
8312862 1 83694 1420574562643
278093318 2 74267 1420574562643
89787221 2 57733 1420574562643
8861752 1 92164 1420574562643
12413892 1 35258 1420574562643
17698956 1 51849 1420574562643
140080129 1 78482 1420574582643
73417273 1 83166 1420574582643
16262688 1 70876 1420574582643
8312862 1 83694 1420574582643
278093318 2 74267 1420574582643
89787221 3 57733 1420574582643
8861752 1 92164 1420574582643
12413892 1 35258 1420574582643
17698956 1 51849 1420574582643
73417273 2 83166 1420574602643
278093318 1 74267 1420574602643
89787221 4 57733 1420574602643
8861752 1 92164 1420574602643
12413892 1 35258 1420574602643
17698956 1 51849 1420574602643
73417273 3 83166 1420574622643
89787221 4 57733 1420574622643
12413892 2 35258 1420574622643
17698956 1 51849 1420574622643
73417273 2 83166 1420574642643
278093318 1 74268 1420574642643
89787221 5 57733 1420574642643
12413892 3 35258 1420574642643
140080129 1 78484 1420574662643
73417273 3 83166 1420574662643
278093318 1 74268 1420574662643
89787221 5 57733 1420574662643
12413892 3 35258 1420574662643
140080129 1 78484 1420574682643
73417273 3 83166 1420574682643
278093318 1 74268 1420574682643
89787221 5 57733 1420574682643
12413892 3 35258 1420574682643
17698956 1 51849 1420574682643
140080129 1 78484 1420574702643
73417273 3 83166 1420574702643
278093318 1 74268 1420574702643
8861752 1 92164 1420574702643
89787221 5 57733 1420574702643
12413892 2 35258 1420574702643
17698956 2 51849 1420574702643
92733433 1 68843 1420574702643
140080129 1 78484 1420574722643
73417273 3 83166 1420574722643
278093318 2 74268 1420574722643
8861752 1 92165 1420574722643
89787221 5 57733 1420574722643
12413892 1 35258 1420574722643
17698956 2 51849 1420574722643
92733433 1 68843 1420574722643
140080129 2 78484 1420574742643
73417273 4 83166 1420574742643
278093318 2 74268 1420574742643
8861752 1 92165 1420574742643
89787221 5 57733 1420574742643
12413892 1 35258 1420574742643
17698956 3 51849 1420574742643
92733433 1 68843 1420574742643
140080129 1 78484 1420574762643
73417273 4 83166 1420574762643
278093318 2 74268 1420574762643
8861752 1 92165 1420574762643
89787221 5 57733 1420574762643
12413892 1 35258 1420574762643
17698956 3 51849 1420574762643
92733433 2 68843 1420574762643
140080129 1 78484 1420574782643
73417273 4 83166 1420574782643
309220197 1 92199 1420574782643
278093318 2 74268 1420574782643
8861752 1 92165 1420574782643
89787221 4 57733 1420574782643
12413892 2 35258 1420574782643
17698956 2 51849 1420574782643
92733433 3 68843 1420574782643
140080129 1 78484 1420574802643
73417273 4 83166 1420574802643
309220197 1 92199 1420574802643
278093318 2 74268 1420574802643
89787221 3 57733 1420574802643
12413892 2 35258 1420574802643
17698956 1 51849 1420574802643
92733433 3 68843 1420574802643
140080129 1 78484 1420574822643
73417273 3 83166 1420574822643
309220197 1 92199 1420574822643
278093318 1 74268 1420574822643
89787221 3 57733 1420574822643
12413892 2 35258 1420574822643
17698956 1 51849 1420574822643
92733433 3 68843 1420574822643
140080129 1 78484 1420574842643
73417273 2 83166 1420574842643
309220197 1 92199 1420574842643
89787221 2 57733 1420574842643
12413892 1 35258 1420574842643
92733433 4 68844 1420574842643
140080129 1 78484 1420574862643
73417273 1 83166 1420574862643
309220197 1 92199 1420574862643
89787221 1 57733 1420574862643
12413892 1 35258 1420574862643
92733433 3 68843 1420574862643
140080129 1 78484 1420574882643
73417273 1 83166 1420574882643
89787221 1 57733 1420574882643
12413892 1 35258 1420574882643
92733433 3 68843 1420574882643
140080129 1 78484 1420574902643
73417273 1 83166 1420574902643
89787221 1 57733 1420574902643
12413892 2 35258 1420574902643
92733433 2 68843 1420574902643
14845376 1 66568 1420574902643
140080129 1 78484 1420574922643
73417273 2 83166 1420574922643
12413892 2 35258 1420574922643
92733433 3 68843 1420574922643
14845376 1 66568 1420574922643
140080129 1 78484 1420574942643
73417273 2 83166 1420574942643
12413892 2 35258 1420574942643
92733433 2 68843 1420574942643
14845376 1 66568 1420574942643
140080129 1 78484 1420574962643
73417273 3 83166 1420574962643
12413892 2 35258 1420574962643
824157 1 61288 1420574962643
92733433 2 68843 1420574962643
14845376 1 66568 1420574962643
140080129 1 78484 1420574982643
73417273 4 83166 1420574982643
16621805 1 25758 1420574982643
12413892 2 35258 1420574982643
824157 1 61288 1420574982643
92733433 1 68843 1420574982643
14845376 1 66568 1420574982643
140080129 1 78484 1420575002643
73417273 3 83166 1420575002643
16621805 1 25758 1420575002643
89787221 1 57733 1420575002643
12413892 2 35258 1420575002643
824157 1 61287 1420575002643
92733433 1 68843 1420575002643
140080129 1 78484 1420575022643
73417273 2 83166 1420575022643
16621805 1 25758 1420575022643
89787221 2 57733 1420575022643
12413892 3 35258 1420575022643
824157 2 61287 1420575022643
92733433 1 68843 1420575022643
73417273 2 83166 1420575042643
16621805 1 25758 1420575042643
89787221 2 57733 1420575042643
12413892 3 35258 1420575042643
824157 2 61287 1420575042643
92733433 1 68843 1420575042643
73417273 1 83166 1420575062643
16621805 1 25758 1420575062643
8861752 1 92165 1420575062643
89787221 3 57733 1420575062643
12413892 3 35258 1420575062643
824157 1 61287 1420575062643
92733433 1 68843 1420575062643
8861752 1 92165 1420575082643
89787221 3 57733 1420575082643
12413892 2 35258 1420575082643
824157 1 61287 1420575082643
92733433 1 68843 1420575082643
16621805 1 25758 1420575102643
276554601 1 77143 1420575102643
8861752 1 92165 1420575102643
89787221 2 57733 1420575102643
12413892 1 35258 1420575102643
824157 1 61287 1420575102643
92733433 1 68844 1420575102643
16621805 1 25758 1420575122643
276554601 1 77143 1420575122643
89787221 2 57733 1420575122643
8861752 2 92165 1420575122643
12413892 1 35258 1420575122643
140080129 1 78484 1420575142643
16621805 1 25758 1420575142643
276554601 1 77143 1420575142643
89787221 2 57733 1420575142643
8861752 2 92165 1420575142643
12413892 2 35258 1420575142643
824157 1 61287 1420575142643
140080129 1 78484 1420575162643
16621805 1 25758 1420575162643
276554601 1 77145 1420575162643
8861752 1 92165 1420575162643
89787221 2 57733 1420575162643
12413892 3 35258 1420575162643
824157 1 61287 1420575162643
92733433 1 68844 1420575162643
140080129 2 78484 1420575182643
16621805 1 25758 1420575182643
276554601 1 77146 1420575182643
8861752 1 92165 1420575182643
89787221 2 57733 1420575182643
12413892 4 35258 1420575182643
824157 1 61287 1420575182643
92733433 1 68844 1420575182643
140080129 2 78484 1420575202643
278093318 1 74268 1420575202643
8861752 1 92165 1420575202643
89787221 2 57733 1420575202643
12413892 5 35258 1420575202643
824157 1 61287 1420575202643
92733433 1 68844 1420575202643
140080129 2 78489 1420575222643
278093318 1 74268 1420575222643
89787221 2 57733 1420575222643
12413892 5 35258 1420575222643
824157 1 61287 1420575222643
92733433 2 68844 1420575222643
140080129 2 78489 1420575242643
278093318 2 74268 1420575242643
89787221 2 57733 1420575242643
12413892 5 35258 1420575242643
92733433 2 68844 1420575242643
140080129 3 78489 1420575262643
16262688 1 70876 1420575262643
73417273 1 83165 1420575262643
278093318 2 74268 1420575262643
8861752 1 92165 1420575262643
89787221 1 57733 1420575262643
12413892 5 35258 1420575262643
92733433 1 68844 1420575262643
140080129 2 78489 1420575282643
16262688 1 70876 1420575282643
73417273 1 83165 1420575282643
278093318 2 74268 1420575282643
8861752 1 92165 1420575282643
89787221 1 57733 1420575282643
12413892 5 35258 1420575282643
92733433 1 68844 1420575282643
140080129 2 78489 1420575302643
16262688 1 70876 1420575302643
73417273 1 83165 1420575302643
278093318 1 74268 1420575302643
8861752 1 92165 1420575302643
89787221 1 57733 1420575302643
12413892 5 35258 1420575302643
92733433 1 68844 1420575302643
140080129 2 78489 1420575322643
8312862 1 83694 1420575322643
16262688 1 70876 1420575322643
73417273 2 83165 1420575322643
278093318 1 74268 1420575322643
8861752 1 92165 1420575322643
12413892 5 35258 1420575322643
824157 1 61287 1420575322643
140080129 2 78489 1420575342643
8312862 1 83694 1420575342643
16262688 1 70876 1420575342643
73417273 3 83165 1420575342643
278093318 1 74268 1420575342643
8861752 2 92165 1420575342643
12413892 4 35258 1420575342643
824157 1 61287 1420575342643
140080129 1 78489 1420575362643
73417273 3 83165 1420575362643
8312862 1 83694 1420575362643
278093318 1 74268 1420575362643
8861752 1 92165 1420575362643
12413892 3 35258 1420575362643
824157 1 61286 1420575362643
140080129 1 78489 1420575382643
73417273 3 83165 1420575382643
8312862 1 83694 1420575382643
278093318 1 74266 1420575382643
8861752 1 92165 1420575382643
12413892 2 35258 1420575382643
824157 1 61286 1420575382643
14845376 1 66568 1420575382643
140080129 2 78489 1420575402643
73417273 3 83165 1420575402643
8312862 1 83694 1420575402643
278093318 2 74266 1420575402643
89787221 1 57733 1420575402643
8861752 1 92165 1420575402643
12413892 1 35258 1420575402643
824157 1 61286 1420575402643
14845376 1 66568 1420575402643
140080129 2 78491 1420575422643
73417273 2 83165 1420575422643
309220197 1 92199 1420575422643
278093318 2 74266 1420575422643
89787221 2 57733 1420575422643
8861752 1 92165 1420575422643
14845376 1 66568 1420575422643
140080129 1 78491 1420575442643
73417273 1 83166 1420575442643
309220197 1 92199 1420575442643
278093318 2 74266 1420575442643
276554601 1 77146 1420575442643
89787221 2 57733 1420575442643
92733433 1 68844 1420575442643
14845376 1 66568 1420575442643
140080129 2 78491 1420575462643
309220197 1 92199 1420575462643
278093318 2 74266 1420575462643
276554601 1 77146 1420575462643
89787221 3 57733 1420575462643
92733433 1 68844 1420575462643
14845376 1 66568 1420575462643
140080129 2 78491 1420575482643
309220197 1 92199 1420575482643
278093318 3 74266 1420575482643
276554601 1 77148 1420575482643
89787221 4 57733 1420575482643
92733433 1 68844 1420575482643
140080129 1 78491 1420575502643
278093318 3 74266 1420575502643
309220197 1 92199 1420575502643
276554601 1 77148 1420575502643
89787221 3 57733 1420575502643
92733433 1 68844 1420575502643
