12273252 2 100010 1420574522643 1.0027394 1
7867072 2 100000 1420574522643 1.002639 2
140080129 2 99999 1420574522643 1.002629 3
104227735 2 99997 1420574522643 1.002609 4
89787221 2 99995 1420574522643 1.0025889 5
326821147 2 99995 1420574522643 1.0025889 6
20096207 1 100020 1420574522643 0.90283966 7
8312862 1 100008 1420574522643 0.9027192 8
226606138 1 100006 1420574522643 0.9026991 9
17698956 1 100003 1420574522643 0.9026691 10
12273252 2 100010 1420574582643 1.0027394 1
7867072 2 100000 1420574582643 1.002639 2
89787221 2 99995 1420574582643 1.0025889 3
15111389 2 99989 1420574582643 1.0025285 4
17472921 1 100074 1420574582643 0.90338147 5
27091328 1 100029 1420574582643 0.90293 6
20096207 1 100020 1420574582643 0.90283966 7
107654081 1 100019 1420574582643 0.9028296 8
5146511 1 100012 1420574582643 0.90275943 9
8312862 1 100008 1420574582643 0.9027192 10
27091328 2 100027 1420574642643 1.0029099 1
12273252 2 100010 1420574642643 1.0027394 2
7867072 2 100000 1420574642643 1.002639 3
89787221 2 99995 1420574642643 1.0025889 4
12413892 2 99989 1420574642643 1.0025285 5
17472921 1 100074 1420574642643 0.90338147 6
107654081 1 100019 1420574642643 0.9028296 7
395194959 1 100014 1420574642643 0.9027795 8
5146511 1 100012 1420574642643 0.90275943 9
1051313198 1 100002 1420574642643 0.902659 10
27091328 2 100027 1420574702643 1.0029099 1
976147104 2 100000 1420574702643 1.002639 2
7867072 2 100000 1420574702643 1.002639 3
89787221 2 99995 1420574702643 1.0025889 4
12273252 1 100010 1420574702643 0.90273935 5
17698956 1 100003 1420574702643 0.9026691 6
23779501 1 100003 1420574702643 0.9026691 7
45710831 1 100003 1420574702643 0.9026691 8
1051313198 1 100002 1420574702643 0.902659 9
11178672 1 100002 1420574702643 0.902659 10
27091328 2 100025 1420574762643 1.0028899 1
17698956 2 100003 1420574762643 1.0026691 2
11178672 2 100002 1420574762643 1.0026591 3
7867072 2 100000 1420574762643 1.002639 4
89787221 2 99995 1420574762643 1.0025889 5
17472921 1 100067 1420574762643 0.9033113 6
128044351 1 100015 1420574762643 0.9027895 7
12273252 1 100010 1420574762643 0.90273935 8
38702668 1 100003 1420574762643 0.9026691 9
23779501 1 100003 1420574762643 0.9026691 10
27091328 2 100023 1420574822643 1.0028697 1
38702668 2 100003 1420574822643 1.0026691 2
11178672 2 100002 1420574822643 1.0026591 3
7867072 2 100000 1420574822643 1.002639 4
89787221 2 99995 1420574822643 1.0025889 5
259637983 1 100038 1420574822643 0.90302026 6
61733092 1 100025 1420574822643 0.9028898 7
12273252 1 100010 1420574822643 0.90273935 8
309220197 1 100009 1420574822643 0.9027293 9
17698956 1 100003 1420574822643 0.9026691 10
27091328 2 100021 1420574882643 1.0028497 1
12273252 2 100010 1420574882643 1.0027394 2
11178672 2 100002 1420574882643 1.0026591 3
7867072 2 100000 1420574882643 1.002639 4
21842357 2 99969 1420574882643 1.0023279 5
259637983 1 100038 1420574882643 0.90302026 6
38702668 1 100003 1420574882643 0.9026691 7
976147104 1 100000 1420574882643 0.902639 8
140080129 1 99999 1420574882643 0.90262896 9
818340 1 99999 1420574882643 0.90262896 10
12273252 2 100010 1420574942643 1.0027394 1
976147104 2 100000 1420574942643 1.002639 2
7867072 2 100000 1420574942643 1.002639 3
174890917 2 99990 1420574942643 1.0025387 4
21842357 2 99974 1420574942643 1.0023782 5
17070252 2 99963 1420574942643 1.0022678 6
14845376 1 100039 1420574942643 0.90303034 7
27091328 1 100019 1420574942643 0.9028296 8
38702668 1 100003 1420574942643 0.9026691 9
11178672 1 100002 1420574942643 0.902659 10
7867072 2 100000 1420575002643 1.002639 1
174890917 2 99990 1420575002643 1.0025387 2
27091328 1 100017 1420575002643 0.90280956 3
12273252 1 100010 1420575002643 0.90273935 4
976147104 1 100000 1420575002643 0.902639 5
186222238 1 99999 1420575002643 0.90262896 6
140080129 1 99999 1420575002643 0.90262896 7
1618007706 1 99998 1420575002643 0.9026189 8
15601977 1 99996 1420575002643 0.9025988 9
89316412 1 99996 1420575002643 0.9025988 10
27091328 2 100019 1420575062643 1.0028296 1
12273252 2 100010 1420575062643 1.0027394 2
7867072 2 100000 1420575062643 1.002639 3
89787221 2 99995 1420575062643 1.0025889 4
174890917 2 99990 1420575062643 1.0025387 5
1381345892 2 99982 1420575062643 1.0024583 6
174083824 1 100068 1420575062643 0.9033213 7
1051313198 1 100002 1420575062643 0.902659 8
21986815 1 100002 1420575062643 0.902659 9
8861752 1 99998 1420575062643 0.9026189 10
27091328 2 100017 1420575122643 1.0028095 1
1051313198 2 100002 1420575122643 1.0026591 2
11178672 2 100002 1420575122643 1.0026591 3
186222238 2 99999 1420575122643 1.002629 4
8861752 2 99998 1420575122643 1.0026189 5
89787221 2 99995 1420575122643 1.0025889 6
1381345892 2 99982 1420575122643 1.0024583 7
174083824 1 100076 1420575122643 0.90340155 8
12794362 1 100013 1420575122643 0.9027694 9
16220541 1 100010 1420575122643 0.90273935 10
140080129 2 99999 1420575182643 1.002629 1
89787221 2 99995 1420575182643 1.0025889 2
12413892 2 99989 1420575182643 1.0025285 3
27091328 1 100015 1420575182643 0.9027895 4
12273252 1 100010 1420575182643 0.90273935 5
25870048 1 100007 1420575182643 0.90270925 6
202777395 1 100004 1420575182643 0.9026791 7
1051313198 1 100002 1420575182643 0.902659 8
11178672 1 100002 1420575182643 0.902659 9
27103822 1 100000 1420575182643 0.902639 10
140080129 2 99997 1420575242643 1.002609 1
89787221 2 99995 1420575242643 1.0025889 2
12413892 2 99989 1420575242643 1.0025285 3
17472921 1 100039 1420575242643 0.90303034 4
27091328 1 100013 1420575242643 0.9027694 5
12273252 1 100010 1420575242643 0.90273935 6
55252152 1 100006 1420575242643 0.9026991 7
17604456 1 100002 1420575242643 0.902659 8
1618007706 1 100001 1420575242643 0.90264904 9
7867072 1 100001 1420575242643 0.90264904 10
17604456 2 100002 1420575302643 1.0026591 1
174890917 2 99990 1420575302643 1.0025387 2
12413892 2 99989 1420575302643 1.0025285 3
17070252 2 99927 1420575302643 1.0019065 4
27091328 1 100011 1420575302643 0.90274936 5
12273252 1 100010 1420575302643 0.90273935 6
23742474 1 100007 1420575302643 0.90270925 7
11178672 1 100002 1420575302643 0.902659 8
166715703 1 99999 1420575302643 0.90262896 9
8861752 1 99998 1420575302643 0.9026189 10
12273252 2 100010 1420575362643 1.0027394 1
17604456 2 100002 1420575362643 1.0026591 2
7867072 2 100001 1420575362643 1.0026491 3
1381345892 2 99982 1420575362643 1.0024583 4
17070252 2 99927 1420575362643 1.0019065 5
17472921 1 100039 1420575362643 0.90303034 6
8312862 1 100014 1420575362643 0.9027795 7
23742474 1 100007 1420575362643 0.90270925 8
10069612 1 100003 1420575362643 0.9026691 9
11178672 1 100002 1420575362643 0.902659 10
1618007706 2 100001 1420575422643 1.0026491 1
202777395 2 100000 1420575422643 1.002639 2
140080129 2 99997 1420575422643 1.002609 3
20745130 2 99995 1420575422643 1.0025889 4
17070252 2 99936 1420575422643 1.0019969 5
14845376 1 100048 1420575422643 0.9031207 6
309220197 1 100012 1420575422643 0.90275943 7
12273252 1 100010 1420575422643 0.90273935 8
23742474 1 100007 1420575422643 0.90270925 9
16220541 1 100006 1420575422643 0.9026991 10
89787221 2 100002 1420575482643 1.0026591 1
140080129 2 99997 1420575482643 1.002609 2
174890917 2 99990 1420575482643 1.0025387 3
17070252 2 99945 1420575482643 1.0020871 4
309220197 1 100012 1420575482643 0.90275943 5
27091328 1 100011 1420575482643 0.90274936 6
23742474 1 100007 1420575482643 0.90270925 7
16220541 1 100006 1420575482643 0.9026991 8
11178672 1 100002 1420575482643 0.902659 9
1618007706 1 100001 1420575482643 0.90264904 10
89787221 2 100002 1420575542643 1.0026591 1
7867072 2 100001 1420575542643 1.0026491 2
140080129 2 99997 1420575542643 1.002609 3
174890917 2 99990 1420575542643 1.0025387 4
27091328 1 100009 1420575542643 0.9027293 5
12273252 1 100006 1420575542643 0.9026991 6
15601977 1 100004 1420575542643 0.9026791 7
19200736 1 100002 1420575542643 0.902659 8
1618007706 1 100001 1420575542643 0.90264904 9
234484328 1 99997 1420575542643 0.90260893 10
89787221 2 100002 1420575602643 1.0026591 1
140080129 2 99997 1420575602643 1.002609 2
189107456 2 99993 1420575602643 1.0025687 3
14787749 1 100007 1420575602643 0.90270925 4
27091328 1 100007 1420575602643 0.90270925 5
12273252 1 100006 1420575602643 0.9026991 6
10069612 1 100003 1420575602643 0.9026691 7
50023090 1 100001 1420575602643 0.90264904 8
40996128 1 100001 1420575602643 0.90264904 9
1618007706 1 100001 1420575602643 0.90264904 10
89787221 2 100002 1420575662643 1.0026591 1
326821147 2 99999 1420575662643 1.002629 2
140080129 2 99997 1420575662643 1.002609 3
259637983 1 100030 1420575662643 0.90294 4
309220197 1 100012 1420575662643 0.90275943 5
12273252 1 100006 1420575662643 0.9026991 6
27091328 1 100005 1420575662643 0.90268916 7
69020299 1 100004 1420575662643 0.9026791 8
17698956 1 100003 1420575662643 0.9026691 9
11178672 1 100002 1420575662643 0.902659 10
69020299 2 100004 1420575722643 1.0026791 1
21044502 2 100001 1420575722643 1.0026491 2
140080129 2 99997 1420575722643 1.002609 3
31634255 1 100047 1420575722643 0.90311056 4
14845376 1 100039 1420575722643 0.90303034 5
17472921 1 100032 1420575722643 0.90296006 6
259637983 1 100030 1420575722643 0.90294 7
309220197 1 100012 1420575722643 0.90275943 8
11178672 1 100011 1420575722643 0.90274936 9
27091328 1 100007 1420575722643 0.90270925 10
11178672 2 100011 1420575782643 1.0027494 1
89787221 2 100002 1420575782643 1.0026591 2
69020299 2 100001 1420575782643 1.0026491 3
140080129 2 99997 1420575782643 1.002609 4
31634255 1 100045 1420575782643 0.90309054 5
14745100 1 100022 1420575782643 0.90285975 6
15787325 1 100014 1420575782643 0.9027795 7
16220541 1 100006 1420575782643 0.9026991 8
12273252 1 100006 1420575782643 0.9026991 9
25368027 1 100005 1420575782643 0.90268916 10
27091328 2 100007 1420575842643 1.0027093 1
69020299 2 100001 1420575842643 1.0026491 2
15601977 2 100000 1420575842643 1.002639 3
140080129 2 99997 1420575842643 1.002609 4
14845376 1 100039 1420575842643 0.90303034 5
14745100 1 100022 1420575842643 0.90285975 6
35947725 1 100015 1420575842643 0.9027895 7
25368027 1 100012 1420575842643 0.90275943 8
11178672 1 100011 1420575842643 0.90274936 9
12273252 1 100006 1420575842643 0.9026991 10
69020299 2 100001 1420575902643 1.0026491 1
7867072 2 100001 1420575902643 1.0026491 2
140080129 2 99997 1420575902643 1.002609 3
21986815 2 99997 1420575902643 1.002609 4
19274498 1 100049 1420575902643 0.90313065 5
14845376 1 100039 1420575902643 0.90303034 6
35947725 1 100015 1420575902643 0.9027895 7
11178672 1 100011 1420575902643 0.90274936 8
17348724 1 100009 1420575902643 0.9027293 9
275665487 1 100008 1420575902643 0.9027192 10
11178672 2 100011 1420575962643 1.0027494 1
69020299 2 100001 1420575962643 1.0026491 2
140080129 2 99997 1420575962643 1.002609 3
388784593 1 100010 1420575962643 0.90273935 4
17348724 1 100009 1420575962643 0.9027293 5
275665487 1 100008 1420575962643 0.9027192 6
12273252 1 100006 1420575962643 0.9026991 7
8923182 1 100005 1420575962643 0.90268916 8
27091328 1 100003 1420575962643 0.9026691 9
89787221 1 100002 1420575962643 0.902659 10
12273252 2 100006 1420576022643 1.0026991 1
17698956 2 100001 1420576022643 1.0026491 2
69020299 2 100001 1420576022643 1.0026491 3
15601977 2 100000 1420576022643 1.002639 4
140080129 2 99995 1420576022643 1.0025889 5
14845376 1 100048 1420576022643 0.9031207 6
8312862 1 100020 1420576022643 0.90283966 7
275665487 1 100014 1420576022643 0.9027795 8
20745130 1 100013 1420576022643 0.9027694 9
11178672 1 100011 1420576022643 0.90274936 10
15601977 2 100004 1420576082643 1.0026791 1
202777395 2 100004 1420576082643 1.0026791 2
69020299 2 100001 1420576082643 1.0026491 3
140080129 2 99995 1420576082643 1.0025889 4
14845376 1 100048 1420576082643 0.9031207 5
275665487 1 100014 1420576082643 0.9027795 6
12273252 1 100006 1420576082643 0.9026991 7
40996128 1 100005 1420576082643 0.90268916 8
8923182 1 100005 1420576082643 0.90268916 9
27091328 1 100003 1420576082643 0.9026691 10
12273252 2 100006 1420576142643 1.0026991 1
17698956 2 100001 1420576142643 1.0026491 2
69020299 2 100001 1420576142643 1.0026491 3
7867072 2 100000 1420576142643 1.002639 4
12413892 2 99996 1420576142643 1.0025988 5
140080129 2 99995 1420576142643 1.0025889 6
1381345892 2 99990 1420576142643 1.0025387 7
174890917 2 99983 1420576142643 1.0024683 8
203020760 1 100007 1420576142643 0.90270925 9
15601977 1 100004 1420576142643 0.9026791 10
12273252 2 100006 1420576202643 1.0026991 1
27091328 2 100005 1420576202643 1.0026891 2
15601977 2 100004 1420576202643 1.0026791 3
17698956 2 100001 1420576202643 1.0026491 4
69020299 2 100001 1420576202643 1.0026491 5
7867072 2 100000 1420576202643 1.002639 6
20745130 1 100013 1420576202643 0.9027694 7
123576946 1 100008 1420576202643 0.9027192 8
203020760 1 100007 1420576202643 0.90270925 9
104227735 1 100004 1420576202643 0.9026791 10
14845376 2 100048 1420576262643 1.0031207 1
27091328 2 100007 1420576262643 1.0027093 2
15601977 2 100004 1420576262643 1.0026791 3
12413892 2 99996 1420576262643 1.0025988 4
15856366 2 99986 1420576262643 1.0024985 5
8312862 1 100020 1420576262643 0.90283966 6
20745130 1 100013 1420576262643 0.9027694 7
20096207 1 100011 1420576262643 0.90274936 8
12273252 1 100006 1420576262643 0.9026991 9
40996128 1 100005 1420576262643 0.90268916 10
69020299 2 100001 1420576322643 1.0026491 1
12413892 2 99996 1420576322643 1.0025988 2
14845376 1 100048 1420576322643 0.9031207 3
20096207 1 100011 1420576322643 0.90274936 4
12273252 1 100006 1420576322643 0.9026991 5
40996128 1 100005 1420576322643 0.90268916 6
27091328 1 100005 1420576322643 0.90268916 7
15601977 1 100004 1420576322643 0.9026791 8
22192440 1 100004 1420576322643 0.9026791 9
180026716 1 100003 1420576322643 0.9026691 10
17698956 2 100001 1420576382643 1.0026491 1
12413892 2 99996 1420576382643 1.0025988 2
8312862 1 100020 1420576382643 0.90283966 3
44426926 1 100018 1420576382643 0.90281963 4
2200632505 1 100007 1420576382643 0.90270925 5
38702668 1 100002 1420576382643 0.902659 6
69020299 1 100001 1420576382643 0.90264904 7
166715703 1 100001 1420576382643 0.90264904 8
7867072 1 100000 1420576382643 0.902639 9
193232854 1 99996 1420576382643 0.9025988 10
44426926 2 100016 1420576442643 1.0027995 1
12413892 2 99996 1420576442643 1.0025988 2
487535749 2 99991 1420576442643 1.0025487 3
14845376 1 100039 1420576442643 0.90303034 4
2200632505 1 100011 1420576442643 0.90274936 5
15646547 1 100006 1420576442643 0.9026991 6
69020299 1 100004 1420576442643 0.9026791 7
50023090 1 100002 1420576442643 0.902659 8
17698956 1 100001 1420576442643 0.90264904 9
18880366 1 100000 1420576442643 0.902639 10
69020299 2 100004 1420576502643 1.0026791 1
17698956 2 100001 1420576502643 1.0026491 2
8861752 2 100000 1420576502643 1.002639 3
12413892 2 99996 1420576502643 1.0025988 4
140080129 2 99995 1420576502643 1.0025889 5
44426926 1 100014 1420576502643 0.9027795 6
27091328 1 100003 1420576502643 0.9026691 7
50023090 1 100002 1420576502643 0.902659 8
16220541 1 100002 1420576502643 0.902659 9
976147104 1 100002 1420576502643 0.902659 10
309220197 2 100012 1420576562643 1.0027595 1
69020299 2 100004 1420576562643 1.0026791 2
17698956 2 100001 1420576562643 1.0026491 3
8861752 2 100001 1420576562643 1.0026491 4
818340 2 99999 1420576562643 1.002629 5
12413892 2 99996 1420576562643 1.0025988 6
20096207 1 100014 1420576562643 0.9027795 7
17348724 1 100013 1420576562643 0.9027694 8
12273252 1 100010 1420576562643 0.90273935 9
1618007706 1 100010 1420576562643 0.90273935 10
69020299 2 100004 1420576622643 1.0026791 1
8861752 2 100001 1420576622643 1.0026491 2
326821147 2 99995 1420576622643 1.0025889 3
20096207 1 100017 1420576622643 0.90280956 4
44426926 1 100014 1420576622643 0.9027795 5
309220197 1 100012 1420576622643 0.90275943 6
12273252 1 100010 1420576622643 0.90273935 7
1618007706 1 100010 1420576622643 0.90273935 8
19200736 1 100007 1420576622643 0.90270925 9
27091328 1 100007 1420576622643 0.90270925 10
19200736 2 100007 1420576682643 1.0027093 1
69020299 2 100004 1420576682643 1.0026791 2
7867072 2 100000 1420576682643 1.002639 3
44426926 1 100012 1420576682643 0.90275943 4
12273252 1 100010 1420576682643 0.90273935 5
1618007706 1 100010 1420576682643 0.90273935 6
188077169 1 100004 1420576682643 0.9026791 7
8861752 1 100001 1420576682643 0.90264904 8
45710831 1 100000 1420576682643 0.902639 9
17604456 1 99997 1420576682643 0.90260893 10
69020299 2 100004 1420576742643 1.0026791 1
17698956 2 100001 1420576742643 1.0026491 2
8861752 2 100001 1420576742643 1.0026491 3
818340 2 99999 1420576742643 1.002629 4
140080129 2 99995 1420576742643 1.0025889 5
44426926 1 100010 1420576742643 0.90273935 6
12273252 1 100010 1420576742643 0.90273935 7
1618007706 1 100010 1420576742643 0.90273935 8
40996128 1 100009 1420576742643 0.9027293 9
188077169 1 100004 1420576742643 0.9026791 10
44426926 2 100008 1420576802643 1.0027192 1
69020299 2 100004 1420576802643 1.0026791 2
17698956 2 100001 1420576802643 1.0026491 3
140080129 2 99997 1420576802643 1.002609 4
89787221 2 99995 1420576802643 1.0025889 5
174890917 2 99976 1420576802643 1.0023983 6
61733092 1 100025 1420576802643 0.9028898 7
20096207 1 100014 1420576802643 0.9027795 8
17348724 1 100013 1420576802643 0.9027694 9
12273252 1 100010 1420576802643 0.90273935 10
57333521 2 100032 1420576862643 1.0029601 1
12273252 2 100010 1420576862643 1.0027394 2
7867072 2 99999 1420576862643 1.002629 3
140080129 2 99997 1420576862643 1.002609 4
89787221 2 99995 1420576862643 1.0025889 5
55252152 1 100020 1420576862643 0.90283966 6
259637983 1 100014 1420576862643 0.9027795 7
20096207 1 100014 1420576862643 0.9027795 8
17348724 1 100013 1420576862643 0.9027694 9
27091328 1 100011 1420576862643 0.90274936 10
57333521 2 100032 1420576922643 1.0029601 1
140080129 2 99997 1420576922643 1.002609 2
49437246 2 99983 1420576922643 1.0024683 3
55252152 1 100020 1420576922643 0.90283966 4
27091328 1 100013 1420576922643 0.9027694 5
17348724 1 100013 1420576922643 0.9027694 6
12273252 1 100010 1420576922643 0.90273935 7
36440780 1 100009 1420576922643 0.9027293 8
44426926 1 100008 1420576922643 0.9027192 9
1618007706 1 100007 1420576922643 0.90270925 10
69020299 2 100004 1420576982643 1.0026791 1
7867072 2 99999 1420576982643 1.002629 2
89787221 2 99995 1420576982643 1.0025889 3
49437246 2 99983 1420576982643 1.0024683 4
57333521 1 100032 1420576982643 0.90296006 5
17348724 1 100013 1420576982643 0.9027694 6
1618007706 1 100007 1420576982643 0.90270925 7
44426926 1 100006 1420576982643 0.9026991 8
188077169 1 100004 1420576982643 0.9026791 9
17698956 1 100003 1420576982643 0.9026691 10
27091328 2 100009 1420577042643 1.0027293 1
1618007706 2 100007 1420577042643 1.0027093 2
7867072 2 99999 1420577042643 1.002629 3
174890917 2 99976 1420577042643 1.0023983 4
14845376 1 100048 1420577042643 0.9031207 5
55252152 1 100027 1420577042643 0.9029099 6
123576946 1 100015 1420577042643 0.9027895 7
12273252 1 100010 1420577042643 0.90273935 8
44426926 1 100008 1420577042643 0.9027192 9
188077169 1 100004 1420577042643 0.9026791 10
14845376 2 100048 1420577102643 1.0031207 1
8861752 2 100000 1420577102643 1.002639 2
7867072 2 99999 1420577102643 1.002629 3
57333521 1 100032 1420577102643 0.90296006 4
55252152 1 100027 1420577102643 0.9029099 5
25368027 1 100012 1420577102643 0.90275943 6
27091328 1 100011 1420577102643 0.90274936 7
1618007706 1 100007 1420577102643 0.90270925 8
44426926 1 100006 1420577102643 0.9026991 9
188077169 1 100004 1420577102643 0.9026791 10
14845376 2 100048 1420577162643 1.0031207 1
175295203 2 100005 1420577162643 1.0026891 2
25368027 2 100005 1420577162643 1.0026891 3
10069612 2 99991 1420577162643 1.0025487 4
57333521 1 100036 1420577162643 0.9030002 5
8861752 1 100000 1420577162643 0.902639 6
326821147 1 99999 1420577162643 0.90262896 7
7867072 1 99999 1420577162643 0.90262896 8
16101657 1 99998 1420577162643 0.9026189 9
1381345892 1 99998 1420577162643 0.9026189 10
14845376 2 100057 1420577222643 1.0032109 1
25368027 2 100005 1420577222643 1.0026891 2
17047743 1 100030 1420577222643 0.90294 3
1618007706 1 100010 1420577222643 0.90273935 4
175295203 1 100005 1420577222643 0.90268916 5
19934731 1 100005 1420577222643 0.90268916 6
17698956 1 100003 1420577222643 0.9026691 7
16785615 1 100001 1420577222643 0.90264904 8
69020299 1 100001 1420577222643 0.90264904 9
188077169 1 100000 1420577222643 0.902639 10
14845376 2 100057 1420577282643 1.0032109 1
25368027 2 100005 1420577282643 1.0026891 2
69020299 2 100001 1420577282643 1.0026491 3
1381345892 2 99998 1420577282643 1.0026189 4
292289403 1 100025 1420577282643 0.9028898 5
44426926 1 100006 1420577282643 0.9026991 6
19934731 1 100005 1420577282643 0.90268916 7
17698956 1 100003 1420577282643 0.9026691 8
18360000 1 100003 1420577282643 0.9026691 9
188077169 1 100000 1420577282643 0.902639 10
14845376 2 100057 1420577342643 1.0032109 1
1381345892 2 99998 1420577342643 1.0026189 2
1618007706 1 100010 1420577342643 0.90273935 3
27091328 1 100009 1420577342643 0.9027293 4
119538278 1 100006 1420577342643 0.9026991 5
25368027 1 100005 1420577342643 0.90268916 6
44426926 1 100004 1420577342643 0.9026791 7
976147104 1 100004 1420577342643 0.9026791 8
69020299 1 100001 1420577342643 0.90264904 9
226606138 1 99998 1420577342643 0.9026189 10
14845376 2 100057 1420577402643 1.0032109 1
12273252 2 100006 1420577402643 1.0026991 2
226606138 2 99998 1420577402643 1.0026189 3
10069612 2 99985 1420577402643 1.0024884 4
14745100 1 100014 1420577402643 0.9027795 5
203020760 1 100007 1420577402643 0.90270925 6
119538278 1 100006 1420577402643 0.9026991 7
45710831 1 100003 1420577402643 0.9026691 8
373316165 1 100001 1420577402643 0.90264904 9
202777395 1 100000 1420577402643 0.902639 10
14845376 2 100057 1420577462643 1.0032109 1
12273252 2 100006 1420577462643 1.0026991 2
8861752 2 100000 1420577462643 1.002639 3
14745100 1 100014 1420577462643 0.9027795 4
1618007706 1 100010 1420577462643 0.90273935 5
203020760 1 100007 1420577462643 0.90270925 6
19934731 1 100005 1420577462643 0.90268916 7
45710831 1 100003 1420577462643 0.9026691 8
373316165 1 100001 1420577462643 0.90264904 9
202777395 1 100000 1420577462643 0.902639 10
14845376 2 100057 1420577522643 1.0032109 1
25368027 2 99998 1420577522643 1.0026189 2
309220197 1 100015 1420577522643 0.9027895 3
40996128 1 100013 1420577522643 0.9027694 4
51220493 1 100006 1420577522643 0.9026991 5
12273252 1 100006 1420577522643 0.9026991 6
19934731 1 100005 1420577522643 0.90268916 7
17698956 1 100003 1420577522643 0.9026691 8
512403075 1 100001 1420577522643 0.90264904 9
8861752 1 100000 1420577522643 0.902639 10
14845376 2 100048 1420577582643 1.0031207 1
40996128 2 100013 1420577582643 1.0027695 2
51220493 2 100006 1420577582643 1.0026991 3
25368027 2 100005 1420577582643 1.0026891 4
69020299 2 100001 1420577582643 1.0026491 5
7867072 2 100000 1420577582643 1.002639 6
15520253 2 99994 1420577582643 1.0025787 7
10069612 2 99991 1420577582643 1.0025487 8
174890917 2 99976 1420577582643 1.0023983 9
1618007706 1 100007 1420577582643 0.90270925 10
14845376 2 100048 1420577642643 1.0031207 1
25368027 2 100005 1420577642643 1.0026891 2
44426926 2 100002 1420577642643 1.0026591 3
8861752 2 100001 1420577642643 1.0026491 4
140080129 2 99999 1420577642643 1.002629 5
174890917 2 99976 1420577642643 1.0023983 6
40996128 1 100013 1420577642643 0.9027694 7
1618007706 1 100007 1420577642643 0.90270925 8
51220493 1 100006 1420577642643 0.9026991 9
104227735 1 100004 1420577642643 0.9026791 10
14845376 2 100048 1420577702643 1.0031207 1
140080129 2 99999 1420577702643 1.002629 2
1381345892 2 99998 1420577702643 1.0026189 3
174890917 2 99976 1420577702643 1.0023983 4
20133051 1 100027 1420577702643 0.9029099 5
19287097 1 100010 1420577702643 0.90273935 6
27091328 1 100009 1420577702643 0.9027293 7
1618007706 1 100007 1420577702643 0.90270925 8
25368027 1 100005 1420577702643 0.90268916 9
104227735 1 100004 1420577702643 0.9026791 10
14845376 2 100048 1420577762643 1.0031207 1
7867072 2 100000 1420577762643 1.002639 2
140080129 2 99999 1420577762643 1.002629 3
1381345892 2 99998 1420577762643 1.0026189 4
174890917 2 99976 1420577762643 1.0023983 5
87290802 1 100036 1420577762643 0.9030002 6
20133051 1 100027 1420577762643 0.9029099 7
8312862 1 100014 1420577762643 0.9027795 8
19205893 1 100011 1420577762643 0.90274936 9
19287097 1 100010 1420577762643 0.90273935 10
14845376 2 100048 1420577822643 1.0031207 1
8312862 2 100014 1420577822643 1.0027795 2
309220197 2 100012 1420577822643 1.0027595 3
7867072 2 100000 1420577822643 1.002639 4
1381345892 2 99998 1420577822643 1.0026189 5
174890917 2 99976 1420577822643 1.0023983 6
87290802 1 100027 1420577822643 0.9029099 7
19205893 1 100017 1420577822643 0.90280956 8
27091328 1 100009 1420577822643 0.9027293 9
51220493 1 100008 1420577822643 0.9027192 10
14845376 2 100048 1420577882643 1.0031207 1
8312862 2 100014 1420577882643 1.0027795 2
7867072 2 100000 1420577882643 1.002639 3
1381345892 2 99998 1420577882643 1.0026189 4
92791146 2 99996 1420577882643 1.0025988 5
174890917 2 99976 1420577882643 1.0023983 6
57333521 1 100032 1420577882643 0.90296006 7
309220197 1 100012 1420577882643 0.90275943 8
51220493 1 100008 1420577882643 0.9027192 9
19200736 1 100007 1420577882643 0.90270925 10
14845376 2 100057 1420577942643 1.0032109 1
18360000 2 100007 1420577942643 1.0027093 2
7867072 2 100000 1420577942643 1.002639 3
140080129 2 99999 1420577942643 1.002629 4
92791146 2 99996 1420577942643 1.0025988 5
174890917 2 99983 1420577942643 1.0024683 6
57333521 1 100036 1420577942643 0.9030002 7
8312862 1 100014 1420577942643 0.9027795 8
20096207 1 100008 1420577942643 0.9027192 9
17698956 1 100003 1420577942643 0.9026691 10
14845376 2 100057 1420578002643 1.0032109 1
12273252 2 100006 1420578002643 1.0026991 2
140080129 2 99999 1420578002643 1.002629 3
10069612 2 99997 1420578002643 1.002609 4
20096207 1 100008 1420578002643 0.9027192 5
18360000 1 100007 1420578002643 0.90270925 6
14745100 1 100006 1420578002643 0.9026991 7
17698956 1 100003 1420578002643 0.9026691 8
1051313198 1 100002 1420578002643 0.902659 9
89316412 1 100002 1420578002643 0.902659 10
14845376 2 100057 1420578062643 1.0032109 1
7867072 2 100000 1420578062643 1.002639 2
140080129 2 99999 1420578062643 1.002629 3
1381345892 2 99990 1420578062643 1.0025387 4
57333521 1 100036 1420578062643 0.9030002 5
40996128 1 100009 1420578062643 0.9027293 6
12273252 1 100006 1420578062643 0.9026991 7
14745100 1 100006 1420578062643 0.9026991 8
10005212 1 100004 1420578062643 0.9026791 9
45710831 1 100003 1420578062643 0.9026691 10
14845376 2 100057 1420578122643 1.0032109 1
57333521 2 100036 1420578122643 1.0030003 2
19934731 2 99999 1420578122643 1.002629 3
1381345892 2 99990 1420578122643 1.0025387 4
22948692 2 95470 1420578122643 0.95718396 5
20745130 1 100049 1420578122643 0.90313065 6
17348724 1 100013 1420578122643 0.9027694 7
16277373 1 100012 1420578122643 0.90275943 8
40996128 1 100009 1420578122643 0.9027293 9
45710831 1 100003 1420578122643 0.9026691 10
14845376 2 100057 1420578182643 1.0032109 1
7867072 2 100000 1420578182643 1.002639 2
92791146 2 99998 1420578182643 1.0026189 3
10069612 2 99997 1420578182643 1.002609 4
1381345892 2 99990 1420578182643 1.0025387 5
21842357 2 99979 1420578182643 1.0024283 6
22948692 2 95470 1420578182643 0.95718396 7
57333521 1 100036 1420578182643 0.9030002 8
17348724 1 100013 1420578182643 0.9027694 9
16277373 1 100010 1420578182643 0.90273935 10
14845376 2 100057 1420578242643 1.0032109 1
57333521 2 100036 1420578242643 1.0030003 2
7867072 2 100000 1420578242643 1.002639 3
15520253 2 99998 1420578242643 1.0026189 4
10069612 2 99997 1420578242643 1.002609 5
22948692 2 95470 1420578242643 0.95718396 6
27091328 1 100013 1420578242643 0.9027694 7
12273252 1 100006 1420578242643 0.9026991 8
36767344 1 100004 1420578242643 0.9026791 9
1618007706 1 100004 1420578242643 0.9026791 10
14845376 2 100057 1420578302643 1.0032109 1
1618007706 2 100004 1420578302643 1.0026791 2
7867072 2 100000 1420578302643 1.002639 3
22948692 2 95470 1420578302643 0.95718396 4
57333521 1 100036 1420578302643 0.9030002 5
17348724 1 100013 1420578302643 0.9027694 6
27091328 1 100011 1420578302643 0.90274936 7
40996128 1 100009 1420578302643 0.9027293 8
10005212 1 100004 1420578302643 0.9026791 9
15520253 1 99998 1420578302643 0.9026189 10
14845376 2 100048 1420578362643 1.0031207 1
1381345892 2 99990 1420578362643 1.0025387 2
22948692 2 95470 1420578362643 0.95718396 3
20745130 1 100049 1420578362643 0.90313065 4
57333521 1 100032 1420578362643 0.90296006 5
40996128 1 100009 1420578362643 0.9027293 6
8312862 1 100008 1420578362643 0.9027192 7
25368027 1 100005 1420578362643 0.90268916 8
10005212 1 100004 1420578362643 0.9026791 9
8861752 1 100002 1420578362643 0.902659 10
14845376 2 100048 1420578422643 1.0031207 1
57333521 2 100032 1420578422643 1.0029601 2
1381345892 2 99990 1420578422643 1.0025387 3
22948692 2 95470 1420578422643 0.95718396 4
20745130 1 100049 1420578422643 0.90313065 5
19205893 1 100017 1420578422643 0.90280956 6
17348724 1 100013 1420578422643 0.9027694 7
12273252 1 100010 1420578422643 0.90273935 8
309220197 1 100009 1420578422643 0.9027293 9
40996128 1 100009 1420578422643 0.9027293 10
14845376 2 100048 1420578482643 1.0031207 1
1381345892 2 99990 1420578482643 1.0025387 2
57333521 1 100032 1420578482643 0.90296006 3
17348724 1 100013 1420578482643 0.9027694 4
12273252 1 100010 1420578482643 0.90273935 5
309220197 1 100009 1420578482643 0.9027293 6
19274498 1 100009 1420578482643 0.9027293 7
51220493 1 100008 1420578482643 0.9027192 8
131003396 1 100006 1420578482643 0.9026991 9
58975906 1 100003 1420578482643 0.9026691 10
14845376 2 100048 1420578542643 1.0031207 1
92791146 2 99998 1420578542643 1.0026189 2
89316412 2 99998 1420578542643 1.0026189 3
567341777 2 99985 1420578542643 1.0024884 4
17348724 1 100013 1420578542643 0.9027694 5
12273252 1 100010 1420578542643 0.90273935 6
19274498 1 100009 1420578542643 0.9027293 7
131003396 1 100004 1420578542643 0.9026791 8
8861752 1 100002 1420578542643 0.902659 9
69020299 1 100001 1420578542643 0.90264904 10
14845376 2 100048 1420578602643 1.0031207 1
92791146 2 100000 1420578602643 1.002639 2
89316412 2 100000 1420578602643 1.002639 3
57333521 1 100032 1420578602643 0.90296006 4
17348724 1 100013 1420578602643 0.9027694 5
12273252 1 100010 1420578602643 0.90273935 6
259637983 1 100006 1420578602643 0.9026991 7
1006922053 1 100003 1420578602643 0.9026691 8
16621805 1 100003 1420578602643 0.9026691 9
130447060 1 100002 1420578602643 0.902659 10
14845376 2 100048 1420578662643 1.0031207 1
7867072 2 99999 1420578662643 1.002629 2
22948692 2 95470 1420578662643 0.95718396 3
57333521 1 100032 1420578662643 0.90296006 4
17348724 1 100013 1420578662643 0.9027694 5
14787749 1 100006 1420578662643 0.9026991 6
259637983 1 100006 1420578662643 0.9026991 7
1006922053 1 100002 1420578662643 0.902659 8
69020299 1 100001 1420578662643 0.90264904 9
140080129 1 100001 1420578662643 0.90264904 10
14845376 2 100039 1420578722643 1.0030303 1
7867072 2 99999 1420578722643 1.002629 2
12273252 1 100010 1420578722643 0.90273935 3
309220197 1 100009 1420578722643 0.9027293 4
14787749 1 100006 1420578722643 0.9026991 5
25368027 1 100005 1420578722643 0.90268916 6
69020299 1 100001 1420578722643 0.90264904 7
140080129 1 100001 1420578722643 0.90264904 8
8861752 1 100001 1420578722643 0.90264904 9
92791146 1 100000 1420578722643 0.902639 10
14845376 2 100039 1420578782643 1.0030303 1
567341777 2 99988 1420578782643 1.0025187 2
57333521 1 100028 1420578782643 0.90291995 3
309220197 1 100009 1420578782643 0.9027293 4
27091328 1 100007 1420578782643 0.90270925 5
28516164 1 99999 1420578782643 0.90262896 6
7867072 1 99999 1420578782643 0.90262896 7
44426926 1 99998 1420578782643 0.9026189 8
24206345 1 99998 1420578782643 0.9026189 9
12413892 1 99996 1420578782643 0.9025988 10
14845376 2 100039 1420578842643 1.0030303 1
22192440 2 99986 1420578842643 1.0024985 2
57333521 1 100028 1420578842643 0.90291995 3
10005212 1 100012 1420578842643 0.90275943 4
388784593 1 100010 1420578842643 0.90273935 5
27091328 1 100009 1420578842643 0.9027293 6
25368027 1 100005 1420578842643 0.90268916 7
12413892 1 100003 1420578842643 0.9026691 8
69020299 1 100001 1420578842643 0.90264904 9
140080129 1 100001 1420578842643 0.90264904 10
14845376 2 100039 1420578902643 1.0030303 1
140080129 2 100001 1420578902643 1.0026491 2
251369428 1 100029 1420578902643 0.90293 3
10005212 1 100012 1420578902643 0.90275943 4
12273252 1 100010 1420578902643 0.90273935 5
388784593 1 100010 1420578902643 0.90273935 6
16220541 1 100006 1420578902643 0.9026991 7
12413892 1 100003 1420578902643 0.9026691 8
27103822 1 100002 1420578902643 0.902659 9
69020299 1 100001 1420578902643 0.90264904 10
14845376 2 100039 1420578962643 1.0030303 1
12273252 2 100010 1420578962643 1.0027394 2
140080129 2 100001 1420578962643 1.0026491 3
15856366 2 99994 1420578962643 1.0025787 4
619739966 1 100021 1420578962643 0.9028497 5
180026716 1 100012 1420578962643 0.90275943 6
27091328 1 100011 1420578962643 0.90274936 7
41644754 1 100006 1420578962643 0.9026991 8
12413892 1 100003 1420578962643 0.9026691 9
69020299 1 100001 1420578962643 0.90264904 10
160890393 2 100001 1420579022643 1.0026491 1
14845376 1 100039 1420579022643 0.90303034 2
57333521 1 100028 1420579022643 0.90291995 3
20133051 1 100027 1420579022643 0.9029099 4
619739966 1 100016 1420579022643 0.90279955 5
14745100 1 100014 1420579022643 0.9027795 6
25368027 1 100012 1420579022643 0.90275943 7
51220493 1 100010 1420579022643 0.90273935 8
12273252 1 100010 1420579022643 0.90273935 9
27091328 1 100009 1420579022643 0.9027293 10
14845376 2 100039 1420579082643 1.0030303 1
27091328 2 100011 1420579082643 1.0027494 2
160890393 2 100001 1420579082643 1.0026491 3
57333521 1 100028 1420579082643 0.90291995 4
25368027 1 100012 1420579082643 0.90275943 5
51220493 1 100010 1420579082643 0.90273935 6
1618007706 1 100004 1420579082643 0.9026791 7
8312862 1 100002 1420579082643 0.902659 8
140080129 1 100001 1420579082643 0.90264904 9
19274498 1 100001 1420579082643 0.90264904 10
140080129 2 100003 1420579142643 1.0026691 1
14845376 1 100030 1420579142643 0.90294 2
57333521 1 100024 1420579142643 0.90287983 3
27091328 1 100013 1420579142643 0.9027694 4
41644754 1 100010 1420579142643 0.90273935 5
19274498 1 100009 1420579142643 0.9027293 6
309220197 1 100006 1420579142643 0.9026991 7
12413892 1 100003 1420579142643 0.9026691 8
50023090 1 100002 1420579142643 0.902659 9
373316165 1 100001 1420579142643 0.90264904 10
50023090 2 100002 1420579202643 1.0026591 1
15856366 2 99994 1420579202643 1.0025787 2
15111389 1 100043 1420579202643 0.90307045 3
27091328 1 100011 1420579202643 0.90274936 4
41644754 1 100010 1420579202643 0.90273935 5
140080129 1 100003 1420579202643 0.9026691 6
12413892 1 100003 1420579202643 0.9026691 7
373316165 1 100001 1420579202643 0.90264904 8
7867072 1 100000 1420579202643 0.902639 9
8861752 1 100000 1420579202643 0.902639 10
14845376 2 100030 1420579262643 1.0029399 1
41644754 2 100010 1420579262643 1.0027394 2
12413892 2 100003 1420579262643 1.0026691 3
7867072 2 100000 1420579262643 1.002639 4
89787221 2 99981 1420579262643 1.0024483 5
619739966 1 100026 1420579262643 0.90289986 6
27091328 1 100013 1420579262643 0.9027694 7
12273252 1 100010 1420579262643 0.90273935 8
1364403168 1 100005 1420579262643 0.90268916 9
140080129 1 100003 1420579262643 0.9026691 10
14845376 2 100030 1420579322643 1.0029399 1
140080129 2 100003 1420579322643 1.0026691 2
1381345892 2 99998 1420579322643 1.0026189 3
1364403168 2 99996 1420579322643 1.0025988 4
89787221 2 99988 1420579322643 1.0025187 5
619739966 1 100026 1420579322643 0.90289986 6
251369428 1 100023 1420579322643 0.9028697 7
27091328 1 100015 1420579322643 0.9027895 8
12273252 1 100014 1420579322643 0.9027795 9
41644754 1 100010 1420579322643 0.90273935 10
14845376 2 100030 1420579382643 1.0029399 1
140080129 2 100003 1420579382643 1.0026691 2
89787221 2 99988 1420579382643 1.0025187 3
251369428 1 100026 1420579382643 0.90289986 4
41644754 1 100010 1420579382643 0.90273935 5
43216942 1 100008 1420579382643 0.9027192 6
1618007706 1 100007 1420579382643 0.90270925 7
309220197 1 100006 1420579382643 0.9026991 8
15646547 1 100006 1420579382643 0.9026991 9
69020299 1 100004 1420579382643 0.9026791 10
14845376 2 100030 1420579442643 1.0029399 1
10069612 2 100003 1420579442643 1.0026691 2
7867072 2 100000 1420579442643 1.002639 3
89787221 2 99988 1420579442643 1.0025187 4
40996128 1 100017 1420579442643 0.90280956 5
12273252 1 100014 1420579442643 0.9027795 6
41644754 1 100010 1420579442643 0.90273935 7
309220197 1 100006 1420579442643 0.9026991 8
186222238 1 100004 1420579442643 0.9026791 9
69020299 1 100004 1420579442643 0.9026791 10
12273252 2 100014 1420579502643 1.0027795 1
309220197 2 100006 1420579502643 1.0026991 2
7867072 2 100000 1420579502643 1.002639 3
8861752 2 100000 1420579502643 1.002639 4
174890917 2 99990 1420579502643 1.0025387 5
89787221 2 99988 1420579502643 1.0025187 6
129917609 1 100031 1420579502643 0.9029501 7
14845376 1 100021 1420579502643 0.9028497 8
1618007706 1 100010 1420579502643 0.90273935 9
186222238 1 100004 1420579502643 0.9026791 10
14845376 2 100021 1420579562643 1.0028497 1
12273252 2 100014 1420579562643 1.0027795 2
309220197 2 100006 1420579562643 1.0026991 3
7867072 2 100000 1420579562643 1.002639 4
174890917 2 99990 1420579562643 1.0025387 5
89787221 2 99988 1420579562643 1.0025187 6
129917609 1 100031 1420579562643 0.9029501 7
57333521 1 100020 1420579562643 0.90283966 8
1618007706 1 100010 1420579562643 0.90273935 9
12413892 1 100003 1420579562643 0.9026691 10
57333521 2 100020 1420579622643 1.0028397 1
12273252 2 100014 1420579622643 1.0027795 2
1618007706 2 100010 1420579622643 1.0027394 3
23742474 2 99995 1420579622643 1.0025889 4
174890917 2 99990 1420579622643 1.0025387 5
251369428 1 100023 1420579622643 0.9028697 6
14845376 1 100021 1420579622643 0.9028497 7
17070252 1 100017 1420579622643 0.90280956 8
27091328 1 100013 1420579622643 0.9027694 9
16253142 1 100007 1420579622643 0.90270925 10
17070252 2 100026 1420579682643 1.0028999 1
140080129 2 100003 1420579682643 1.0026691 2
8861752 2 100001 1420579682643 1.0026491 3
7867072 2 100000 1420579682643 1.002639 4
174890917 2 99990 1420579682643 1.0025387 5
14845376 1 100021 1420579682643 0.9028497 6
251369428 1 100020 1420579682643 0.90283966 7
57333521 1 100020 1420579682643 0.90283966 8
12273252 1 100014 1420579682643 0.9027795 9
27091328 1 100013 1420579682643 0.9027694 10
14845376 2 100021 1420579742643 1.0028497 1
27091328 2 100011 1420579742643 1.0027494 2
8861752 2 100001 1420579742643 1.0026491 3
89787221 2 99988 1420579742643 1.0025187 4
17070252 1 100035 1420579742643 0.9029902 5
19274498 1 100017 1420579742643 0.90280956 6
309220197 1 100009 1420579742643 0.9027293 7
18685577 1 100007 1420579742643 0.90270925 8
186222238 1 100004 1420579742643 0.9026791 9
140080129 1 100003 1420579742643 0.9026691 10
14845376 2 100021 1420579802643 1.0028497 1
27091328 2 100009 1420579802643 1.0027293 2
27103822 2 100002 1420579802643 1.0026591 3
8861752 2 100001 1420579802643 1.0026491 4
1381345892 2 99998 1420579802643 1.0026189 5
174890917 2 99990 1420579802643 1.0025387 6
87290802 1 100018 1420579802643 0.90281963 7
19274498 1 100017 1420579802643 0.90280956 8
186222238 1 100004 1420579802643 0.9026791 9
36440780 1 100003 1420579802643 0.9026691 10
14845376 2 100021 1420579862643 1.0028497 1
186222238 2 100004 1420579862643 1.0026791 2
8861752 2 100001 1420579862643 1.0026491 3
1381345892 2 99998 1420579862643 1.0026189 4
174890917 2 99990 1420579862643 1.0025387 5
57333521 1 100020 1420579862643 0.90283966 6
87290802 1 100018 1420579862643 0.90281963 7
12273252 1 100014 1420579862643 0.9027795 8
17348724 1 100009 1420579862643 0.9027293 9
27091328 1 100007 1420579862643 0.90270925 10
14845376 2 100012 1420579922643 1.0027595 1
186222238 2 100004 1420579922643 1.0026791 2
1381345892 2 99998 1420579922643 1.0026189 3
1581203119 2 99989 1420579922643 1.0025285 4
619739966 1 100041 1420579922643 0.9030504 5
17070252 1 100026 1420579922643 0.90289986 6
57333521 1 100016 1420579922643 0.90279955 7
15646547 1 100012 1420579922643 0.90275943 8
36440780 1 100003 1420579922643 0.9026691 9
15520253 1 100002 1420579922643 0.902659 10
14845376 2 100012 1420579982643 1.0027595 1
1618007706 2 100007 1420579982643 1.0027093 2
186222238 2 100004 1420579982643 1.0026791 3
10069612 2 100003 1420579982643 1.0026691 4
7867072 2 100001 1420579982643 1.0026491 5
1381345892 2 99998 1420579982643 1.0026189 6
619739966 1 100041 1420579982643 0.9030504 7
17070252 1 100017 1420579982643 0.90280956 8
309220197 1 100009 1420579982643 0.9027293 9
976147104 1 100002 1420579982643 0.902659 10
12273252 2 100014 1420580042643 1.0027795 1
309220197 2 100009 1420580042643 1.0027293 2
1618007706 2 100007 1420580042643 1.0027093 3
186222238 2 100004 1420580042643 1.0026791 4
12413892 2 99996 1420580042643 1.0025988 5
16253142 1 100016 1420580042643 0.90279955 6
57333521 1 100016 1420580042643 0.90279955 7
14845376 1 100012 1420580042643 0.90275943 8
17070252 1 100008 1420580042643 0.9027192 9
292289403 1 100007 1420580042643 0.90270925 10
1618007706 2 100007 1420580102643 1.0027093 1
8861752 2 100001 1420580102643 1.0026491 2
12413892 2 99996 1420580102643 1.0025988 3
17070252 1 100017 1420580102643 0.90280956 4
16253142 1 100016 1420580102643 0.90279955 5
57333521 1 100016 1420580102643 0.90279955 6
12273252 1 100014 1420580102643 0.9027795 7
14845376 1 100012 1420580102643 0.90275943 8
309220197 1 100009 1420580102643 0.9027293 9
27091328 1 100007 1420580102643 0.90270925 10
14845376 2 100012 1420580162643 1.0027595 1
17348724 2 100005 1420580162643 1.0026891 2
8861752 2 100002 1420580162643 1.0026591 3
20096207 1 100011 1420580162643 0.90274936 4
17070252 1 100008 1420580162643 0.9027192 5
1618007706 1 100007 1420580162643 0.90270925 6
74578857 1 100004 1420580162643 0.9026791 7
10069612 1 100003 1420580162643 0.9026691 8
15520253 1 100002 1420580162643 0.902659 9
27103822 1 100001 1420580162643 0.90264904 10
20745130 2 100049 1420580222643 1.0031307 1
14845376 2 100012 1420580222643 1.0027595 2
17348724 2 100005 1420580222643 1.0026891 3
45710831 2 99997 1420580222643 1.002609 4
17070252 1 100017 1420580222643 0.90280956 5
27091328 1 100011 1420580222643 0.90274936 6
1618007706 1 100007 1420580222643 0.90270925 7
74578857 1 100004 1420580222643 0.9026791 8
15520253 1 100002 1420580222643 0.902659 9
15856366 1 100002 1420580222643 0.902659 10
20745130 1 100049 1420580282643 0.90313065 1
27091328 1 100009 1420580282643 0.9027293 2
17070252 1 100008 1420580282643 0.9027192 3
1381345892 1 100006 1420580282643 0.9026991 4
17348724 1 100005 1420580282643 0.90268916 5
1618007706 1 100004 1420580282643 0.9026791 6
14845376 1 100003 1420580282643 0.9026691 7
15856366 1 100002 1420580282643 0.902659 8
8861752 1 100002 1420580282643 0.902659 9
7867072 1 100001 1420580282643 0.90264904 10
27091328 2 100011 1420580342643 1.0027494 1
7867072 2 100001 1420580342643 1.0026491 2
69020299 2 99998 1420580342643 1.0026189 3
174890917 2 99997 1420580342643 1.002609 4
45710831 2 99997 1420580342643 1.002609 5
10005212 2 99988 1420580342643 1.0025187 6
119538278 1 100042 1420580342643 0.9030604 7
292289403 1 100025 1420580342643 0.9028898 8
1381345892 1 100006 1420580342643 0.9026991 9
1618007706 1 100004 1420580342643 0.9026791 10
7867072 2 100001 1420580402643 1.0026491 1
174890917 2 99997 1420580402643 1.002609 2
89787221 2 99995 1420580402643 1.0025889 3
20745130 1 100049 1420580402643 0.90313065 4
16253142 1 100016 1420580402643 0.90279955 5
27091328 1 100013 1420580402643 0.9027694 6
1381345892 1 100006 1420580402643 0.9026991 7
61733092 1 100004 1420580402643 0.9026791 8
1618007706 1 100004 1420580402643 0.9026791 9
567341777 1 100003 1420580402643 0.9026691 10
1381345892 2 100006 1420580462643 1.0026991 1
14845376 2 100003 1420580462643 1.0026691 2
7867072 2 100001 1420580462643 1.0026491 3
174890917 2 99997 1420580462643 1.002609 4
45710831 2 99997 1420580462643 1.002609 5
25368027 2 99956 1420580462643 1.0021975 6
22948692 2 95465 1420580462643 0.95713377 7
20745130 1 100049 1420580462643 0.90313065 8
16253142 1 100016 1420580462643 0.90279955 9
27091328 1 100015 1420580462643 0.9027895 10
1381345892 2 100006 1420580522643 1.0026991 1
14845376 2 100003 1420580522643 1.0026691 2
140080129 2 100001 1420580522643 1.0026491 3
45710831 2 99997 1420580522643 1.002609 4
17047743 1 100030 1420580522643 0.90294 5
12273252 1 100010 1420580522643 0.90273935 6
7867072 1 100001 1420580522643 0.90264904 7
326821147 1 99999 1420580522643 0.90262896 8
69020299 1 99998 1420580522643 0.9026189 9
92791146 1 99998 1420580522643 0.9026189 10
1381345892 2 100006 1420580582643 1.0026991 1
14845376 2 100003 1420580582643 1.0026691 2
140080129 2 100001 1420580582643 1.0026491 3
15601977 2 100000 1420580582643 1.002639 4
45710831 2 99997 1420580582643 1.002609 5
21842357 2 99994 1420580582643 1.0025787 6
10005212 2 99988 1420580582643 1.0025187 7
1454742764 2 99962 1420580582643 1.0022576 8
387220815 2 99962 1420580582643 1.0022576 9
17047743 1 100030 1420580582643 0.90294 10
1381345892 2 100006 1420580642643 1.0026991 1
14845376 2 100003 1420580642643 1.0026691 2
140080129 2 100001 1420580642643 1.0026491 3
15520253 2 99998 1420580642643 1.0026189 4
45710831 2 99994 1420580642643 1.0025787 5
387220815 2 99962 1420580642643 1.0022576 6
57333521 1 100020 1420580642643 0.90283966 7
19934731 1 100011 1420580642643 0.90274936 8
12273252 1 100010 1420580642643 0.90273935 9
14916494 1 100004 1420580642643 0.9026791 10
57333521 2 100016 1420580702643 1.0027995 1
45710831 2 99994 1420580702643 1.0025787 2
14845376 2 99994 1420580702643 1.0025787 3
20745130 1 100040 1420580702643 0.9030403 4
14916494 1 100012 1420580702643 0.90275943 5
12273252 1 100010 1420580702643 0.90273935 6
309220197 1 100006 1420580702643 0.9026991 7
1381345892 1 100006 1420580702643 0.9026991 8
14787749 1 100003 1420580702643 0.9026691 9
326821147 1 100003 1420580702643 0.9026691 10
140080129 2 99999 1420580762643 1.002629 1
45710831 2 99994 1420580762643 1.0025787 2
14845376 2 99994 1420580762643 1.0025787 3
20745130 1 100040 1420580762643 0.9030403 4
48544015 1 100026 1420580762643 0.90289986 5
57333521 1 100016 1420580762643 0.90279955 6
31634255 1 100011 1420580762643 0.90274936 7
309220197 1 100006 1420580762643 0.9026991 8
1381345892 1 100006 1420580762643 0.9026991 9
14787749 1 100003 1420580762643 0.9026691 10
57333521 2 100016 1420580822643 1.0027995 1
140080129 2 99999 1420580822643 1.002629 2
21842357 2 99999 1420580822643 1.002629 3
14845376 2 99994 1420580822643 1.0025787 4
31634255 1 100013 1420580822643 0.9027694 5
19205893 1 100011 1420580822643 0.90274936 6
19934731 1 100011 1420580822643 0.90274936 7
12273252 1 100010 1420580822643 0.90273935 8
17070252 1 100008 1420580822643 0.9027192 9
74578857 1 100004 1420580822643 0.9026791 10
57333521 2 100016 1420580882643 1.0027995 1
12273252 2 100010 1420580882643 1.0027394 2
21842357 2 99999 1420580882643 1.002629 3
14845376 2 99994 1420580882643 1.0025787 4
27091328 1 100015 1420580882643 0.9027895 5
19205893 1 100011 1420580882643 0.90274936 6
1618007706 1 100001 1420580882643 0.90264904 7
188077169 1 100000 1420580882643 0.902639 8
92791146 1 100000 1420580882643 0.902639 9
140080129 1 99999 1420580882643 0.90262896 10
45710831 2 99994 1420580942643 1.0025787 1
14845376 2 99994 1420580942643 1.0025787 2
20745130 1 100040 1420580942643 0.9030403 3
57333521 1 100016 1420580942643 0.90279955 4
19934731 1 100011 1420580942643 0.90274936 5
12273252 1 100010 1420580942643 0.90273935 6
1364403168 1 100005 1420580942643 0.90268916 7
10069612 1 100003 1420580942643 0.9026691 8
27103822 1 100001 1420580942643 0.90264904 9
8861752 1 100001 1420580942643 0.90264904 10
19934731 2 100011 1420581002643 1.0027494 1
12273252 2 100010 1420581002643 1.0027394 2
8861752 2 100001 1420581002643 1.0026491 3
202777395 2 99996 1420581002643 1.0025988 4
45710831 2 99994 1420581002643 1.0025787 5
14845376 2 99994 1420581002643 1.0025787 6
20745130 1 100040 1420581002643 0.9030403 7
35947725 1 100027 1420581002643 0.9029099 8
57333521 1 100016 1420581002643 0.90279955 9
10069612 1 100003 1420581002643 0.9026691 10
19934731 2 100017 1420581062643 1.0028095 1
57333521 2 100012 1420581062643 1.0027595 2
140080129 2 99999 1420581062643 1.002629 3
45710831 2 99994 1420581062643 1.0025787 4
14845376 2 99985 1420581062643 1.0024884 5
35947725 1 100027 1420581062643 0.9029099 6
14916494 1 100012 1420581062643 0.90275943 7
12273252 1 100010 1420581062643 0.90273935 8
309220197 1 100009 1420581062643 0.9027293 9
512403075 1 100002 1420581062643 0.902659 10
140080129 2 99999 1420581122643 1.002629 1
45710831 2 99994 1420581122643 1.0025787 2
14845376 2 99985 1420581122643 1.0024884 3
15111389 1 100052 1420581122643 0.9031608 4
20745130 1 100040 1420581122643 0.9030403 5
19934731 1 100017 1420581122643 0.90280956 6
57333521 1 100012 1420581122643 0.90275943 7
12273252 1 100010 1420581122643 0.90273935 8
15646547 1 100006 1420581122643 0.9026991 9
1618007706 1 100004 1420581122643 0.9026791 10
140080129 2 99999 1420581182643 1.002629 1
14845376 2 99985 1420581182643 1.0024884 2
15111389 1 100052 1420581182643 0.9031608 3
20745130 1 100049 1420581182643 0.90313065 4
19934731 1 100017 1420581182643 0.90280956 5
12273252 1 100010 1420581182643 0.90273935 6
15646547 1 100006 1420581182643 0.9026991 7
1618007706 1 100004 1420581182643 0.9026791 8
50023090 1 100002 1420581182643 0.902659 9
17698956 1 100001 1420581182643 0.90264904 10
57333521 2 100012 1420581242643 1.0027595 1
188077169 2 100000 1420581242643 1.002639 2
140080129 2 99999 1420581242643 1.002629 3
92791146 2 99998 1420581242643 1.0026189 4
89316412 2 99996 1420581242643 1.0025988 5
14845376 2 99985 1420581242643 1.0024884 6
19934731 1 100017 1420581242643 0.90280956 7
40329236 1 100004 1420581242643 0.9026791 8
21842357 1 100004 1420581242643 0.9026791 9
17698956 1 100001 1420581242643 0.90264904 10
57333521 2 100012 1420581302643 1.0027595 1
140080129 2 99999 1420581302643 1.002629 2
14845376 2 99985 1420581302643 1.0024884 3
19934731 1 100017 1420581302643 0.90280956 4
40329236 1 100004 1420581302643 0.9026791 5
21842357 1 100004 1420581302643 0.9026791 6
130447060 1 100002 1420581302643 0.902659 7
188077169 1 100000 1420581302643 0.902639 8
27103822 1 100000 1420581302643 0.902639 9
92791146 1 99998 1420581302643 0.9026189 10
57333521 2 100012 1420581362643 1.0027595 1
12273252 2 100006 1420581362643 1.0026991 2
140080129 2 99999 1420581362643 1.002629 3
45710831 2 99994 1420581362643 1.0025787 4
14845376 2 99985 1420581362643 1.0024884 5
20745130 1 100049 1420581362643 0.90313065 6
19274498 1 100025 1420581362643 0.9028898 7
309220197 1 100009 1420581362643 0.9027293 8
203020760 1 100007 1420581362643 0.90270925 9
31634255 1 100007 1420581362643 0.90270925 10
45710831 2 99994 1420581422643 1.0025787 1
14845376 2 99976 1420581422643 1.0023983 2
19274498 1 100025 1420581422643 0.9028898 3
1381345892 1 100014 1420581422643 0.9027795 4
309220197 1 100009 1420581422643 0.9027293 5
31634255 1 100009 1420581422643 0.9027293 6
57333521 1 100008 1420581422643 0.9027192 7
203020760 1 100007 1420581422643 0.90270925 8
12273252 1 100006 1420581422643 0.9026991 9
40329236 1 100004 1420581422643 0.9026791 10
21842357 2 100004 1420581482643 1.0026791 1
140080129 2 99997 1420581482643 1.002609 2
45710831 2 99994 1420581482643 1.0025787 3
259637983 2 99990 1420581482643 1.0025387 4
14845376 2 99976 1420581482643 1.0023983 5
27091328 1 100019 1420581482643 0.9028296 6
1381345892 1 100014 1420581482643 0.9027795 7
49437246 1 100003 1420581482643 0.9026691 8
818340 1 100001 1420581482643 0.90264904 9
17348724 1 100001 1420581482643 0.90264904 10
57333521 2 100008 1420581542643 1.0027192 1
21842357 2 100004 1420581542643 1.0026791 2
140080129 2 99997 1420581542643 1.002609 3
14845376 2 99976 1420581542643 1.0023983 4
1454742764 2 99954 1420581542643 1.0021775 5
532171645 1 100060 1420581542643 0.90324104 6
19274498 1 100025 1420581542643 0.9028898 7
27091328 1 100017 1420581542643 0.90280956 8
512403075 1 100003 1420581542643 0.9026691 9
12413892 1 100003 1420581542643 0.9026691 10
57333521 2 100008 1420581602643 1.0027192 1
21842357 2 100004 1420581602643 1.0026791 2
140080129 2 99997 1420581602643 1.002609 3
89787221 2 99988 1420581602643 1.0025187 4
14845376 2 99976 1420581602643 1.0023983 5
532171645 1 100060 1420581602643 0.90324104 6
19274498 1 100025 1420581602643 0.9028898 7
1381345892 1 100014 1420581602643 0.9027795 8
16277373 1 100012 1420581602643 0.90275943 9
31634255 1 100009 1420581602643 0.9027293 10
1381345892 2 100014 1420581662643 1.0027795 1
57333521 2 100008 1420581662643 1.0027192 2
14845376 2 99976 1420581662643 1.0023983 3
17070252 2 99963 1420581662643 1.0022678 4
16277373 1 100010 1420581662643 0.90273935 5
31634255 1 100007 1420581662643 0.90270925 6
174890917 1 100004 1420581662643 0.9026791 7
976147104 1 100004 1420581662643 0.9026791 8
21842357 1 100004 1420581662643 0.9026791 9
36440780 1 100003 1420581662643 0.9026691 10
1381345892 2 100014 1420581722643 1.0027795 1
15646547 2 100012 1420581722643 1.0027595 2
57333521 2 100008 1420581722643 1.0027192 3
14845376 2 99976 1420581722643 1.0023983 4
15111389 1 100043 1420581722643 0.90307045 5
193232854 1 100016 1420581722643 0.90279955 6
36440780 1 100003 1420581722643 0.9026691 7
12413892 1 100003 1420581722643 0.9026691 8
976147104 1 100002 1420581722643 0.902659 9
263131563 1 100000 1420581722643 0.902639 10
15111389 2 100043 1420581782643 1.0030705 1
1381345892 2 100014 1420581782643 1.0027795 2
12413892 2 100003 1420581782643 1.0026691 3
7867072 2 99999 1420581782643 1.002629 4
193232854 1 100016 1420581782643 0.90279955 5
15646547 1 100012 1420581782643 0.90275943 6
57333521 1 100008 1420581782643 0.9027192 7
131003396 1 100006 1420581782643 0.9026991 8
14787749 1 100003 1420581782643 0.9026691 9
36440780 1 100003 1420581782643 0.9026691 10
15111389 2 100052 1420581842643 1.0031608 1
1381345892 2 100014 1420581842643 1.0027795 2
12413892 2 100003 1420581842643 1.0026691 3
35818653 1 100015 1420581842643 0.9027895 4
57333521 1 100012 1420581842643 0.90275943 5
131003396 1 100006 1420581842643 0.9026991 6
14787749 1 100003 1420581842643 0.9026691 7
1581203119 1 100001 1420581842643 0.90264904 8
8861752 1 100001 1420581842643 0.90264904 9
27103822 1 100000 1420581842643 0.902639 10
1381345892 2 100014 1420581902643 1.0027795 1
14787749 2 100003 1420581902643 1.0026691 2
7867072 2 99999 1420581902643 1.002629 3
10069612 2 99997 1420581902643 1.002609 4
23742474 2 99989 1420581902643 1.0025285 5
15111389 1 100052 1420581902643 0.9031608 6
35818653 1 100015 1420581902643 0.9027895 7
57333521 1 100012 1420581902643 0.90275943 8
309220197 1 100006 1420581902643 0.9026991 9
36440780 1 100003 1420581902643 0.9026691 10
1381345892 2 100014 1420581962643 1.0027795 1
14787749 2 100003 1420581962643 1.0026691 2
7867072 2 99999 1420581962643 1.002629 3
14845376 2 99967 1420581962643 1.0023079 4
57333521 1 100012 1420581962643 0.90275943 5
309220197 1 100006 1420581962643 0.9026991 6
188077169 1 100004 1420581962643 0.9026791 7
12413892 1 100003 1420581962643 0.9026691 8
326821147 1 99999 1420581962643 0.90262896 9
45710831 1 99997 1420581962643 0.90260893 10
1381345892 2 100014 1420582022643 1.0027795 1
7867072 2 99999 1420582022643 1.002629 2
180026716 1 100021 1420582022643 0.9028497 3
57333521 1 100012 1420582022643 0.90275943 4
61733092 1 100011 1420582022643 0.90274936 5
188077169 1 100004 1420582022643 0.9026791 6
14787749 1 100003 1420582022643 0.9026691 7
107024149 1 100003 1420582022643 0.9026691 8
12413892 1 100003 1420582022643 0.9026691 9
74578857 1 99999 1420582022643 0.90262896 10
1381345892 2 100014 1420582082643 1.0027795 1
57333521 2 100012 1420582082643 1.0027595 2
7867072 2 99999 1420582082643 1.002629 3
8312862 2 99990 1420582082643 1.0025387 4
89787221 2 99988 1420582082643 1.0025187 5
309220197 1 100006 1420582082643 0.9026991 6
316053072 1 100004 1420582082643 0.9026791 7
14787749 1 100003 1420582082643 0.9026691 8
12413892 1 100003 1420582082643 0.9026691 9
17437735 1 99998 1420582082643 0.9026189 10
1381345892 2 100014 1420582142643 1.0027795 1
57333521 2 100012 1420582142643 1.0027595 2
8312862 2 99990 1420582142643 1.0025387 3
532171645 1 100057 1420582142643 0.9032109 4
180026716 1 100030 1420582142643 0.90294 5
309220197 1 100006 1420582142643 0.9026991 6
32107066 1 100006 1420582142643 0.9026991 7
14787749 1 100003 1420582142643 0.9026691 8
8861752 1 100001 1420582142643 0.90264904 9
326821147 1 99999 1420582142643 0.90262896 10
180026716 2 100030 1420582202643 1.0029399 1
8312862 2 99984 1420582202643 1.0024785 2
532171645 1 100060 1420582202643 0.90324104 3
15111389 1 100043 1420582202643 0.90307045 4
57333521 1 100016 1420582202643 0.90279955 5
1381345892 1 100014 1420582202643 0.9027795 6
40996128 1 100013 1420582202643 0.9027694 7
14916494 1 100012 1420582202643 0.90275943 8
19934731 1 100011 1420582202643 0.90274936 9
31634255 1 100009 1420582202643 0.9027293 10
180026716 2 100030 1420582262643 1.0029399 1
1618007706 2 100013 1420582262643 1.0027695 2
19934731 2 100011 1420582262643 1.0027494 3
57333521 1 100016 1420582262643 0.90279955 4
193232854 1 100012 1420582262643 0.90275943 5
40996128 1 100009 1420582262643 0.9027293 6
31634255 1 100007 1420582262643 0.90270925 7
188077169 1 100004 1420582262643 0.9026791 8
27103822 1 100001 1420582262643 0.90264904 9
43216942 1 100000 1420582262643 0.902639 10
180026716 2 100030 1420582322643 1.0029399 1
57333521 2 100016 1420582322643 1.0027995 2
1381345892 2 100014 1420582322643 1.0027795 3
193232854 2 100012 1420582322643 1.0027595 4
27103822 2 100001 1420582322643 1.0026491 5
17604456 2 99992 1420582322643 1.0025587 6
15856366 2 99986 1420582322643 1.0024985 7
25368027 2 99977 1420582322643 1.0024083 8
15646547 1 100018 1420582322643 0.90281963 9
1618007706 1 100013 1420582322643 0.9027694 10
180026716 2 100030 1420582382643 1.0029399 1
15646547 2 100018 1420582382643 1.0028197 2
57333521 2 100016 1420582382643 1.0027995 3
17698956 2 100003 1420582382643 1.0026691 4
15856366 2 99986 1420582382643 1.0024985 5
1381345892 1 100014 1420582382643 0.9027795 6
193232854 1 100012 1420582382643 0.90275943 7
174890917 1 100004 1420582382643 0.9026791 8
309220197 1 100003 1420582382643 0.9026691 9
70314632 1 100003 1420582382643 0.9026691 10
180026716 2 100030 1420582442643 1.0029399 1
57333521 2 100016 1420582442643 1.0027995 2
1381345892 2 100014 1420582442643 1.0027795 3
19934731 2 100011 1420582442643 1.0027494 4
17698956 2 100003 1420582442643 1.0026691 5
14787749 2 100002 1420582442643 1.0026591 6
7867072 2 99998 1420582442643 1.0026189 7
15646547 1 100018 1420582442643 0.90281963 8
27091328 1 100017 1420582442643 0.90280956 9
193232854 1 100012 1420582442643 0.90275943 10
180026716 2 100030 1420582502643 1.0029399 1
57333521 2 100016 1420582502643 1.0027995 2
19934731 2 100011 1420582502643 1.0027494 3
17698956 2 100003 1420582502643 1.0026691 4
7867072 2 99998 1420582502643 1.0026189 5
27091328 1 100019 1420582502643 0.9028296 6
1381345892 1 100014 1420582502643 0.9027795 7
193232854 1 100012 1420582502643 0.90275943 8
19943507 1 100008 1420582502643 0.9027192 9
131003396 1 100004 1420582502643 0.9026791 10
1381345892 2 100022 1420582562643 1.0028598 1
25368027 2 99977 1420582562643 1.0024083 2
180026716 1 100030 1420582562643 0.90294 3
19943507 1 100015 1420582562643 0.9027895 4
193232854 1 100012 1420582562643 0.90275943 5
57333521 1 100012 1420582562643 0.90275943 6
19934731 1 100011 1420582562643 0.90274936 7
1618007706 1 100010 1420582562643 0.90273935 8
17070252 1 100008 1420582562643 0.9027192 9
17698956 1 100003 1420582562643 0.9026691 10
193232854 2 100012 1420582622643 1.0027595 1
27103822 2 100001 1420582622643 1.0026491 2
186222238 2 99999 1420582622643 1.002629 3
15111389 1 100052 1420582622643 0.9031608 4
19274498 1 100041 1420582622643 0.9030504 5
1381345892 1 100022 1420582622643 0.90285975 6
180026716 1 100021 1420582622643 0.9028497 7
512403075 1 100004 1420582622643 0.9026791 8
14787749 1 100002 1420582622643 0.902659 9
12273252 1 100002 1420582622643 0.902659 10
180026716 2 100021 1420582682643 1.0028497 1
17698956 2 100003 1420582682643 1.0026691 2
27103822 2 100001 1420582682643 1.0026491 3
17604456 2 99987 1420582682643 1.0025085 4
14845376 2 99967 1420582682643 1.0023079 5
292289403 1 100043 1420582682643 0.90307045 6
193232854 1 100012 1420582682643 0.90275943 7
57333521 1 100012 1420582682643 0.90275943 8
89316412 1 100006 1420582682643 0.9026991 9
14787749 1 100002 1420582682643 0.902659 10
1381345892 2 100022 1420582742643 1.0028598 1
180026716 2 100021 1420582742643 1.0028497 2
24206345 2 100019 1420582742643 1.0028296 3
17698956 2 100003 1420582742643 1.0026691 4
129917609 1 100013 1420582742643 0.9027694 5
193232854 1 100012 1420582742643 0.90275943 6
57333521 1 100012 1420582742643 0.90275943 7
21842357 1 100009 1420582742643 0.9027293 8
166715703 1 100005 1420582742643 0.90268916 9
107024149 1 100003 1420582742643 0.9026691 10
1381345892 2 100022 1420582802643 1.0028598 1
17698956 2 100003 1420582802643 1.0026691 2
14845376 2 99967 1420582802643 1.0023079 3
180026716 1 100021 1420582802643 0.9028497 4
24206345 1 100019 1420582802643 0.9028296 5
15646547 1 100018 1420582802643 0.90281963 6
19943507 1 100015 1420582802643 0.9027895 7
193232854 1 100012 1420582802643 0.90275943 8
57333521 1 100012 1420582802643 0.90275943 9
36440780 1 100009 1420582802643 0.9027293 10
1381345892 2 100022 1420582862643 1.0028598 1
180026716 2 100021 1420582862643 1.0028497 2
14845376 2 99967 1420582862643 1.0023079 3
19274498 1 100033 1420582862643 0.90297014 4
15646547 1 100018 1420582862643 0.90281963 5
193232854 1 100016 1420582862643 0.90279955 6
373316165 1 100013 1420582862643 0.9027694 7
57333521 1 100012 1420582862643 0.90275943 8
36440780 1 100009 1420582862643 0.9027293 9
21842357 1 100009 1420582862643 0.9027293 10
14845376 2 99967 1420582922643 1.0023079 1
259637983 2 99966 1420582922643 1.0022979 2
15111389 1 100052 1420582922643 0.9031608 3
1381345892 1 100022 1420582922643 0.90285975 4
180026716 1 100021 1420582922643 0.9028497 5
15646547 1 100018 1420582922643 0.90281963 6
193232854 1 100016 1420582922643 0.90279955 7
373316165 1 100013 1420582922643 0.9027694 8
57333521 1 100012 1420582922643 0.90275943 9
1618007706 1 100010 1420582922643 0.90273935 10
180026716 2 100021 1420582982643 1.0028497 1
17698956 2 100003 1420582982643 1.0026691 2
15111389 1 100061 1420582982643 0.90325105 3
620340592 1 100012 1420582982643 0.90275943 4
15646547 1 100012 1420582982643 0.90275943 5
21842357 1 100009 1420582982643 0.9027293 6
20096207 1 100008 1420582982643 0.9027192 7
174890917 1 99997 1420582982643 0.90260893 8
45710831 1 99997 1420582982643 0.90260893 9
50672288 1 99989 1420582982643 0.9025285 10
1381345892 2 100022 1420583042643 1.0028598 1
180026716 2 100012 1420583042643 1.0027595 2
12273252 2 100002 1420583042643 1.0026591 3
27091328 1 100027 1420583042643 0.9029099 4
620340592 1 100016 1420583042643 0.90279955 5
61733092 1 100011 1420583042643 0.90274936 6
1618007706 1 100007 1420583042643 0.90270925 7
21842357 1 100004 1420583042643 0.9026791 8
17698956 1 100001 1420583042643 0.90264904 9
140080129 1 100001 1420583042643 0.90264904 10
1381345892 2 100022 1420583102643 1.0028598 1
180026716 2 100012 1420583102643 1.0027595 2
12273252 2 100002 1420583102643 1.0026591 3
27091328 1 100025 1420583102643 0.9028898 4
61733092 1 100011 1420583102643 0.90274936 5
36440780 1 100009 1420583102643 0.9027293 6
1618007706 1 100007 1420583102643 0.90270925 7
17698956 1 100001 1420583102643 0.90264904 8
140080129 1 100001 1420583102643 0.90264904 9
188077169 1 100000 1420583102643 0.902639 10
1381345892 2 100022 1420583162643 1.0028598 1
17698956 2 100001 1420583162643 1.0026491 2
171716921 2 100000 1420583162643 1.002639 3
811303 2 99987 1420583162643 1.0025085 4
180026716 1 100012 1420583162643 0.90275943 5
61733092 1 100011 1420583162643 0.90274936 6
57333521 1 100008 1420583162643 0.9027192 7
1618007706 1 100007 1420583162643 0.90270925 8
36440780 1 100003 1420583162643 0.9026691 9
140080129 1 100001 1420583162643 0.90264904 10
1381345892 2 100022 1420583222643 1.0028598 1
17698956 2 100001 1420583222643 1.0026491 2
811303 2 99993 1420583222643 1.0025687 3
55252152 2 99985 1420583222643 1.0024884 4
15111389 1 100061 1420583222643 0.90325105 5
2200632505 1 100027 1420583222643 0.9029099 6
180026716 1 100012 1420583222643 0.90275943 7
57333521 1 100008 1420583222643 0.9027192 8
12413892 1 100003 1420583222643 0.9026691 9
14787749 1 100001 1420583222643 0.90264904 10
15111389 2 100061 1420583282643 1.0032511 1
180026716 2 100012 1420583282643 1.0027595 2
17698956 2 100001 1420583282643 1.0026491 3
188077169 2 100000 1420583282643 1.002639 4
811303 2 99993 1420583282643 1.0025687 5
20745130 1 100067 1420583282643 0.9033113 6
2200632505 1 100027 1420583282643 0.9029099 7
1381345892 1 100022 1420583282643 0.90285975 8
19205893 1 100017 1420583282643 0.90280956 9
57333521 1 100008 1420583282643 0.9027192 10
15111389 2 100070 1420583342643 1.0033414 1
180026716 2 100012 1420583342643 1.0027595 2
17698956 2 100001 1420583342643 1.0026491 3
20745130 1 100067 1420583342643 0.9033113 4
1381345892 1 100022 1420583342643 0.90285975 5
19205893 1 100017 1420583342643 0.90280956 6
15920875 1 100016 1420583342643 0.90279955 7
15601977 1 100004 1420583342643 0.9026791 8
57333521 1 100004 1420583342643 0.9026791 9
2703171 1 100003 1420583342643 0.9026691 10
15111389 2 100070 1420583402643 1.0033414 1
1381345892 2 100022 1420583402643 1.0028598 2
180026716 2 100012 1420583402643 1.0027595 3
15601977 2 100004 1420583402643 1.0026791 4
14787749 2 100001 1420583402643 1.0026491 5
49437246 2 99998 1420583402643 1.0026189 6
811303 2 99993 1420583402643 1.0025687 7
14845376 2 99985 1420583402643 1.0024884 8
20745130 1 100067 1420583402643 0.9033113 9
193232854 1 100016 1420583402643 0.90279955 10
1381345892 2 100022 1420583462643 1.0028598 1
14787749 2 100002 1420583462643 1.0026591 2
21842357 2 99999 1420583462643 1.002629 3
10069612 2 99997 1420583462643 1.002609 4
811303 2 99993 1420583462643 1.0025687 5
14845376 2 99985 1420583462643 1.0024884 6
259637983 2 99958 1420583462643 1.0022175 7
15111389 1 100070 1420583462643 0.90334135 8
20745130 1 100067 1420583462643 0.9033113 9
35947725 1 100015 1420583462643 0.9027895 10
