1420574522643,39
1420574582643,41
1420574642643,32
1420574702643,30
1420574762643,30
1420574822643,32
1420574882643,30
1420574942643,27
1420575002643,29
1420575062643,31
1420575122643,30
1420575182643,30
1420575242643,29
1420575302643,27
1420575362643,37
1420575422643,39
1420575482643,26
1420575542643,22
1420575602643,25
1420575662643,26
1420575722643,41
1420575782643,40
1420575842643,42
1420575902643,32
1420575962643,23
1420576022643,21
1420576082643,34
1420576142643,36
1420576202643,37
1420576262643,38
1420576322643,28
1420576382643,25
1420576442643,29
1420576502643,27
1420576562643,34
1420576622643,32
1420576682643,26
1420576742643,32
1420576802643,28
1420576862643,38
1420576922643,33
1420576982643,27
1420577042643,31
1420577102643,30
1420577162643,24
1420577222643,30
1420577282643,26
1420577342643,25
1420577402643,26
1420577462643,29
1420577522643,24
1420577582643,31
1420577642643,28
1420577702643,23
1420577762643,27
1420577822643,38
1420577882643,34
1420577942643,33
1420578002643,39
1420578062643,39
1420578122643,43
1420578182643,42
1420578242643,33
1420578302643,30
1420578362643,30
1420578422643,33
1420578482643,34
1420578542643,30
1420578602643,31
1420578662643,32
1420578722643,30
1420578782643,22
1420578842643,23
1420578902643,28
1420578962643,24
1420579022643,31
1420579082643,34
1420579142643,36
1420579202643,33
1420579262643,36
1420579322643,36
1420579382643,32
1420579442643,37
1420579502643,37
1420579562643,31
1420579622643,32
1420579682643,31
1420579742643,38
1420579802643,33
1420579862643,35
1420579922643,33
1420579982643,34
1420580042643,35
1420580102643,39
1420580162643,35
1420580222643,36
1420580282643,36
1420580342643,33
1420580402643,40
1420580462643,38
1420580522643,30
1420580582643,26
1420580642643,31
1420580702643,30
1420580762643,26
1420580822643,26
1420580882643,30
1420580942643,32
1420581002643,26
1420581062643,30
1420581122643,25
1420581182643,31
1420581242643,26
1420581302643,26
1420581362643,33
1420581422643,27
1420581482643,24
1420581542643,34
1420581602643,33
1420581662643,41
1420581722643,34
1420581782643,30
1420581842643,33
1420581902643,35
1420581962643,29
1420582022643,32
1420582082643,26
1420582142643,30
1420582202643,35
1420582262643,32
1420582322643,34
1420582382643,35
1420582442643,30
1420582502643,30
1420582562643,37
1420582622643,40
1420582682643,36
1420582742643,36
1420582802643,32
1420582862643,37
1420582922643,41
1420582982643,31
1420583042643,29
1420583102643,33
1420583162643,31
1420583222643,31
1420583282643,36
1420583342643,39
1420583402643,37
1420583462643,39
