140080129 2 100001 1420574522643
20096207 1 100001 1420574522643
20745130 1 100001 1420574582643
140080129 1 100001 1420574582643
20096207 1 100001 1420574582643
20745130 1 100001 1420574642643
140080129 1 100001 1420574702643
140080129 1 100001 1420574762643
140080129 1 100001 1420574822643
140080129 1 100001 1420574882643
140080129 1 100001 1420574942643
140080129 1 100001 1420575002643
140080129 2 100001 1420575182643
140080129 2 100001 1420575242643
140080129 1 100001 1420575302643
140080129 1 100001 1420575362643
20745130 2 100001 1420575422643
140080129 2 100001 1420575422643
20745130 1 100001 1420575482643
140080129 2 100001 1420575482643
46697447 1 100001 1420575482643
140080129 2 100001 1420575542643
140080129 2 100001 1420575602643
140080129 2 100001 1420575662643
140080129 2 100001 1420575722643
140080129 2 100001 1420575782643
140080129 2 100001 1420575842643
35947725 1 100001 1420575842643
140080129 2 100001 1420575902643
35947725 1 100001 1420575902643
140080129 2 100001 1420575962643
20745130 1 100008 1420576022643
140080129 2 100001 1420576022643
567341777 1 100006 1420576082643
140080129 2 100001 1420576082643
8923182 1 100001 1420576082643
7867072 1 100007 1420576082643
174890917 2 100002 1420576142643
140080129 2 100001 1420576142643
15920875 1 100005 1420576142643
36440780 1 100005 1420576142643
7867072 2 100007 1420576142643
174890917 1 100002 1420576202643
20745130 1 100008 1420576202643
140080129 1 100001 1420576202643
15920875 1 100005 1420576202643
36440780 1 100005 1420576202643
7867072 2 100007 1420576202643
23354464 1 100005 1420576262643
20745130 1 100008 1420576262643
140080129 1 100001 1420576262643
15856366 2 100005 1420576262643
7867072 1 100007 1420576262643
20096207 1 100001 1420576262643
140080129 1 100001 1420576322643
15856366 1 100005 1420576322643
7867072 1 100007 1420576322643
20096207 1 100008 1420576322643
140080129 1 100001 1420576382643
14192680 1 100007 1420576382643
7867072 1 100007 1420576382643
140080129 1 100001 1420576442643
14192680 1 100007 1420576442643
7867072 1 100007 1420576442643
23354464 1 100005 1420576502643
140080129 2 100001 1420576502643
14192680 1 100007 1420576502643
7867072 1 100007 1420576502643
23354464 2 100005 1420576562643
140080129 1 100001 1420576562643
8923182 1 100001 1420576562643
14192680 1 100007 1420576562643
7867072 1 100007 1420576562643
20096207 1 100008 1420576562643
23354464 1 100005 1420576622643
8923182 1 100001 1420576622643
7867072 1 100007 1420576622643
20096207 1 100008 1420576622643
487535749 1 100002 1420576682643
140080129 1 100001 1420576682643
169193463 1 100007 1420576682643
46697447 1 100008 1420576682643
7867072 2 100007 1420576682643
174890917 1 100002 1420576742643
140080129 2 100001 1420576742643
169193463 1 100007 1420576742643
46697447 1 100008 1420576742643
7867072 1 100007 1420576742643
23354464 2 100005 1420576802643
174890917 2 100002 1420576802643
140080129 2 100001 1420576802643
20096207 1 100008 1420576802643
23354464 2 100005 1420576862643
174890917 1 100002 1420576862643
140080129 2 100001 1420576862643
36440780 1 100005 1420576862643
14192680 1 100007 1420576862643
7867072 2 100007 1420576862643
20096207 1 100008 1420576862643
23354464 1 100005 1420576922643
140080129 2 100001 1420576922643
36440780 1 100005 1420576922643
14192680 2 100007 1420576922643
7867072 1 100007 1420576922643
174890917 1 100002 1420576982643
140080129 1 100001 1420576982643
14192680 2 100007 1420576982643
7867072 2 100007 1420576982643
23354464 2 100005 1420577042643
174890917 2 100002 1420577042643
14192680 1 100007 1420577042643
7867072 2 100007 1420577042643
23354464 2 100005 1420577102643
174890917 1 100002 1420577102643
140080129 1 100001 1420577102643
7867072 2 100007 1420577102643
23354464 1 100005 1420577162643
174890917 1 100002 1420577162643
14192680 1 100007 1420577162643
7867072 1 100007 1420577162643
23354464 1 100005 1420577222643
174890917 1 100002 1420577222643
14192680 2 100007 1420577222643
7867072 1 100007 1420577222643
23354464 1 100005 1420577282643
174890917 1 100002 1420577282643
14192680 2 100007 1420577282643
7867072 1 100007 1420577282643
23354464 2 100005 1420577342643
174890917 1 100002 1420577342643
14192680 1 100007 1420577342643
23354464 2 100005 1420577402643
174890917 1 100002 1420577402643
25368027 1 100002 1420577402643
14192680 1 100007 1420577402643
23354464 2 100005 1420577462643
25368027 1 100002 1420577462643
14192680 2 100007 1420577462643
23354464 2 100005 1420577522643
14192680 1 100007 1420577522643
25368027 2 100002 1420577522643
7867072 1 100007 1420577522643
23354464 2 100012 1420577582643
174890917 2 100009 1420577582643
25368027 2 100009 1420577582643
7867072 2 100007 1420577582643
23354464 2 100012 1420577642643
174890917 2 100009 1420577642643
21104725 1 100004 1420577642643
25368027 2 100009 1420577642643
140080129 2 100001 1420577642643
14192680 1 100007 1420577642643
7867072 1 100007 1420577642643
23354464 2 100012 1420577702643
174890917 2 100009 1420577702643
21104725 1 100004 1420577702643
25368027 1 100009 1420577702643
140080129 2 100001 1420577702643
7867072 1 100007 1420577702643
15856366 1 100012 1420577702643
23354464 2 100012 1420577762643
174890917 2 100009 1420577762643
140080129 2 100001 1420577762643
15856366 1 100012 1420577762643
1618007706 1 100007 1420577762643
14192680 1 100007 1420577762643
7867072 2 100007 1420577762643
23354464 2 100012 1420577822643
174890917 2 100009 1420577822643
487535749 1 100002 1420577822643
21104725 1 100004 1420577822643
140080129 1 100001 1420577822643
25368027 1 100009 1420577822643
1618007706 1 100007 1420577822643
7867072 2 100007 1420577822643
23354464 2 100012 1420577882643
174890917 2 100009 1420577882643
25368027 1 100009 1420577882643
140080129 1 100001 1420577882643
8312862 2 100003 1420577882643
811303 1 100011 1420577882643
14192680 1 100007 1420577882643
7867072 2 100007 1420577882643
23354464 2 100012 1420577942643
174890917 2 100009 1420577942643
140080129 2 100001 1420577942643
8312862 1 100003 1420577942643
14192680 1 100007 1420577942643
7867072 2 100007 1420577942643
21842357 1 100014 1420577942643
20096207 1 100008 1420577942643
23354464 2 100012 1420578002643
174890917 1 100009 1420578002643
140080129 2 100001 1420578002643
15856366 1 100012 1420578002643
811303 1 100011 1420578002643
14192680 1 100007 1420578002643
21842357 1 100014 1420578002643
7867072 1 100007 1420578002643
20096207 1 100008 1420578002643
23354464 2 100012 1420578062643
140080129 2 100001 1420578062643
15856366 1 100012 1420578062643
811303 1 100011 1420578062643
14192680 1 100007 1420578062643
7867072 2 100007 1420578062643
23354464 2 100012 1420578122643
174890917 1 100009 1420578122643
20745130 1 100008 1420578122643
140080129 1 100001 1420578122643
14192680 1 100007 1420578122643
7867072 1 100007 1420578122643
21842357 1 100014 1420578122643
23354464 2 100012 1420578182643
174890917 1 100009 1420578182643
140080129 1 100001 1420578182643
14192680 1 100014 1420578182643
21842357 2 100014 1420578182643
7867072 2 100007 1420578182643
567341777 1 100013 1420578242643
23354464 2 100012 1420578242643
1618007706 1 100007 1420578242643
21842357 1 100014 1420578242643
7867072 2 100007 1420578242643
79292033 1 100010 1420578242643
567341777 1 100013 1420578302643
23354464 2 100012 1420578302643
1618007706 2 100007 1420578302643
14192680 1 100014 1420578302643
7867072 2 100007 1420578302643
79292033 1 100010 1420578302643
21842357 1 100014 1420578302643
23354464 2 100012 1420578362643
20745130 1 100008 1420578362643
25368027 1 100009 1420578362643
8312862 1 100003 1420578362643
1618007706 1 100007 1420578362643
14192680 1 100014 1420578362643
7867072 1 100007 1420578362643
21842357 1 100014 1420578362643
23354464 2 100012 1420578422643
20745130 1 100008 1420578422643
25368027 1 100009 1420578422643
140080129 1 100001 1420578422643
169193463 1 100014 1420578422643
14192680 1 100014 1420578422643
21842357 1 100014 1420578422643
567341777 1 100013 1420578482643
23354464 2 100012 1420578482643
169193463 1 100014 1420578482643
14192680 2 100014 1420578482643
21842357 1 100014 1420578482643
567341777 2 100013 1420578542643
23354464 2 100012 1420578542643
74578857 1 100012 1420578542643
140080129 1 100001 1420578542643
14192680 1 100014 1420578542643
567341777 1 100013 1420578602643
23354464 2 100012 1420578602643
16621805 1 100006 1420578602643
140080129 1 100001 1420578602643
1618007706 1 100007 1420578602643
14192680 1 100014 1420578602643
21842357 1 100014 1420578602643
23354464 2 100012 1420578662643
188077169 1 100006 1420578662643
16621805 1 100006 1420578662643
140080129 1 100001 1420578662643
1618007706 1 100007 1420578662643
14192680 2 100014 1420578662643
21842357 1 100014 1420578662643
7867072 2 100007 1420578662643
12413892 1 100004 1420578662643
567341777 1 100013 1420578722643
23354464 2 100012 1420578722643
309220197 1 100007 1420578722643
140080129 1 100001 1420578722643
25368027 1 100009 1420578722643
14192680 1 100014 1420578722643
7867072 2 100007 1420578722643
12413892 1 100004 1420578722643
567341777 2 100013 1420578782643
23354464 2 100012 1420578782643
309220197 1 100007 1420578782643
14192680 1 100014 1420578782643
7867072 1 100007 1420578782643
12413892 1 100004 1420578782643
567341777 1 100013 1420578842643
23354464 2 100012 1420578842643
25368027 1 100009 1420578842643
140080129 1 100001 1420578842643
12413892 1 100004 1420578842643
15920875 1 100012 1420578842643
15856366 1 100012 1420578842643
567341777 1 100013 1420578902643
23354464 1 100012 1420578902643
140080129 2 100001 1420578902643
15920875 1 100012 1420578902643
15856366 1 100012 1420578902643
251369428 1 100006 1420578902643
14192680 1 100014 1420578902643
7867072 1 100007 1420578902643
12413892 1 100004 1420578902643
567341777 1 100013 1420578962643
23354464 2 100012 1420578962643
14192680 1 100014 1420578962643
140080129 2 100001 1420578962643
7867072 1 100007 1420578962643
12413892 1 100004 1420578962643
15856366 2 100012 1420578962643
23354464 2 100012 1420579022643
140080129 1 100001 1420579022643
25368027 1 100009 1420579022643
15856366 1 100012 1420579022643
14192680 1 100014 1420579022643
21842357 1 100014 1420579022643
12413892 1 100004 1420579022643
23354464 2 100012 1420579082643
188077169 1 100006 1420579082643
25368027 1 100009 1420579082643
140080129 1 100001 1420579082643
15856366 1 100012 1420579082643
8312862 1 100003 1420579082643
1618007706 1 100007 1420579082643
14192680 1 100014 1420579082643
21842357 1 100014 1420579082643
384940104 2 100008 1420579082643
567341777 1 100020 1420579142643
23354464 2 100019 1420579142643
188077169 1 100006 1420579142643
309220197 1 100007 1420579142643
140080129 2 100001 1420579142643
15856366 1 100019 1420579142643
14192680 2 100014 1420579142643
384940104 1 100015 1420579142643
12413892 1 100004 1420579142643
23354464 1 100019 1420579202643
140080129 1 100001 1420579202643
491638416 1 100005 1420579202643
15856366 2 100019 1420579202643
14192680 2 100014 1420579202643
21842357 1 100014 1420579202643
7867072 1 100007 1420579202643
39841830 1 100022 1420579202643
384940104 1 100015 1420579202643
12413892 1 100004 1420579202643
23354464 1 100019 1420579262643
174890917 1 100009 1420579262643
140080129 1 100001 1420579262643
491638416 1 100005 1420579262643
15856366 1 100019 1420579262643
23742474 1 100021 1420579262643
14192680 2 100014 1420579262643
7867072 2 100007 1420579262643
12413892 2 100004 1420579262643
17698956 1 100013 1420579322643
23354464 2 100019 1420579322643
174890917 1 100009 1420579322643
140080129 2 100001 1420579322643
15920875 1 100019 1420579322643
1618007706 1 100007 1420579322643
811303 1 100011 1420579322643
251369428 1 100013 1420579322643
14192680 1 100014 1420579322643
7867072 1 100007 1420579322643
21842357 1 100014 1420579322643
12413892 1 100004 1420579322643
567341777 1 100020 1420579382643
17698956 1 100013 1420579382643
23354464 2 100019 1420579382643
309220197 1 100007 1420579382643
140080129 2 100001 1420579382643
15920875 1 100019 1420579382643
8312862 1 100003 1420579382643
1618007706 1 100007 1420579382643
251369428 1 100013 1420579382643
21842357 1 100014 1420579382643
7867072 1 100007 1420579382643
23354464 1 100019 1420579442643
174890917 1 100009 1420579442643
309220197 1 100007 1420579442643
40996128 1 100001 1420579442643
140080129 1 100001 1420579442643
25368027 1 100016 1420579442643
8312862 1 100003 1420579442643
14192680 2 100014 1420579442643
7867072 2 100007 1420579442643
384940104 1 100015 1420579442643
12413892 1 100004 1420579442643
23354464 1 100019 1420579502643
174890917 2 100009 1420579502643
309220197 2 100007 1420579502643
25368027 1 100016 1420579502643
15856366 1 100019 1420579502643
23742474 1 100021 1420579502643
1618007706 1 100007 1420579502643
14192680 2 100014 1420579502643
7867072 2 100007 1420579502643
21842357 1 100014 1420579502643
12413892 1 100004 1420579502643
23354464 1 100019 1420579562643
174890917 2 100009 1420579562643
309220197 2 100007 1420579562643
23742474 1 100021 1420579562643
1618007706 1 100007 1420579562643
14192680 1 100014 1420579562643
21842357 1 100014 1420579562643
7867072 2 100021 1420579562643
12413892 1 100004 1420579562643
567341777 1 100020 1420579622643
23354464 2 100019 1420579622643
174890917 2 100009 1420579622643
309220197 1 100007 1420579622643
140080129 1 100001 1420579622643
23742474 2 100021 1420579622643
1618007706 2 100007 1420579622643
251369428 1 100013 1420579622643
7867072 1 100021 1420579622643
23354464 2 100019 1420579682643
174890917 2 100009 1420579682643
309220197 1 100007 1420579682643
140080129 2 100001 1420579682643
23742474 1 100021 1420579682643
1618007706 1 100007 1420579682643
251369428 1 100013 1420579682643
14192680 1 100014 1420579682643
7867072 2 100021 1420579682643
23354464 2 100019 1420579742643
174890917 1 100009 1420579742643
309220197 1 100007 1420579742643
16621805 1 100006 1420579742643
140080129 1 100001 1420579742643
23742474 1 100021 1420579742643
169193463 1 100021 1420579742643
46697447 1 100008 1420579742643
14192680 1 100014 1420579742643
7867072 1 100021 1420579742643
21842357 1 100014 1420579742643
23354464 2 100019 1420579802643
174890917 2 100009 1420579802643
23742474 1 100021 1420579802643
36440780 1 100005 1420579802643
169193463 1 100021 1420579802643
46697447 1 100008 1420579802643
14192680 1 100014 1420579802643
15907716 1 100003 1420579802643
7867072 1 100021 1420579802643
23354464 1 100019 1420579862643
174890917 2 100009 1420579862643
36440780 1 100005 1420579862643
349227445 1 100019 1420579862643
14192680 2 100014 1420579862643
21842357 1 100014 1420579862643
7867072 1 100021 1420579862643
15646547 1 100014 1420579862643
188077169 1 100006 1420579922643
174890917 1 100009 1420579922643
15856366 1 100019 1420579922643
36440780 1 100005 1420579922643
349227445 1 100019 1420579922643
14192680 1 100014 1420579922643
7867072 1 100021 1420579922643
15646547 1 100014 1420579922643
188077169 1 100006 1420579982643
23354464 1 100019 1420579982643
309220197 1 100007 1420579982643
140080129 1 100001 1420579982643
15856366 1 100019 1420579982643
23742474 1 100021 1420579982643
1618007706 2 100007 1420579982643
14192680 2 100014 1420579982643
7867072 2 100021 1420579982643
23354464 1 100019 1420580042643
188077169 1 100006 1420580042643
174890917 1 100009 1420580042643
309220197 2 100007 1420580042643
1618007706 2 100014 1420580042643
22192440 1 100020 1420580042643
14192680 1 100014 1420580042643
7867072 1 100021 1420580042643
12413892 2 100011 1420580042643
188077169 1 100006 1420580102643
23354464 1 100019 1420580102643
174890917 1 100009 1420580102643
309220197 1 100007 1420580102643
15856366 1 100019 1420580102643
1618007706 2 100014 1420580102643
22192440 1 100020 1420580102643
14192680 2 100014 1420580102643
79292033 1 100017 1420580102643
21842357 1 100014 1420580102643
12413892 2 100011 1420580102643
23354464 2 100019 1420580162643
140080129 1 100001 1420580162643
74578857 1 100019 1420580162643
1618007706 1 100014 1420580162643
14192680 1 100014 1420580162643
21842357 1 100014 1420580162643
7867072 1 100021 1420580162643
12413892 1 100011 1420580162643
19781206 1 100003 1420580162643
20096207 1 100008 1420580162643
23354464 1 100019 1420580222643
20745130 2 100008 1420580222643
74578857 1 100019 1420580222643
15856366 1 100019 1420580222643
23742474 1 100021 1420580222643
169193463 1 100021 1420580222643
161