17698956 1 100003 1420574522643
174890917 1 100008 1420574522643
89787221 2 100014 1420574522643
824157 1 100001 1420574522643
12273252 2 100012 1420574522643
17604456 1 100005 1420574522643
18964685 1 100004 1420574522643
21986815 1 100003 1420574522643
20096207 1 100021 1420574522643
17698956 1 100003 1420574582643
21862217 1 100013 1420574582643
174890917 1 100008 1420574582643
89787221 2 100014 1420574582643
12273252 2 100012 1420574582643
18964685 2 100004 1420574582643
21986815 1 100003 1420574582643
20096207 1 100021 1420574582643
21862217 1 100013 1420574642643
89787221 2 100014 1420574642643
118292510 1 100022 1420574642643
12273252 2 100012 1420574642643
18964685 1 100004 1420574642643
24705687 1 100003 1420574642643
17698956 1 100003 1420574702643
21862217 1 100013 1420574702643
89787221 2 100014 1420574702643
118292510 1 100022 1420574702643
12273252 1 100012 1420574702643
24705687 1 100003 1420574702643
17698956 2 100003 1420574762643
89787221 2 100014 1420574762643
12273252 1 100012 1420574762643
17604456 1 100005 1420574762643
17698956 1 100003 1420574822643
89787221 2 100014 1420574822643
25368027 1 100043 1420574822643
12273252 1 100012 1420574822643
18964685 1 100004 1420574822643
26207922 1 100004 1420574822643
174890917 1 100008 1420574882643
89787221 1 100014 1420574882643
25368027 1 100036 1420574882643
12273252 2 100012 1420574882643
818340 1 100001 1420574882643
18964685 1 100004 1420574882643
174890917 2 100008 1420574942643
12273252 2 100012 1420574942643
818340 1 100001 1420574942643
18964685 2 100004 1420574942643
174890917 2 100008 1420575002643
89787221 1 100014 1420575002643
824157 1 100001 1420575002643
12273252 1 100012 1420575002643
18964685 1 100004 1420575002643
24705687 1 100003 1420575002643
174890917 2 100008 1420575062643
89787221 2 100014 1420575062643
174083824 1 100062 1420575062643
824157 1 100001 1420575062643
12273252 2 100012 1420575062643
18964685 1 100004 1420575062643
24705687 1 100003 1420575062643
21986815 1 100003 1420575062643
174890917 1 100008 1420575122643
89787221 2 100014 1420575122643
174083824 1 100070 1420575122643
15601977 1 100001 1420575122643
12273252 1 100012 1420575122643
25870048 1 100017 1420575122643
18964685 1 100004 1420575122643
89787221 2 100014 1420575182643
824157 1 100001 1420575182643
15601977 1 100001 1420575182643
12273252 1 100012 1420575182643
202777395 1 100012 1420575182643
25870048 1 100017 1420575182643
18964685 1 100004 1420575182643
89787221 2 100014 1420575242643
118292510 1 100022 1420575242643
12273252 1 100012 1420575242643
17604456 1 100005 1420575242643
202777395 1 100012 1420575242643
18964685 1 100004 1420575242643
174890917 2 100008 1420575302643
89787221 1 100014 1420575302643
118292510 1 100022 1420575302643
12273252 1 100012 1420575302643
17604456 2 100005 1420575302643
19964088 1 100035 1420575362643
174890917 1 100008 1420575362643
824157 1 100001 1420575362643
118292510 1 100022 1420575362643
15601977 1 100001 1420575362643
12273252 2 100012 1420575362643
17604456 2 100005 1420575362643
18964685 1 100004 1420575362643
10069612 1 100004 1420575362643
19964088 1 100035 1420575422643
174890917 1 100008 1420575422643
89787221 1 100014 1420575422643
15601977 1 100001 1420575422643
25368027 1 100050 1420575422643
12273252 1 100012 1420575422643
17604456 1 100005 1420575422643
202777395 2 100012 1420575422643
17810599 1 100007 1420575422643
18964685 1 100004 1420575422643
10069612 1 100004 1420575422643
19964088 1 100041 1420575482643
174890917 2 100008 1420575482643
89787221 2 100014 1420575482643
25368027 1 100057 1420575482643
202777395 1 100008 1420575482643
18964685 1 100004 1420575482643
19964088 1 100041 1420575542643
174890917 2 100008 1420575542643
18964685 1 100004 1420575542643
89787221 2 100021 1420575542643
15601977 1 100005 1420575542643
12273252 1 100012 1420575542643
174890917 1 100008 1420575602643
89787221 2 100021 1420575602643
25368027 1 100057 1420575602643
12273252 1 100012 1420575602643
10069612 1 100004 1420575602643
17698956 1 100003 1420575662643
89787221 2 100021 1420575662643
12273252 1 100012 1420575662643
202777395 1 100008 1420575662643
10069612 1 100004 1420575662643
555359654 1 100030 1420575662643
199358175 1 100021 1420575662643
17698956 1 100003 1420575722643
89787221 1 100021 1420575722643
15601977 1 100005 1420575722643
12273252 1 100012 1420575722643
349227445 1 100021 1420575722643
555359654 1 100030 1420575722643
199358175 1 100021 1420575722643
17698956 1 100003 1420575782643
89787221 2 100021 1420575782643
15601977 1 100005 1420575782643
25368027 1 100064 1420575782643
12273252 1 100012 1420575782643
349227445 1 100021 1420575782643
17965433 1 100003 1420575782643
14745100 1 100006 1420575782643
18964685 1 100004 1420575782643
394078527 1 100016 1420575842643
89787221 1 100021 1420575842643
15601977 2 100001 1420575842643
25368027 1 100064 1420575842643
12273252 1 100012 1420575842643
202777395 1 100008 1420575842643
22192440 1 100014 1420575842643
17965433 1 100003 1420575842643
14745100 1 100006 1420575842643
18964685 2 100004 1420575842643
17698956 1 100003 1420575902643
15601977 1 100001 1420575902643
12273252 1 100012 1420575902643
202777395 1 100008 1420575902643
8923182 1 100020 1420575902643
18964685 1 100004 1420575902643
17698956 1 100003 1420575962643
394078527 1 100016 1420575962643
8923182 1 100020 1420575962643
818340 1 100003 1420575962643
89787221 1 100021 1420575962643
15601977 1 100001 1420575962643
11178672 2 100009 1420575962643
388784593 1 100004 1420575962643
12273252 1 100012 1420575962643
394078527 1 100016 1420576022643
17698956 2 100003 1420576022643
202777395 1 100012 1420576022643
818340 1 100003 1420576022643
89787221 1 100021 1420576022643
118292510 2 100017 1420576022643
15601977 2 100001 1420576022643
11178672 1 100009 1420576022643
12273252 2 100008 1420576022643
17698956 1 100003 1420576082643
174890917 1 100008 1420576082643
89787221 1 100021 1420576082643
118292510 2 100017 1420576082643
15601977 2 100005 1420576082643
387220815 1 100059 1420576082643
12273252 1 100008 1420576082643
202777395 2 100012 1420576082643
8923182 1 100020 1420576082643
17810599 1 100007 1420576082643
8861752 1 100001 1420576082643
17698956 2 100003 1420576142643
174890917 2 100001 1420576142643
89787221 1 100021 1420576142643
118292510 1 100017 1420576142643
15601977 1 100005 1420576142643
387220815 1 100059 1420576142643
12273252 2 100008 1420576142643
202777395 1 100012 1420576142643
17810599 1 100007 1420576142643
199358175 1 100017 1420576142643
8861752 1 100001 1420576142643
17698956 2 100001 1420576202643
394078527 1 100016 1420576202643
174890917 1 100001 1420576202643
15601977 2 100005 1420576202643
12273252 2 100008 1420576202643
199358175 1 100017 1420576202643
8861752 1 100001 1420576202643
17698956 1 100001 1420576262643
394078527 1 100016 1420576262643
15601977 2 100005 1420576262643
12273252 1 100008 1420576262643
818340 1 100003 1420576262643
22192440 1 100014 1420576262643
15907716 1 100003 1420576262643
20096207 1 100012 1420576262643
17698956 1 100001 1420576322643
15601977 1 100005 1420576322643
166715703 1 100002 1420576322643
12273252 1 100008 1420576322643
818340 1 100003 1420576322643
17810599 1 100003 1420576322643
22192440 1 100014 1420576322643
20096207 1 100012 1420576322643
17698956 2 100001 1420576382643
118292510 1 100012 1420576382643
166715703 1 100002 1420576382643
17810599 1 100003 1420576382643
17698956 1 100001 1420576442643
118292510 1 100012 1420576442643
199358175 1 100017 1420576442643
8861752 1 100001 1420576442643
17698956 2 100001 1420576502643
118292510 1 100012 1420576502643
818340 1 100001 1420576502643
8861752 2 100001 1420576502643
17698956 2 100001 1420576562643
118292510 1 100012 1420576562643
15601977 1 100001 1420576562643
12273252 1 100012 1420576562643
8923182 1 100014 1420576562643
818340 2 100001 1420576562643
20096207 1 100015 1420576562643
8861752 2 100001 1420576562643
17698956 1 100001 1420576622643
394078527 1 100016 1420576622643
15601977 1 100001 1420576622643
12273252 1 100012 1420576622643
8923182 1 100014 1420576622643
818340 1 100001 1420576622643
20096207 1 100018 1420576622643
8861752 2 100001 1420576622643
12273252 1 100012 1420576682643
24705687 1 100003 1420576682643
8861752 1 100002 1420576682643
17698956 2 100001 1420576742643
394078527 1 100016 1420576742643
174890917 1 100001 1420576742643
89787221 1 100014 1420576742643
12273252 1 100012 1420576742643
818340 2 100001 1420576742643
24705687 1 100003 1420576742643
15907716 1 100004 1420576742643
8861752 2 100002 1420576742643
17698956 2 100001 1420576802643
394078527 1 100016 1420576802643
174890917 2 100001 1420576802643
89787221 2 100014 1420576802643
12273252 1 100012 1420576802643
818340 1 100001 1420576802643
20096207 1 100015 1420576802643
8861752 1 100002 1420576802643
17698956 1 100001 1420576862643
174890917 1 100001 1420576862643
49437246 1 100008 1420576862643
89787221 2 100014 1420576862643
166715703 1 100002 1420576862643
12273252 2 100012 1420576862643
17810599 2 100003 1420576862643
15907716 1 100004 1420576862643
20096207 1 100015 1420576862643
8861752 1 100002 1420576862643
394078527 1 100016 1420576922643
49437246 2 100008 1420576922643
89787221 1 100014 1420576922643
166715703 1 100002 1420576922643
12273252 1 100012 1420576922643
17810599 1 100003 1420576922643
15907716 1 100004 1420576922643
394078527 2 100016 1420576982643
17698956 1 100003 1420576982643
174890917 1 100001 1420576982643
49437246 2 100008 1420576982643
89787221 2 100014 1420576982643
17698956 1 100003 1420577042643
394078527 1 100016 1420577042643
316053072 1 100007 1420577042643
174890917 2 100001 1420577042643
49437246 1 100008 1420577042643
89787221 1 100014 1420577042643
12273252 1 100012 1420577042643
17604456 1 100005 1420577042643
8861752 1 100001 1420577042643
316053072 1 100007 1420577102643
19964088 1 100017 1420577102643
174890917 1 100001 1420577102643
25368027 1 100071 1420577102643
15445129 1 100001 1420577102643
17604456 1 100005 1420577102643
8861752 2 100001 1420577102643
19964088 1 100017 1420577162643
174890917 1 100001 1420577162643
89787221 1 100014 1420577162643
20263526 1 100030 1420577162643
25368027 2 100064 1420577162643
8861752 1 100001 1420577162643
17698956 1 100003 1420577222643
174890917 1 100001 1420577222643
89787221 1 100014 1420577222643
20263526 1 100036 1420577222643
25368027 2 100064 1420577222643
24705687 1 100003 1420577222643
17047743 1 100010 1420577222643
19934731 1 100001 1420577222643
17698956 1 100003 1420577282643
25368027 2 100064 1420577282643
19934731 1 100001 1420577282643
25368027 1 100064 1420577342643
25368027 1 100057 1420577402643
12273252 2 100012 1420577402643
202777395 1 100008 1420577402643
49437246 1 100008 1420577462643
89787221 1 100007 1420577462643
25368027 1 100057 1420577462643
12273252 2 100012 1420577462643
202777395 1 100008 1420577462643
18964685 1 100004 1420577462643
19934731 1 100001 1420577462643
8861752 2 100001 1420577462643
17698956 1 100003 1420577522643
49437246 1 100008 1420577522643
25368027 2 100057 1420577522643
19934731 1 100001 1420577522643
12273252 1 100008 1420577522643
8861752 1 100001 1420577522643
25368027 2 100064 1420577582643
19934731 1 100001 1420577582643
8861752 1 100002 1420577582643
21104725 1 100007 1420577642643
25368027 2 100064 1420577642643
8861752 2 100002 1420577642643
21104725 1 100011 1420577702643
25368027 1 100064 1420577702643
199358175 1 100009 1420577702643
8861752 1 100002 1420577702643
87290802 1 100033 1420577762643
12273252 1 100008 1420577762643
87290802 1 100024 1420577822643
21104725 1 100015 1420577822643
25368027 1 100057 1420577822643
17145499 1 100004 1420577822643
12273252 1 100008 1420577822643
89787221 1 100007 1420577882643
25368027 1 100057 1420577882643
17145499 2 100004 1420577882643
17698956 1 100003 1420577942643
89787221 1 100007 1420577942643
20263526 1 100036 1420577942643
17145499 1 100004 1420577942643
20096207 1 100009 1420577942643
17698956 1 100003 1420578002643
382230093 1 100001 1420578002643
316053072 1 100025 1420578002643
20263526 1 100036 1420578002643
12273252 2 100008 1420578002643
20096207 1 100009 1420578002643
382230093 1 100001 1420578062643
89787221 1 100007 1420578062643
12273252 1 100008 1420578062643
24705687 1 100003 1420578062643
8861752 1 100003 1420578062643
89787221 1 100007 1420578122643
24773493 2 100005 1420578122643
22990521 1 100003 1420578122643
19934731 2 100001 1420578122643
36767344 1 100001 1420578182643
19964088 1 100005 1420578182643
24773493 1 100005 1420578182643
12273252 1 100008 1420578182643
22990521 1 100003 1420578182643
19934731 1 100001 1420578182643
36767344 1 100001 1420578242643
19964088 1 100005 1420578242643
12273252 1 100008 1420578242643
73417273 2 100006 1420578302643
25368027 1 100064 1420578362643
73417273 1 100006 1420578362643
23624581 1 100004 1420578362643
8861752 1 100003 1420578362643
321470779 1 100007 1420578422643
25368027 1 100064 1420578422643
12273252 1 100012 1420578422643
8861752 1 100003 1420578422643
131003396 1 100003 1420578482643
321470779 1 100007 1420578482643
73417273 1 100006 1420578482643
12273252 1 100012 1420578482643
15445129 1 100005 1420578482643
18964685 1 100004 1420578482643
8861752 1 100003 1420578482643
131003396 1 100003 1420578542643
24773493 1 100005 1420578542643
74578857 1 100004 1420578542643
12273252 1 100012 1420578542643
15445129 1 100005 1420578542643
8861752 1 100003 1420578542643
316053072 1 100043 1420578602643
24773493 1 100005 1420578602643
12273252 1 100012 1420578602643
92791146 2 100002 1420578602643
263131563 1 100003 1420578662643
316053072 1 100043 1420578662643
73417273 2 100006 1420578662643
92791146 1 100002 1420578662643
8861752 1 100002 1420578662643
25368027 1 100064 1420578722643
73417273 1 100006 1420578722643
12273252 1 100012 1420578722643
92791146 1 100002 1420578722643
28516164 1 100001 1420578722643
8861752 1 100002 1420578722643
28516164 1 100001 1420578782643
24206345 1 100004 1420578782643
92791146 1 100002 1420578842643
24773493 1 100005 1420578842643
824157 1 100001 1420578842643
25368027 1 100064 1420578842643
388784593 1 100004 1420578842643
24773493 1 100011 1420578902643
824157 1 100001 1420578902643
12273252 1 100012 1420578902643
92791146 1 100002 1420578902643
388784593 1 100004 1420578902643
92791146 1 100002 1420578962643
73417273 1 100006 1420578962643
12273252 2 100012 1420578962643
25368027 1 100071 1420579022643
73417273 1 100006 1420579022643
12273252 1 100012 1420579022643
818340 1 100003 1420579022643
92791146 1 100002 1420579022643
8861752 1 100002 1420579022643
104291835 1 100034 1420579082643
824157 1 100001 1420579082643
25368027 1 100071 1420579082643
73417273 1 100006 1420579082643
818340 1 100003 1420579082643
384940104 2 100019 1420579082643
73417273 1 100006 1420579142643
384940104 1 100027 1420579142643
8861752 1 100001 1420579142643
384940104 1 100027 1420579202643
8861752 1 100001 1420579202643
174890917 1 100008 1420579262643
12273252 1 100012 1420579262643
8861752 1 100001 1420579262643
17698956 1 100001 1420579322643
174890917 1 100008 1420579322643
12273252 1 100016 1420579322643
10069612 1 100004 1420579322643
8861752 1 100001 1420579322643
17698956 1 100003 1420579382643
49437246 1 100018 1420579382643
89787221 2 100007 1420579382643
10069612 1 100004 1420579382643
174890917 1 100008 1420579442643
104291835 1 100010 1420579442643
89787221 2 100007 1420579442643
25368027 1 100071 1420579442643
12273252 1 100016 1420579442643
22990521 1 100003 1420579442643
10069612 2 100004 1420579442643
384940104 1 100027 1420579442643
8861752 1 100001 1420579442643
174890917 2 100008 1420579502643
104291835 1 100018 1420579502643
89787221 2 100007 1420579502643
25368027 1 100050 1420579502643
12273252 2 100016 1420579502643
22990521 1 100003 1420579502643
8861752 2 100001 1420579502643
174890917 2 100008 1420579562643
89787221 2 100007 1420579562643
12273252 2 100016 1420579562643
8861752 1 100001 1420579562643
174890917 2 100008 1420579622643
89787221 1 100007 1420579622643
12273252 2 100016 1420579622643
349227445 1 100005 1420579622643
8861752 1 100002 1420579622643
174890917 2 100008 1420579682643
24773493 1 100011 1420579682643
12273252 1 100016 1420579682643
8861752 2 100002 1420579682643
174890917 1 100008 1420579742643
24773493 1 100011 1420579742643
89787221 2 100007 1420579742643
8861752 2 100002 1420579742643
87290802 1 100015 1420579802643
174890917 2 100008 1420579802643
89787221 1 100007 1420579802643
24773493 2 100011 1420579802643
15907716 1 100002 1420579802643
8861752 2 100002 1420579802643
87290802 1 100015 1420579862643
174890917 2 100008 1420579862643
24773493 1 100011 1420579862643
89787221 1 100007 1420579862643
17145499 1 100012 1420579862643
12273252 1 100016 1420579862643
349227445 1 100005 1420579862643
8861752 2 100002 1420579862643
174890917 1 100008 1420579922643
89787221 1 100007 1420579922643
24773493 1 100011 1420579922643
349227445 1 100005 1420579922643
8861752 1 100002 1420579922643
24773493 1 100011 1420579982643
89787221 1 100007 1420579982643
10069612 2 100004 1420579982643
555359654 1 100018 1420579982643
394078527 1 100001 1420580042643
174890917 1 100008 1420580042643
89787221 1 100007 1420580042643
12273252 2 100016 1420580042643
10069612 1 100004 1420580042643
24206345 1 100004 1420580042643
8861752 1 100002 1420580042643
394078527 1 100001 1420580102643
174890917 1 100008 1420580102643
89787221 1 100007 1420580102643
12273252 1 100016 1420580102643
92791146 1 100002 1420580102643
24206345 1 100004 1420580102643
8861752 2 100002 1420580102643
89787221 1 100007 1420580162643
74578857 1 100014 1420580162643
34541677 1 100006 1420580162643
22990521 1 100003 1420580162643
92791146 1 100002 1420580162643
10069612 1 100004 1420580162643
20096207 1 100012 1420580162643
8861752 2 100002 1420580162643
394078527 1 100001 1420580222643
89787221 1 100007 1420580222643
74578857 1 100014 1420580222643
34541677 1 100006 1420580222643
22990521 1 100003 1420580222643
8861752 1 100003 1420580222643
394078527 1 100001 1420580282643
24773493 1 100017 1420580282643
34541677 1 100006 1420580282643
8861752 1 100003 1420580282643
174890917 2 100008 1420580342643
24773493 1 100017 1420580342643
89787221 1 100007 1420580342643
17896885 1 100007 1420580342643
384940104 1 100011 1420580342643
174890917 2 100008 1420580402643
89787221 2 100007 1420580402643
1581203119 1 100001 1420580402643
15601977 1 100001 1420580402643
25368027 1 100022 1420580402643
34541677 1 100006 1420580402643
17896885 1 100007 1420580402643
384940104 1 100011 1420580402643
174890917 2 100008 1420580462643
104291835 1 100042 1420580462643
89787221 1 100007 1420580462643
24773493 1 100017 1420580462643
1581203119 1 100001 1420580462643
15601977 1 100001 1420580462643
25368027 2 100015 1420580462643
34541677 2 100006 1420580462643
394078527 1 100001 1420580522643
174890917 1 100008 1420580522643
104291835 1 100042 1420580522643
24773493 1 100017 1420580522643
25368027 1 100015 1420580522643
387220815 1 100019 1420580522643
12273252 1 100012 1420580522643
34541677 1 100006 1420580522643
17047743 1 100010 1420580522643
394078527 1 100001 1420580582643
89787221 1 100007 1420580582643
15601977 2 100001 1420580582643
387220815 2 100019 1420580582643
12273252 1 100012 1420580582643
17047743 1 100010 1420580582643
19934731 1 100007 1420580582643
387220815 2 100019 1420580642643
12273252 1 100012 1420580642643
24206345 1 100004 1420580642643
19934731 1 100007 1420580642643
174890917 1 100008 1420580702643
21104725 1 100007 1420580702643
387220815 1 100027 1420580702643
12273252 1 100012 1420580702643
10069612 1 100004 1420580702643
174890917 1 100015 1420580762643
10069612 1 100004 1420580762643
104291835 1 100018 1420580822643
24773493 1 100017 1420580822643
74578857 1 100014 1420580822643
12273252 1 100012 1420580822643
34541677 1 100015 1420580822643
19934731 1 100007 1420580822643
24773493 1 100017 1420580882643
89787221 1 100014 1420580882643
12273252 2 100012 1420580882643
34541677 1 100015 1420580882643
92791146 1 100002 1420580882643
89787221 1 100014 1420580942643
12273252 1 100012 1420580942643
202777395 1 100004 1420580942643
92791146 1 100002 1420580942643
10069612 1 100004 1420580942643
19934731 1 100007 1420580942643
8861752 1 100002 1420580942643
89787221 1 100014 1420581002643
12273252 2 100012 1420581002643
34541677 1 100015 1420581002643
202777395 2 100004 1420581002643
92791146 1 100002 1420581002643
10069612 1 100004 1420581002643
19934731 2 100007 1420581002643
8861752 2 100002 1420581002643
12273252 1 100012 1420581062643
34541677 2 100015 1420581062643
202777395 1 100004 1420581062643
92791146 1 100002 1420581062643
19934731 2 100007 1420581062643
8861752 1 100002 1420581062643
12273252 1 100012 1420581122643
34541677 1 100015 1420581122643
92791146 1 100002 1420581122643
19934731 1 100013 1420581122643
17698956 1 100001 1420581182643
12273252 1 100012 1420581182643
92791146 1 100002 1420581182643
19934731 1 100013 1420581182643
17698956 1 100001 1420581242643
25368027 1 100001 1420581242643
202777395 1 100004 1420581242643
23624581 1 100004 1420581242643
19934731 1 100013 1420581242643
25368027 1 100001 1420581302643
202777395 1 100004 1420581302643
19934731 1 100013 1420581302643
24773493 1 100023 1420581362643
12273252 2 100008 1420581362643
34541677 1 100015 1420581362643
49437246 1 100028 1420581422643
24773493 1 100023 1420581422643
12273252 1 100008 1420581422643
34541677 1 100024 1420581422643
26207922 1 100002 1420581422643
818340 1 100003 1420581482643
49437246 1 100028 1420581482643
23624581 1 100004 1420581482643
24773493 1 100023 1420581482643
26207922 1 100002 1420581482643
104291835 1 100010 1420581542643
24773493 1 100023 1420581542643
89787221 1 100007 1420581542643
818340 1 100003 1420581542643
23624581 1 100004 1420581542643
174890917 1 100022 1420581602643
104291835 1 100002 1420581602643
89787221 2 100007 1420581602643
1581203119 1 100001 1420581602643
17896885 1 100004 1420581602643
10069612 1 100004 1420581602643
263131563 1 100008 1420581662643
174890917 1 100022 1420581662643
89787221 1 100007 1420581662643
1581203119 1 100001 1420581662643
34541677 2 100024 1420581662643
17896885 1 100004 1420581662643
10069612 1 100004 1420581662643
289794552 1 100001 1420581662643
263131563 1 100008 1420581722643
24773493 1 100023 1420581722643
193232854 1 100006 1420581722643
34541677 1 100024 1420581722643
17698956 1 100001 1420581782643
131003396 1 100003 1420581782643
24773493 2 100023 1420581782643
193232854 1 100006 1420581782643
34541677 1 100024 1420581782643
8861752 1 100002 1420581782643
131003396 1 100003 1420581842643
24773493 2 100023 1420581842643
89787221 1 100007 1420581842643
1581203119 1 100007 1420581842643
25368027 1 100022 1420581842643
34541677 1 100024 1420581842643
879521 1 100002 1420581842643
8861752 1 100002 1420581842643
104291835 1 100002 1420581902643
24773493 1 100023 1420581902643
89787221 1 100007 1420581902643
1581203119 1 100007 1420581902643
25368027 1 100022 1420581902643
34541677 1 100024 1420581902643
104291835 1 100010 1420581962643
89787221 1 100007 1420581962643
24773493 1 100023 1420581962643
34541677 1 100024 1420581962643
316053072 1 100067 1420582022643
89787221 1 100007 1420582022643
24773493 2 100023 1420582022643
74578857 1 100009 1420582022643
25368027 1 100029 1420582022643
18964685 1 100004 1420582022643
316053072 1 100073 1420582082643
24773493 2 100023 1420582082643
89787221 2 100007 1420582082643
25368027 1 100029 1420582082643
104291835 1 100002 1420582142643
89787221 1 100007 1420582142643
24773493 2 100023 1420582142643
34541677 1 100024 1420582142643
8861752 1 100002 1420582142643
394078527 1 100001 1420582202643
104291835 1 100010 1420582202643
24773493 2 100023 1420582202643
89787221 1 100007 1420582202643
34541677 1 100024 1420582202643
19934731 1 100007 1420582202643
8861752 1 100001 1420582202643
394078527 1 100001 1420582262643
104291835 1 100010 1420582262643
24773493 1 100023 1420582262643
89787221 1 100007 1420582262643
193232854 1 100002 1420582262643
25368027 1 100036 1420582262643
34541677 1 100024 1420582262643
19934731 2 100007 1420582262643
394078527 1 100001 1420582322643
17698956 1 100003 1420582322643
24773493 1 100023 1420582322643
193232854 2 100002 1420582322643
21104725 1 100011 1420582322643
25368027 2 100036 1420582322643
34541677 1 100024 1420582322643
10069612 1 100004 1420582322643
19934731 1 100007 1420582322643
17698956 2 100003 1420582382643
174890917 1 100022 1420582382643
104291835 1 100018 1420582382643
24773493 1 100023 1420582382643
193232854 1 100002 1420582382643
25368027 1 100029 1420582382643
12273252 1 100004 1420582382643
34541677 2 100024 1420582382643
22990521 1 100003 1420582382643
17698956 2 100003 1420582442643
174890917 1 100022 1420582442643
89787221 1 100007 1420582442643
193232854 1 100002 1420582442643
12273252 1 100004 1420582442643
34541677 2 100033 1420582442643
22990521 1 100003 1420582442643
10069612 1 100004 1420582442643
19934731 2 100007 1420582442643
17698956 2 100003 1420582502643
131003396 1 100001 1420582502643
89787221 1 100007 1420582502643
193232854 1 100002 1420582502643
25368027 1 100029 1420582502643
34541677 2 100033 1420582502643
10069612 1 100004 1420582502643
19934731 2 100007 1420582502643
17698956 1 100003 1420582562643
89787221 1 100014 1420582562643
193232854 1 100002 1420582562643
25368027 2 100036 1420582562643
34541677 2 100033 1420582562643
19934731 1 100007 1420582562643
512403075 1 100002 1420582622643
89787221 1 100014 1420582622643
24773493 1 100023 1420582622643
1581203119 1 100007 1420582622643
193232854 2 100002 1420582622643
25368027 1 100036 1420582622643
12273252 1 100004 1420582622643
34541677 2 100033 1420582622643
15445129 1 100001 1420582622643
8861752 1 100001 1420582622643
17698956 2 100003 1420582682643
394078527 1 100001 1420582682643
24773493 2 100023 1420582682643
1581203119 1 100007 1420582682643
193232854 1 100002 1420582682643
34541677 2 100033 1420582682643
15445129 1 100001 1420582682643
202777395 1 100004 1420582682643
8861752 1 100001 1420582682643
17698956 2 100003 1420582742643
394078527 1 100001 1420582742643
49437246 1 100023 1420582742643
24773493 2 100023 1420582742643
193232854 1 100002 1420582742643
166715703 1 100006 1420582742643
12273252 1 100004 1420582742643
34541677 2 100033 1420582742643
24206345 2 100025 1420582742643
17698956 2 100003 1420582802643
49437246 1 100023 1420582802643
24773493 2 100017 1420582802643
89787221 1 100014 1420582802643
193232854 1 100002 1420582802643
12273252 1 100004 1420582802643
34541677 2 100033 1420582802643
24206345 1 100025 1420582802643
17698956 1 100003 1420582862643
89787221 1 100014 1420582862643
24773493 2 100017 1420582862643
193232854 1 100002 1420582862643
15601977 1 100001 1420582862643
34541677 2 100033 1420582862643
22990521 1 100003 1420582862643
21986815 1 100003 1420582862643
8861752 1 100001 1420582862643
17698956 1 100003 1420582922643
174890917 1 100022 1420582922643
24773493 1 100017 1420582922643
193232854 1 100002 1420582922643
15601977 1 100001 1420582922643
25368027 1 100029 1420582922643
34541677 2 100033 1420582922643
349227445 1 100005 1420582922643
21986815 1 100003 1420582922643
20096207 1 100006 1420582922643
17698956 2 100003 1420582982643
174890917 1 100015 1420582982643
24773493 2 100017 1420582982643
17145499 1 100008 1420582982643
34541677 1 100042 1420582982643
349227445 1 100005 1420582982643
20096207 1 100009 1420582982643
17698956 1 100003 1420583042643
49437246 1 100023 1420583042643
24773493 1 100017 1420583042643
17145499 1 100008 1420583042643
12273252 2 100004 1420583042643
34541677 1 100042 1420583042643
199358175 1 100005 1420583042643
17698956 1 100003 1420583102643
104291835 1 100002 1420583102643
49437246 1 100023 1420583102643
12273252 2 100004 1420583102643
34541677 1 100042 1420583102643
17810599 1 100003 1420583102643
199358175 1 100005 1420583102643
17698956 2 100003 1420583162643
49437246 1 100023 1420583162643
104291835 1 100002 1420583162643
24773493 1 100017 1420583162643
12273252 1 100004 1420583162643
34541677 1 100042 1420583162643
384940104 1 100003 1420583162643
17698956 2 100003 1420583222643
49437246 1 100023 1420583222643
2200632505 1 100002 1420583222643
34541677 2 100042 1420583222643
17698956 2 100003 1420583282643
49437246 1 100023 1420583282643
2200632505 1 100002 1420583282643
34541677 1 100042 1420583282643
17698956 2 100003 1420583342643
24773493 1 100017 1420583342643
15601977 1 100005 1420583342643
12273252 1 100004 1420583342643
34541677 1 100042 1420583342643
15907716 1 100001 1420583342643
384940104 1 100003 1420583342643
8861752 1 100001 1420583342643
17698956 1 100003 1420583402643
49437246 2 100023 1420583402643
24773493 1 100017 1420583402643
193232854 1 100006 1420583402643
15601977 2 100005 1420583402643
12273252 1 100004 1420583402643
34541677 1 100042 1420583402643
49437246 1 100023 1420583462643
104291835 1 100010 1420583462643
15601977 1 100001 1420583462643
12273252 1 100004 1420583462643
34541677 1 100042 1420583462643
92791146 1 100004 1420583462643
