12273252 2 100010 1420574522643 1.0027394 1
7867072 2 100000 1420574522643 1.002639 2
140080129 2 99999 1420574522643 1.002629 3
104227735 2 99997 1420574522643 1.002609 4
89787221 2 99995 1420574522643 1.0025889 5
326821147 2 99995 1420574522643 1.0025889 6
20096207 1 100020 1420574522643 0.90283966 7
8312862 1 100008 1420574522643 0.9027192 8
226606138 1 100006 1420574522643 0.9026991 9
17698956 1 100003 1420574522643 0.9026691 10
12273252 2 100010 1420574582643 1.0027394 1
7867072 2 100000 1420574582643 1.002639 2
89787221 2 99995 1420574582643 1.0025889 3
15111389 2 99989 1420574582643 1.0025285 4
17472921 1 100067 1420574582643 0.9033113 5
27091328 1 100029 1420574582643 0.90293 6
20096207 1 100020 1420574582643 0.90283966 7
107654081 1 100019 1420574582643 0.9028296 8
5146511 1 100012 1420574582643 0.90275943 9
8312862 1 100008 1420574582643 0.9027192 10
27091328 2 100027 1420574642643 1.0029099 1
12273252 2 100010 1420574642643 1.0027394 2
7867072 2 100000 1420574642643 1.002639 3
89787221 2 99995 1420574642643 1.0025889 4
12413892 2 99989 1420574642643 1.0025285 5
17472921 1 100074 1420574642643 0.90338147 6
107654081 1 100019 1420574642643 0.9028296 7
395194959 1 100014 1420574642643 0.9027795 8
5146511 1 100012 1420574642643 0.90275943 9
1051313198 1 100002 1420574642643 0.902659 10
27091328 2 100027 1420574702643 1.0029099 1
976147104 2 100000 1420574702643 1.002639 2
7867072 2 100000 1420574702643 1.002639 3
89787221 2 99995 1420574702643 1.0025889 4
12273252 1 100010 1420574702643 0.90273935 5
17698956 1 100003 1420574702643 0.9026691 6
23779501 1 100003 1420574702643 0.9026691 7
45710831 1 100003 1420574702643 0.9026691 8
1051313198 1 100002 1420574702643 0.902659 9
11178672 1 100002 1420574702643 0.902659 10
27091328 2 100025 1420574762643 1.0028899 1
17698956 2 100003 1420574762643 1.0026691 2
11178672 2 100002 1420574762643 1.0026591 3
7867072 2 100000 1420574762643 1.002639 4
89787221 2 99995 1420574762643 1.0025889 5
17472921 1 100067 1420574762643 0.9033113 6
128044351 1 100015 1420574762643 0.9027895 7
12273252 1 100010 1420574762643 0.90273935 8
38702668 1 100003 1420574762643 0.9026691 9
23779501 1 100003 1420574762643 0.9026691 10
27091328 2 100025 1420574822643 1.0028899 1
38702668 2 100003 1420574822643 1.0026691 2
11178672 2 100002 1420574822643 1.0026591 3
7867072 2 100000 1420574822643 1.002639 4
89787221 2 99995 1420574822643 1.0025889 5
259637983 1 100038 1420574822643 0.90302026 6
61733092 1 100025 1420574822643 0.9028898 7
12273252 1 100010 1420574822643 0.90273935 8
309220197 1 100009 1420574822643 0.9027293 9
17698956 1 100003 1420574822643 0.9026691 10
27091328 2 100025 1420574882643 1.0028899 1
12273252 2 100010 1420574882643 1.0027394 2
11178672 2 100002 1420574882643 1.0026591 3
7867072 2 100000 1420574882643 1.002639 4
21842357 2 99969 1420574882643 1.0023279 5
259637983 1 100038 1420574882643 0.90302026 6
38702668 1 100003 1420574882643 0.9026691 7
976147104 1 100000 1420574882643 0.902639 8
140080129 1 99999 1420574882643 0.90262896 9
818340 1 99999 1420574882643 0.90262896 10
12273252 2 100010 1420574942643 1.0027394 1
976147104 2 100000 1420574942643 1.002639 2
7867072 2 100000 1420574942643 1.002639 3
174890917 2 99990 1420574942643 1.0025387 4
21842357 2 99974 1420574942643 1.0023782 5
17070252 2 99954 1420574942643 1.0021775 6
14845376 1 100039 1420574942643 0.90303034 7
27091328 1 100025 1420574942643 0.9028898 8
38702668 1 100003 1420574942643 0.9026691 9
11178672 1 100002 1420574942643 0.902659 10
7867072 2 100000 1420575002643 1.002639 1
174890917 2 99990 1420575002643 1.0025387 2
27091328 1 100017 1420575002643 0.90280956 3
12273252 1 100010 1420575002643 0.90273935 4
976147104 1 100000 1420575002643 0.902639 5
186222238 1 99999 1420575002643 0.90262896 6
140080129 1 99999 1420575002643 0.90262896 7
1618007706 1 99998 1420575002643 0.9026189 8
15601977 1 99996 1420575002643 0.9025988 9
89787221 1 99995 1420575002643 0.90258884 10
27091328 2 100017 1420575062643 1.0028095 1
12273252 2 100010 1420575062643 1.0027394 2
7867072 2 100000 1420575062643 1.002639 3
89787221 2 99995 1420575062643 1.0025889 4
174890917 2 99990 1420575062643 1.0025387 5
1381345892 2 99982 1420575062643 1.0024583 6
174083824 1 100068 1420575062643 0.9033213 7
1051313198 1 100002 1420575062643 0.902659 8
21986815 1 100002 1420575062643 0.902659 9
8861752 1 99998 1420575062643 0.9026189 10
27091328 2 100017 1420575122643 1.0028095 1
1051313198 2 100002 1420575122643 1.0026591 2
11178672 2 100002 1420575122643 1.0026591 3
186222238 2 99999 1420575122643 1.002629 4
8861752 2 99998 1420575122643 1.0026189 5
89787221 2 99995 1420575122643 1.0025889 6
1381345892 2 99982 1420575122643 1.0024583 7
174083824 1 100068 1420575122643 0.9033213 8
12794362 1 100013 1420575122643 0.9027694 9
16220541 1 100010 1420575122643 0.90273935 10
140080129 2 99999 1420575182643 1.002629 1
89787221 2 99995 1420575182643 1.0025889 2
12413892 2 99989 1420575182643 1.0025285 3
27091328 1 100017 1420575182643 0.90280956 4
12273252 1 100010 1420575182643 0.90273935 5
25870048 1 100007 1420575182643 0.90270925 6
202777395 1 100004 1420575182643 0.9026791 7
1051313198 1 100002 1420575182643 0.902659 8
11178672 1 100002 1420575182643 0.902659 9
27103822 1 100000 1420575182643 0.902639 10
140080129 2 99999 1420575242643 1.002629 1
89787221 2 99995 1420575242643 1.0025889 2
12413892 2 99989 1420575242643 1.0025285 3
17472921 1 100039 1420575242643 0.90303034 4
27091328 1 100017 1420575242643 0.90280956 5
12273252 1 100010 1420575242643 0.90273935 6
55252152 1 100006 1420575242643 0.9026991 7
202777395 1 100004 1420575242643 0.9026791 8
17604456 1 100002 1420575242643 0.902659 9
21986815 1 100002 1420575242643 0.902659 10
17604456 2 100002 1420575302643 1.0026591 1
174890917 2 99990 1420575302643 1.0025387 2
12413892 2 99989 1420575302643 1.0025285 3
17070252 2 99954 1420575302643 1.0021775 4
27091328 1 100017 1420575302643 0.90280956 5
12273252 1 100010 1420575302643 0.90273935 6
23742474 1 100007 1420575302643 0.90270925 7
11178672 1 100002 1420575302643 0.902659 8
21986815 1 100002 1420575302643 0.902659 9
140080129 1 99999 1420575302643 0.90262896 10
12273252 2 100010 1420575362643 1.0027394 1
17604456 2 100002 1420575362643 1.0026591 2
7867072 2 100000 1420575362643 1.002639 3
1381345892 2 99982 1420575362643 1.0024583 4
17070252 2 99954 1420575362643 1.0021775 5
17472921 1 100039 1420575362643 0.90303034 6
8312862 1 100008 1420575362643 0.9027192 7
23742474 1 100007 1420575362643 0.90270925 8
10069612 1 100003 1420575362643 0.9026691 9
11178672 1 100002 1420575362643 0.902659 10
202777395 2 100004 1420575422643 1.0026791 1
140080129 2 99999 1420575422643 1.002629 2
1618007706 2 99998 1420575422643 1.0026189 3
20745130 2 99995 1420575422643 1.0025889 4
17070252 2 99954 1420575422643 1.0021775 5
14845376 1 100039 1420575422643 0.90303034 6
16220541 1 100010 1420575422643 0.90273935 7
12273252 1 100010 1420575422643 0.90273935 8
309220197 1 100009 1420575422643 0.9027293 9
23742474 1 100007 1420575422643 0.90270925 10
140080129 2 99999 1420575482643 1.002629 1
89787221 2 99995 1420575482643 1.0025889 2
174890917 2 99990 1420575482643 1.0025387 3
17070252 2 99945 1420575482643 1.0020871 4
27091328 1 100017 1420575482643 0.90280956 5
16220541 1 100010 1420575482643 0.90273935 6
309220197 1 100009 1420575482643 0.9027293 7
23742474 1 100007 1420575482643 0.90270925 8
202777395 1 100004 1420575482643 0.9026791 9
11178672 1 100002 1420575482643 0.902659 10
7867072 2 100001 1420575542643 1.0026491 1
140080129 2 99997 1420575542643 1.002609 2
89787221 2 99995 1420575542643 1.0025889 3
174890917 2 99990 1420575542643 1.0025387 4
12273252 1 100010 1420575542643 0.90273935 5
27091328 1 100009 1420575542643 0.9027293 6
21986815 1 100002 1420575542643 0.902659 7
1618007706 1 99998 1420575542643 0.9026189 8
19200736 1 99997 1420575542643 0.90260893 9
234484328 1 99997 1420575542643 0.90260893 10
140080129 2 99997 1420575602643 1.002609 1
89787221 2 99995 1420575602643 1.0025889 2
189107456 2 99984 1420575602643 1.0024785 3
12273252 1 100010 1420575602643 0.90273935 4
27091328 1 100009 1420575602643 0.9027293 5
14787749 1 100007 1420575602643 0.90270925 6
10069612 1 100003 1420575602643 0.9026691 7
7867072 1 100001 1420575602643 0.90264904 8
50023090 1 100000 1420575602643 0.902639 9
25368027 1 99998 1420575602643 0.9026189 10
140080129 2 99997 1420575662643 1.002609 1
89787221 2 99995 1420575662643 1.0025889 2
326821147 2 99995 1420575662643 1.0025889 3
259637983 1 100038 1420575662643 0.90302026 4
12273252 1 100010 1420575662643 0.90273935 5
309220197 1 100009 1420575662643 0.9027293 6
27091328 1 100009 1420575662643 0.9027293 7
202777395 1 100004 1420575662643 0.9026791 8
17698956 1 100003 1420575662643 0.9026691 9
10069612 1 100003 1420575662643 0.9026691 10
69020299 2 100001 1420575722643 1.0026491 1
21044502 2 99999 1420575722643 1.002629 2
140080129 2 99997 1420575722643 1.002609 3
31634255 1 100047 1420575722643 0.90311056 4
17472921 1 100039 1420575722643 0.90303034 5
14845376 1 100039 1420575722643 0.90303034 6
259637983 1 100038 1420575722643 0.90302026 7
12273252 1 100010 1420575722643 0.90273935 8
309220197 1 100009 1420575722643 0.9027293 9
27091328 1 100009 1420575722643 0.9027293 10
11178672 2 100002 1420575782643 1.0026591 1
69020299 2 100001 1420575782643 1.0026491 2
140080129 2 99997 1420575782643 1.002609 3
89787221 2 99995 1420575782643 1.0025889 4
31634255 1 100047 1420575782643 0.90311056 5
15787325 1 100022 1420575782643 0.90285975 6
14745100 1 100022 1420575782643 0.90285975 7
16220541 1 100010 1420575782643 0.90273935 8
12273252 1 100010 1420575782643 0.90273935 9
27091328 1 100009 1420575782643 0.9027293 10
27091328 2 100009 1420575842643 1.0027293 1
69020299 2 100001 1420575842643 1.0026491 2
140080129 2 99997 1420575842643 1.002609 3
15601977 2 99996 1420575842643 1.0025988 4
14845376 1 100039 1420575842643 0.90303034 5
14745100 1 100022 1420575842643 0.90285975 6
35947725 1 100015 1420575842643 0.9027895 7
12273252 1 100010 1420575842643 0.90273935 8
202777395 1 100004 1420575842643 0.9026791 9
11178672 1 100002 1420575842643 0.902659 10
21986815 2 100002 1420575902643 1.0026591 1
69020299 2 100001 1420575902643 1.0026491 2
7867072 2 100001 1420575902643 1.0026491 3
140080129 2 99997 1420575902643 1.002609 4
19274498 1 100049 1420575902643 0.90313065 5
14845376 1 100039 1420575902643 0.90303034 6
35947725 1 100015 1420575902643 0.9027895 7
17348724 1 100013 1420575902643 0.9027694 8
12273252 1 100010 1420575902643 0.90273935 9
27091328 1 100009 1420575902643 0.9027293 10
11178672 2 100002 1420575962643 1.0026591 1
69020299 2 100001 1420575962643 1.0026491 2
140080129 2 99997 1420575962643 1.002609 3
17348724 1 100013 1420575962643 0.9027694 4
12273252 1 100010 1420575962643 0.90273935 5
27091328 1 100009 1420575962643 0.9027293 6
275665487 1 100008 1420575962643 0.9027192 7
388784593 1 100006 1420575962643 0.9026991 8
17698956 1 100003 1420575962643 0.9026691 9
21986815 1 100002 1420575962643 0.902659 10
12273252 2 100010 1420576022643 1.0027394 1
17698956 2 100003 1420576022643 1.0026691 2
69020299 2 100001 1420576022643 1.0026491 3
140080129 2 99997 1420576022643 1.002609 4
15601977 2 99996 1420576022643 1.0025988 5
14845376 1 100039 1420576022643 0.90303034 6
8312862 1 100020 1420576022643 0.90283966 7
27091328 1 100009 1420576022643 0.9027293 8
275665487 1 100008 1420576022643 0.9027192 9
202777395 1 100004 1420576022643 0.9026791 10
202777395 2 100004 1420576082643 1.0026791 1
69020299 2 100001 1420576082643 1.0026491 2
140080129 2 99997 1420576082643 1.002609 3
15601977 2 99996 1420576082643 1.0025988 4
14845376 1 100039 1420576082643 0.90303034 5
16785615 1 100015 1420576082643 0.9027895 6
12273252 1 100010 1420576082643 0.90273935 7
27091328 1 100009 1420576082643 0.9027293 8
275665487 1 100008 1420576082643 0.9027192 9
17698956 1 100003 1420576082643 0.9026691 10
12273252 2 100010 1420576142643 1.0027394 1
17698956 2 100003 1420576142643 1.0026691 2
69020299 2 100001 1420576142643 1.0026491 3
7867072 2 100001 1420576142643 1.0026491 4
140080129 2 99997 1420576142643 1.002609 5
174890917 2 99990 1420576142643 1.0025387 6
12413892 2 99989 1420576142643 1.0025285 7
1381345892 2 99982 1420576142643 1.0024583 8
16785615 1 100015 1420576142643 0.9027895 9
203020760 1 100013 1420576142643 0.9027694 10
12273252 2 100010 1420576202643 1.0027394 1
27091328 2 100009 1420576202643 1.0027293 2
17698956 2 100003 1420576202643 1.0026691 3
69020299 2 100001 1420576202643 1.0026491 4
7867072 2 100001 1420576202643 1.0026491 5
15601977 2 99996 1420576202643 1.0025988 6
203020760 1 100013 1420576202643 0.9027694 7
123576946 1 100008 1420576202643 0.9027192 8
45710831 1 100003 1420576202643 0.9026691 9
1051313198 1 100002 1420576202643 0.902659 10
14845376 2 100039 1420576262643 1.0030303 1
27091328 2 100009 1420576262643 1.0027293 2
15601977 2 99996 1420576262643 1.0025988 3
12413892 2 99989 1420576262643 1.0025285 4
15856366 2 99978 1420576262643 1.0024183 5
8312862 1 100020 1420576262643 0.90283966 6
20096207 1 100011 1420576262643 0.90274936 7
12273252 1 100010 1420576262643 0.90273935 8
23742474 1 100007 1420576262643 0.90270925 9
40996128 1 100005 1420576262643 0.90268916 10
69020299 2 100001 1420576322643 1.0026491 1
12413892 2 99989 1420576322643 1.0025285 2
14845376 1 100039 1420576322643 0.90303034 3
20096207 1 100011 1420576322643 0.90274936 4
12273252 1 100010 1420576322643 0.90273935 5
27091328 1 100009 1420576322643 0.9027293 6
23742474 1 100007 1420576322643 0.90270925 7
40996128 1 100005 1420576322643 0.90268916 8
17698956 1 100003 1420576322643 0.9026691 9
818340 1 100001 1420576322643 0.90264904 10
17698956 2 100003 1420576382643 1.0026691 1
12413892 2 99989 1420576382643 1.0025285 2
8312862 1 100020 1420576382643 0.90283966 3
44426926 1 100018 1420576382643 0.90281963 4
38702668 1 100003 1420576382643 0.9026691 5
69020299 1 100001 1420576382643 0.90264904 6
7867072 1 100001 1420576382643 0.90264904 7
193232854 1 100000 1420576382643 0.902639 8
2200632505 1 99999 1420576382643 0.90262896 9
166715703 1 99999 1420576382643 0.90262896 10
44426926 2 100018 1420576442643 1.0028197 1
487535749 2 99991 1420576442643 1.0025487 2
12413892 2 99989 1420576442643 1.0025285 3
14845376 1 100039 1420576442643 0.90303034 4
2200632505 1 100011 1420576442643 0.90274936 5
15646547 1 100006 1420576442643 0.9026991 6
17698956 1 100003 1420576442643 0.9026691 7
199358175 1 100002 1420576442643 0.902659 8
69020299 1 100001 1420576442643 0.90264904 9
7867072 1 100001 1420576442643 0.90264904 10
17698956 2 100003 1420576502643 1.0026691 1
69020299 2 100001 1420576502643 1.0026491 2
8861752 2 99998 1420576502643 1.0026189 3
140080129 2 99997 1420576502643 1.002609 4
12413892 2 99989 1420576502643 1.0025285 5
44426926 1 100018 1420576502643 0.90281963 6
27091328 1 100009 1420576502643 0.9027293 7
45710831 1 100003 1420576502643 0.9026691 8
16220541 1 100002 1420576502643 0.902659 9
818340 1 100001 1420576502643 0.90264904 10
309220197 2 100012 1420576562643 1.0027595 1
17698956 2 100003 1420576562643 1.0026691 2
69020299 2 100001 1420576562643 1.0026491 3
818340 2 100001 1420576562643 1.0026491 4
8861752 2 99998 1420576562643 1.0026189 5
12413892 2 99989 1420576562643 1.0025285 6
17348724 1 100013 1420576562643 0.9027694 7
20096207 1 100011 1420576562643 0.90274936 8
12273252 1 100010 1420576562643 0.90273935 9
45710831 1 100003 1420576562643 0.9026691 10
69020299 2 100001 1420576622643 1.0026491 1
8861752 2 99998 1420576622643 1.0026189 2
326821147 2 99995 1420576622643 1.0025889 3
44426926 1 100018 1420576622643 0.90281963 4
309220197 1 100012 1420576622643 0.90275943 5
20096207 1 100011 1420576622643 0.90274936 6
12273252 1 100010 1420576622643 0.90273935 7
27091328 1 100009 1420576622643 0.9027293 8
17698956 1 100003 1420576622643 0.9026691 9
17604456 1 100002 1420576622643 0.902659 10
69020299 2 100001 1420576682643 1.0026491 1
7867072 2 100001 1420576682643 1.0026491 2
19200736 2 99997 1420576682643 1.002609 3
44426926 1 100018 1420576682643 0.90281963 4
12273252 1 100010 1420576682643 0.90273935 5
45710831 1 100003 1420576682643 0.9026691 6
17604456 1 100002 1420576682643 0.902659 7
1618007706 1 99998 1420576682643 0.9026189 8
8861752 1 99998 1420576682643 0.9026189 9
140080129 1 99997 1420576682643 0.90260893 10
17698956 2 100003 1420576742643 1.0026691 1
69020299 2 100001 1420576742643 1.0026491 2
818340 2 100001 1420576742643 1.0026491 3
8861752 2 99998 1420576742643 1.0026189 4
140080129 2 99997 1420576742643 1.002609 5
44426926 1 100018 1420576742643 0.90281963 6
12273252 1 100010 1420576742643 0.90273935 7
1618007706 1 100010 1420576742643 0.90273935 8
40996128 1 100005 1420576742643 0.90268916 9
45710831 1 100003 1420576742643 0.9026691 10
44426926 2 100018 1420576802643 1.0028197 1
17698956 2 100003 1420576802643 1.0026691 2
69020299 2 100001 1420576802643 1.0026491 3
140080129 2 99997 1420576802643 1.002609 4
89787221 2 99995 1420576802643 1.0025889 5
174890917 2 99990 1420576802643 1.0025387 6
61733092 1 100025 1420576802643 0.9028898 7
17348724 1 100013 1420576802643 0.9027694 8
20096207 1 100011 1420576802643 0.90274936 9
12273252 1 100010 1420576802643 0.90273935 10
57333521 2 100032 1420576862643 1.0029601 1
12273252 2 100010 1420576862643 1.0027394 2
7867072 2 100001 1420576862643 1.0026491 3
140080129 2 99997 1420576862643 1.002609 4
89787221 2 99995 1420576862643 1.0025889 5
44426926 1 100018 1420576862643 0.90281963 6
259637983 1 100014 1420576862643 0.9027795 7
17348724 1 100013 1420576862643 0.9027694 8
20096207 1 100011 1420576862643 0.90274936 9
27091328 1 100009 1420576862643 0.9027293 10
57333521 2 100032 1420576922643 1.0029601 1
140080129 2 99997 1420576922643 1.002609 2
49437246 2 99973 1420576922643 1.0023681 3
44426926 1 100018 1420576922643 0.90281963 4
17348724 1 100013 1420576922643 0.9027694 5
12273252 1 100010 1420576922643 0.90273935 6
1618007706 1 100010 1420576922643 0.90273935 7
27091328 1 100009 1420576922643 0.9027293 8
55252152 1 100006 1420576922643 0.9026991 9
10069612 1 100003 1420576922643 0.9026691 10
69020299 2 100001 1420576982643 1.0026491 1
7867072 2 100001 1420576982643 1.0026491 2
89787221 2 99995 1420576982643 1.0025889 3
49437246 2 99973 1420576982643 1.0023681 4
57333521 1 100032 1420576982643 0.90296006 5
44426926 1 100018 1420576982643 0.90281963 6
17348724 1 100013 1420576982643 0.9027694 7
1618007706 1 100010 1420576982643 0.90273935 8
17698956 1 100003 1420576982643 0.9026691 9
10069612 1 100003 1420576982643 0.9026691 10
1618007706 2 100010 1420577042643 1.0027394 1
27091328 2 100009 1420577042643 1.0027293 2
7867072 2 100001 1420577042643 1.0026491 3
174890917 2 99990 1420577042643 1.0025387 4
14845376 1 100039 1420577042643 0.90303034 5
44426926 1 100018 1420577042643 0.90281963 6
12273252 1 100010 1420577042643 0.90273935 7
123576946 1 100008 1420577042643 0.9027192 8
55252152 1 100006 1420577042643 0.9026991 9
188077169 1 100004 1420577042643 0.9026791 10
14845376 2 100039 1420577102643 1.0030303 1
7867072 2 100001 1420577102643 1.0026491 2
8861752 2 99998 1420577102643 1.0026189 3
57333521 1 100032 1420577102643 0.90296006 4
44426926 1 100018 1420577102643 0.90281963 5
1618007706 1 100010 1420577102643 0.90273935 6
27091328 1 100009 1420577102643 0.9027293 7
55252152 1 100006 1420577102643 0.9026991 8
188077169 1 100004 1420577102643 0.9026791 9
17604456 1 100002 1420577102643 0.902659 10
14845376 2 100048 1420577162643 1.0031207 1
175295203 2 100005 1420577162643 1.0026891 2
10069612 2 100003 1420577162643 1.0026691 3
25368027 2 99998 1420577162643 1.0026189 4
57333521 1 100032 1420577162643 0.90296006 5
7867072 1 100001 1420577162643 0.90264904 6
16101657 1 99998 1420577162643 0.9026189 7
8861752 1 99998 1420577162643 0.9026189 8
15601977 1 99996 1420577162643 0.9025988 9
326821147 1 99995 1420577162643 0.90258884 10
14845376 2 100048 1420577222643 1.0031207 1
25368027 2 99998 1420577222643 1.0026189 2
17047743 1 100030 1420577222643 0.90294 3
1618007706 1 100010 1420577222643 0.90273935 4
175295203 1 100005 1420577222643 0.90268916 5
188077169 1 100004 1420577222643 0.9026791 6
17698956 1 100003 1420577222643 0.9026691 7
10069612 1 100003 1420577222643 0.9026691 8
69020299 1 100001 1420577222643 0.90264904 9
7867072 1 100001 1420577222643 0.90264904 10
14845376 2 100048 1420577282643 1.0031207 1
69020299 2 100001 1420577282643 1.0026491 2
25368027 2 99998 1420577282643 1.0026189 3
1381345892 2 99998 1420577282643 1.0026189 4
44426926 1 100018 1420577282643 0.90281963 5
188077169 1 100004 1420577282643 0.9026791 6
17698956 1 100003 1420577282643 0.9026691 7
18360000 1 100003 1420577282643 0.9026691 8
10069612 1 100003 1420577282643 0.9026691 9
7867072 1 100001 1420577282643 0.90264904 10
14845376 2 100048 1420577342643 1.0031207 1
1381345892 2 99998 1420577342643 1.0026189 2
44426926 1 100018 1420577342643 0.90281963 3
1618007706 1 100010 1420577342643 0.90273935 4
27091328 1 100009 1420577342643 0.9027293 5
119538278 1 100006 1420577342643 0.9026991 6
976147104 1 100004 1420577342643 0.9026791 7
10069612 1 100003 1420577342643 0.9026691 8
69020299 1 100001 1420577342643 0.90264904 9
25368027 1 99998 1420577342643 0.9026189 10
14845376 2 100048 1420577402643 1.0031207 1
12273252 2 100006 1420577402643 1.0026991 2
10069612 2 100003 1420577402643 1.0026691 3
226606138 2 99998 1420577402643 1.0026189 4
14745100 1 100014 1420577402643 0.9027795 5
373316165 1 100009 1420577402643 0.9027293 6
203020760 1 100007 1420577402643 0.90270925 7
119538278 1 100006 1420577402643 0.9026991 8
202777395 1 100004 1420577402643 0.9026791 9
45710831 1 100003 1420577402643 0.9026691 10
14845376 2 100048 1420577462643 1.0031207 1
12273252 2 100006 1420577462643 1.0026991 2
8861752 2 99998 1420577462643 1.0026189 3
14745100 1 100014 1420577462643 0.9027795 4
1618007706 1 100010 1420577462643 0.90273935 5
373316165 1 100009 1420577462643 0.9027293 6
203020760 1 100007 1420577462643 0.90270925 7
202777395 1 100004 1420577462643 0.9026791 8
45710831 1 100003 1420577462643 0.9026691 9
10069612 1 100003 1420577462643 0.9026691 10
14845376 2 100048 1420577522643 1.0031207 1
25368027 2 99998 1420577522643 1.0026189 2
309220197 1 100012 1420577522643 0.90275943 3
51220493 1 100006 1420577522643 0.9026991 4
12273252 1 100006 1420577522643 0.9026991 5
40996128 1 100005 1420577522643 0.90268916 6
17698956 1 100003 1420577522643 0.9026691 7
7867072 1 100001 1420577522643 0.90264904 8
512403075 1 100000 1420577522643 0.902639 9
11129062 1 99998 1420577522643 0.9026189 10
14845376 2 100048 1420577582643 1.0031207 1
51220493 2 100006 1420577582643 1.0026991 2
40996128 2 100005 1420577582643 1.0026891 3
10069612 2 100003 1420577582643 1.0026691 4
69020299 2 100001 1420577582643 1.0026491 5
7867072 2 100001 1420577582643 1.0026491 6
15520253 2 99998 1420577582643 1.0026189 7
25368027 2 99998 1420577582643 1.0026189 8
174890917 2 99976 1420577582643 1.0023983 9
44426926 1 100018 1420577582643 0.90281963 10
14845376 2 100048 1420577642643 1.0031207 1
44426926 2 100018 1420577642643 1.0028197 2
25368027 2 99998 1420577642643 1.0026189 3
8861752 2 99998 1420577642643 1.0026189 4
140080129 2 99997 1420577642643 1.002609 5
174890917 2 99976 1420577642643 1.0023983 6
1618007706 1 100010 1420577642643 0.90273935 7
51220493 1 100006 1420577642643 0.9026991 8
40996128 1 100005 1420577642643 0.90268916 9
104227735 1 100004 1420577642643 0.9026791 10
14845376 2 100048 1420577702643 1.0031207 1
1381345892 2 99998 1420577702643 1.0026189 2
140080129 2 99997 1420577702643 1.002609 3
174890917 2 99976 1420577702643 1.0023983 4
20133051 1 100027 1420577702643 0.9029099 5
44426926 1 100018 1420577702643 0.90281963 6
1618007706 1 100010 1420577702643 0.90273935 7
19287097 1 100010 1420577702643 0.90273935 8
27091328 1 100009 1420577702643 0.9027293 9
104227735 1 100004 1420577702643 0.9026791 10
14845376 2 100048 1420577762643 1.0031207 1
7867072 2 100001 1420577762643 1.0026491 2
1381345892 2 99998 1420577762643 1.0026189 3
140080129 2 99997 1420577762643 1.002609 4
174890917 2 99976 1420577762643 1.0023983 5
87290802 1 100036 1420577762643 0.9030002 6
20133051 1 100027 1420577762643 0.9029099 7
8312862 1 100020 1420577762643 0.90283966 8
19205893 1 100011 1420577762643 0.90274936 9
19287097 1 100010 1420577762643 0.90273935 10
14845376 2 100048 1420577822643 1.0031207 1
8312862 2 100020 1420577822643 1.0028397 2
309220197 2 100012 1420577822643 1.0027595 3
7867072 2 100001 1420577822643 1.0026491 4
1381345892 2 99998 1420577822643 1.0026189 5
174890917 2 99976 1420577822643 1.0023983 6
87290802 1 100036 1420577822643 0.9030002 7
44426926 1 100018 1420577822643 0.90281963 8
19205893 1 100011 1420577822643 0.90274936 9
1618007706 1 100010 1420577822643 0.90273935 10
14845376 2 100048 1420577882643 1.0031207 1
8312862 2 100020 1420577882643 1.0028397 2
7867072 2 100001 1420577882643 1.0026491 3
1381345892 2 99998 1420577882643 1.0026189 4
92791146 2 99996 1420577882643 1.0025988 5
174890917 2 99976 1420577882643 1.0023983 6
57333521 1 100032 1420577882643 0.90296006 7
309220197 1 100012 1420577882643 0.90275943 8
51220493 1 100006 1420577882643 0.9026991 9
45710831 1 100003 1420577882643 0.9026691 10
14845376 2 100048 1420577942643 1.0031207 1
18360000 2 100003 1420577942643 1.0026691 2
7867072 2 100001 1420577942643 1.0026491 3
140080129 2 99997 1420577942643 1.002609 4
92791146 2 99996 1420577942643 1.0025988 5
174890917 2 99976 1420577942643 1.0023983 6
57333521 1 100032 1420577942643 0.90296006 7
8312862 1 100020 1420577942643 0.90283966 8
20096207 1 100011 1420577942643 0.90274936 9
17698956 1 100003 1420577942643 0.9026691 10
14845376 2 100048 1420578002643 1.0031207 1
12273252 2 100006 1420578002643 1.0026991 2
10069612 2 100003 1420578002643 1.0026691 3
140080129 2 99997 1420578002643 1.002609 4
14745100 1 100014 1420578002643 0.9027795 5
20096207 1 100011 1420578002643 0.90274936 6
17698956 1 100003 1420578002643 0.9026691 7
18360000 1 100003 1420578002643 0.9026691 8
1051313198 1 100002 1420578002643 0.902659 9
160890393 1 100001 1420578002643 0.90264904 10
14845376 2 100048 1420578062643 1.0031207 1
7867072 2 100001 1420578062643 1.0026491 2
1381345892 2 99998 1420578062643 1.0026189 3
140080129 2 99997 1420578062643 1.002609 4
57333521 1 100032 1420578062643 0.90296006 5
14745100 1 100014 1420578062643 0.9027795 6
12273252 1 100006 1420578062643 0.9026991 7
40996128 1 100005 1420578062643 0.90268916 8
45710831 1 100003 1420578062643 0.9026691 9
10069612 1 100003 1420578062643 0.9026691 10
14845376 2 100048 1420578122643 1.0031207 1
57333521 2 100032 1420578122643 1.0029601 2
1381345892 2 99998 1420578122643 1.0026189 3
19934731 2 99993 1420578122643 1.0025687 4
22948692 2 95480 1420578122643 0.9572843 5
17348724 1 100013 1420578122643 0.9027694 6
16277373 1 100012 1420578122643 0.90275943 7
40996128 1 100005 1420578122643 0.90268916 8
45710831 1 100003 1420578122643 0.9026691 9
10069612 1 100003 1420578122643 0.9026691 10
14845376 2 100048 1420578182643 1.0031207 1
10069612 2 100003 1420578182643 1.0026691 2
7867072 2 100001 1420578182643 1.0026491 3
1381345892 2 99998 1420578182643 1.0026189 4
92791146 2 99996 1420578182643 1.0025988 5
21842357 2 99974 1420578182643 1.0023782 6
22948692 2 95480 1420578182643 0.9572843 7
57333521 1 100032 1420578182643 0.90296006 8
44426926 1 100018 1420578182643 0.90281963 9
17348724 1 100013 1420578182643 0.9027694 10
14845376 2 100048 1420578242643 1.0031207 1
57333521 2 100032 1420578242643 1.0029601 2
10069612 2 100003 1420578242643 1.0026691 3
7867072 2 100001 1420578242643 1.0026491 4
15520253 2 99998 1420578242643 1.0026189 5
22948692 2 95480 1420578242643 0.9572843 6
44426926 1 100018 1420578242643 0.90281963 7
19287097 1 100010 1420578242643 0.90273935 8
1618007706 1 100010 1420578242643 0.90273935 9
27091328 1 100007 1420578242643 0.90270925 10
14845376 2 100048 1420578302643 1.0031207 1
1618007706 2 100010 1420578302643 1.0027394 2
7867072 2 100001 1420578302643 1.0026491 3
22948692 2 95480 1420578302643 0.9572843 4
57333521 1 100032 1420578302643 0.90296006 5
17348724 1 100013 1420578302643 0.9027694 6
27091328 1 100007 1420578302643 0.90270925 7
40996128 1 100005 1420578302643 0.90268916 8
188077169 1 100004 1420578302643 0.9026791 9
10069612 1 100003 1420578302643 0.9026691 10
14845376 2 100048 1420578362643 1.0031207 1
1381345892 2 99998 1420578362643 1.0026189 2
22948692 2 95480 1420578362643 0.9572843 3
57333521 1 100032 1420578362643 0.90296006 4
8312862 1 100020 1420578362643 0.90283966 5
1618007706 1 100010 1420578362643 0.90273935 6
40996128 1 100005 1420578362643 0.90268916 7
188077169 1 100004 1420578362643 0.9026791 8
11178672 1 100002 1420578362643 0.902659 9
8861752 1 100002 1420578362643 0.902659 10
14845376 2 100048 1420578422643 1.0031207 1
57333521 2 100032 1420578422643 1.0029601 2
1381345892 2 99998 1420578422643 1.0026189 3
22948692 2 95480 1420578422643 0.9572843 4
17348724 1 100013 1420578422643 0.9027694 5
309220197 1 100012 1420578422643 0.90275943 6
19205893 1 100011 1420578422643 0.90274936 7
51220493 1 100006 1420578422643 0.9026991 8
12273252 1 100006 1420578422643 0.9026991 9
40996128 1 100005 1420578422643 0.90268916 10
14845376 2 100048 1420578482643 1.0031207 1
1381345892 2 99998 1420578482643 1.0026189 2
19274498 1 100049 1420578482643 0.90313065 3
57333521 1 100032 1420578482643 0.90296006 4
17348724 1 100013 1420578482643 0.9027694 5
309220197 1 100012 1420578482643 0.90275943 6
51220493 1 100006 1420578482643 0.9026991 7
131003396 1 100006 1420578482643 0.9026991 8
12273252 1 100006 1420578482643 0.9026991 9
188077169 1 100004 1420578482643 0.9026791 10
14845376 2 100048 1420578542643 1.0031207 1
89316412 2 99998 1420578542643 1.0026189 2
92791146 2 99996 1420578542643 1.0025988 3
567341777 2 99988 1420578542643 1.0025187 4
19274498 1 100049 1420578542643 0.90313065 5
17348724 1 100013 1420578542643 0.9027694 6
131003396 1 100006 1420578542643 0.9026991 7
12273252 1 100006 1420578542643 0.9026991 8
104227735 1 100004 1420578542643 0.9026791 9
8861752 1 100002 1420578542643 0.902659 10
14845376 2 100048 1420578602643 1.0031207 1
89316412 2 99998 1420578602643 1.0026189 2
92791146 2 99996 1420578602643 1.0025988 3
57333521 1 100032 1420578602643 0.90296006 4
259637983 1 100014 1420578602643 0.9027795 5
17348724 1 100013 1420578602643 0.9027694 6
1618007706 1 100010 1420578602643 0.90273935 7
12273252 1 100006 1420578602643 0.9026991 8
1006922053 1 100003 1420578602643 0.9026691 9
16621805 1 100003 1420578602643 0.9026691 10
14845376 2 100048 1420578662643 1.0031207 1
7867072 2 100001 1420578662643 1.0026491 2
22948692 2 95480 1420578662643 0.9572843 3
57333521 1 100032 1420578662643 0.90296006 4
259637983 1 100014 1420578662643 0.9027795 5
17348724 1 100013 1420578662643 0.9027694 6
1618007706 1 100010 1420578662643 0.90273935 7
14787749 1 100007 1420578662643 0.90270925 8
188077169 1 100004 1420578662643 0.9026791 9
1006922053 1 100003 1420578662643 0.9026691 10
14845376 2 100048 1420578722643 1.0031207 1
7867072 2 100001 1420578722643 1.0026491 2
44426926 1 100018 1420578722643 0.90281963 3
309220197 1 100012 1420578722643 0.90275943 4
14787749 1 100007 1420578722643 0.90270925 5
12273252 1 100006 1420578722643 0.9026991 6
17604456 1 100002 1420578722643 0.902659 7
8861752 1 100002 1420578722643 0.902659 8
69020299 1 100001 1420578722643 0.90264904 9
28516164 1 99999 1420578722643 0.90262896 10
14845376 2 100048 1420578782643 1.0031207 1
567341777 2 99988 1420578782643 1.0025187 2
17472921 1 100039 1420578782643 0.90303034 3
57333521 1 100032 1420578782643 0.90296006 4
44426926 1 100018 1420578782643 0.90281963 5
309220197 1 100012 1420578782643 0.90275943 6
27091328 1 100007 1420578782643 0.90270925 7
17604456 1 100002 1420578782643 0.902659 8
7867072 1 100001 1420578782643 0.90264904 9
28516164 1 99999 1420578782643 0.90262896 10
14845376 2 100048 1420578842643 1.0031207 1
22192440 2 99986 1420578842643 1.0024985 2
17472921 1 100039 1420578842643 0.90303034 3
57333521 1 100032 1420578842643 0.90296006 4
388784593 1 100010 1420578842643 0.90273935 5
27091328 1 100007 1420578842643 0.90270925 6
69020299 1 100001 1420578842643 0.90264904 7
25368027 1 99998 1420578842643 0.9026189 8
140080129 1 99997 1420578842643 0.90260893 9
92791146 1 99996 1420578842643 0.9025988 10
14845376 2 100048 1420578902643 1.0031207 1
140080129 2 100001 1420578902643 1.0026491 2
19274498 1 100049 1420578902643 0.90313065 3
251369428 1 100029 1420578902643 0.90293 4
44426926 1 100018 1420578902643 0.90281963 5
388784593 1 100010 1420578902643 0.90273935 6
12273252 1 100006 1420578902643 0.9026991 7
104227735 1 100004 1420578902643 0.9026791 8
16220541 1 100002 1420578902643 0.902659 9
69020299 1 100001 1420578902643 0.90264904 10
14845376 2 100048 1420578962643 1.0031207 1
12273252 2 100006 1420578962643 1.0026991 2
140080129 2 100001 1420578962643 1.0026491 3
15856366 2 99994 1420578962643 1.0025787 4
619739966 1 100021 1420578962643 0.9028497 5
44426926 1 100018 1420578962643 0.90281963 6
27091328 1 100007 1420578962643 0.90270925 7
41644754 1 100006 1420578962643 0.9026991 8
69020299 1 100001 1420578962643 0.90264904 9
7867072 1 100001 1420578962643 0.90264904 10
160890393 2 100001 1420579022643 1.0026491 1
14845376 1 100048 1420579022643 0.9031207 2
57333521 1 100032 1420579022643 0.90296006 3
20133051 1 100027 1420579022643 0.9029099 4
619739966 1 100021 1420579022643 0.9028497 5
14745100 1 100014 1420579022643 0.9027795 6
27091328 1 100007 1420579022643 0.90270925 7
51220493 1 100006 1420579022643 0.9026991 8
12273252 1 100006 1420579022643 0.9026991 9
130447060 1 100002 1420579022643 0.902659 10
14845376 2 100048 1420579082643 1.0031207 1
27091328 2 100007 1420579082643 1.0027093 2
160890393 2 100001 1420579082643 1.0026491 3
19274498 1 100049 1420579082643 0.90313065 4
57333521 1 100032 1420579082643 0.90296006 5
8312862 1 100020 1420579082643 0.90283966 6
44426926 1 100018 1420579082643 0.90281963 7
1618007706 1 100010 1420579082643 0.90273935 8
51220493 1 100006 1420579082643 0.9026991 9
188077169 1 100004 1420579082643 0.9026791 10
140080129 2 100001 1420579142643 1.0026491 1
19274498 1 100049 1420579142643 0.90313065 2
14845376 1 100048 1420579142643 0.9031207 3
57333521 1 100032 1420579142643 0.90296006 4
44426926 1 100018 1420579142643 0.90281963 5
309220197 1 100012 1420579142643 0.90275943 6
373316165 1 100009 1420579142643 0.9027293 7
27091328 1 100007 1420579142643 0.90270925 8
23742474 1 100007 1420579142643 0.90270925 9
41644754 1 100006 1420579142643 0.9026991 10
50023090 2 100002 1420579202643 1.0026591 1
15856366 2 99994 1420579202643 1.0025787 2
15111389 1 100043 1420579202643 0.90307045 3
373316165 1 100009 1420579202643 0.9027293 4
27091328 1 100007 1420579202643 0.90270925 5
41644754 1 100006 1420579202643 0.9026991 6
55252152 1 100006 1420579202643 0.9026991 7
8861752 1 100002 1420579202643 0.902659 8
140080129 1 100001 1420579202643 0.90264904 9
7867072 1 100001 1420579202643 0.90264904 10
14845376 2 100048 1420579262643 1.0031207 1
41644754 2 100006 1420579262643 1.0026991 2
7867072 2 100001 1420579262643 1.0026491 3
12413892 2 99996 1420579262643 1.0025988 4
89787221 2 99995 1420579262643 1.0025889 5
619739966 1 100021 1420579262643 0.9028497 6
27091328 1 100007 1420579262643 0.90270925 7
23742474 1 100007 1420579262643 0.90270925 8
12273252 1 100006 1420579262643 0.9026991 9
55252152 1 100006 1420579262643 0.9026991 10
14845376 2 100048 1420579322643 1.0031207 1
1364403168 2 100005 1420579322643 1.0026891 2
140080129 2 100001 1420579322643 1.0026491 3
1381345892 2 99998 1420579322643 1.0026189 4
89787221 2 99995 1420579322643 1.0025889 5
251369428 1 100029 1420579322643 0.90293 6
619739966 1 100021 1420579322643 0.9028497 7
27091328 1 100007 1420579322643 0.90270925 8
1618007706 1 100007 1420579322643 0.90270925 9
12273252 1 100006 1420579322643 0.9026991 10
14845376 2 100048 1420579382643 1.0031207 1
140080129 2 100001 1420579382643 1.0026491 2
89787221 2 99995 1420579382643 1.0025889 3
251369428 1 100029 1420579382643 0.90293 4
8312862 1 100020 1420579382643 0.90283966 5
309220197 1 100012 1420579382643 0.90275943 6
1618007706 1 100007 1420579382643 0.90270925 7
41644754 1 100006 1420579382643 0.9026991 8
1364403168 1 100005 1420579382643 0.90268916 9
69020299 1 100004 1420579382643 0.9026791 10
14845376 2 100048 1420579442643 1.0031207 1
7867072 2 100000 1420579442643 1.002639 2
10069612 2 99997 1420579442643 1.002609 3
89787221 2 99995 1420579442643 1.0025889 4
8312862 1 100020 1420579442643 0.90283966 5
309220197 1 100012 1420579442643 0.90275943 6
12273252 1 100006 1420579442643 0.9026991 7
41644754 1 100006 1420579442643 0.9026991 8
40996128 1 100005 1420579442643 0.90268916 9
69020299 1 100004 1420579442643 0.9026791 10
309220197 2 100012 1420579502643 1.0027595 1
12273252 2 100006 1420579502643 1.0026991 2
8861752 2 100002 1420579502643 1.0026591 3
7867072 2 100000 1420579502643 1.002639 4
89787221 2 99995 1420579502643 1.0025889 5
174890917 2 99976 1420579502643 1.0023983 6
14845376 1 100048 1420579502643 0.9031207 7
129917609 1 100031 1420579502643 0.9029501 8
23742474 1 100007 1420579502643 0.90270925 9
1618007706 1 100007 1420579502643 0.90270925 10
14845376 2 100048 1420579562643 1.0031207 1
309220197 2 100012 1420579562643 1.0027595 2
12273252 2 100006 1420579562643 1.0026991 3
7867072 2 100000 1420579562643 1.002639 4
89787221 2 99995 1420579562643 1.0025889 5
174890917 2 99976 1420579562643 1.0023983 6
57333521 1 100032 1420579562643 0.90296006 7
129917609 1 100031 1420579562643 0.9029501 8
23742474 1 100007 1420579562643 0.90270925 9
1618007706 1 100007 1420579562643 0.90270925 10
57333521 2 100032 1420579622643 1.0029601 1
1618007706 2 100007 1420579622643 1.0027093 2
12273252 2 100006 1420579622643 1.0026991 3
23742474 2 99995 1420579622643 1.0025889 4
174890917 2 99976 1420579622643 1.0023983 5
14845376 1 100048 1420579622643 0.9031207 6
251369428 1 100029 1420579622643 0.90293 7
44426926 1 100018 1420579622643 0.90281963 8
309220197 1 100012 1420579622643 0.90275943 9
27091328 1 100007 1420579622643 0.90270925 10
8861752 2 100002 1420579682643 1.0026591 1
140080129 2 100001 1420579682643 1.0026491 2
7867072 2 100000 1420579682643 1.002639 3
174890917 2 99976 1420579682643 1.0023983 4
17070252 2 99945 1420579682643 1.0020871 5
14845376 1 100048 1420579682643 0.9031207 6
57333521 1 100032 1420579682643 0.90296006 7
251369428 1 100029 1420579682643 0.90293 8
17348724 1 100013 1420579682643 0.9027694 9
309220197 1 100012 1420579682643 0.90275943 10
14845376 2 100048 1420579742643 1.0031207 1
27091328 2 100007 1420579742643 1.0027093 2
8861752 2 100002 1420579742643 1.0026591 3
89787221 2 99995 1420579742643 1.0025889 4
19274498 1 100017 1420579742643 0.90280956 5
309220197 1 100012 1420579742643 0.90275943 6
18685577 1 100007 1420579742643 0.90270925 7
16621805 1 100003 1420579742643 0.9026691 8
140080129 1 100001 1420579742643 0.90264904 9
27103822 1 100000 1420579742643 0.902639 10
14845376 2 100048 1420579802643 1.0031207 1
27091328 2 100007 1420579802643 1.0027093 2
8861752 2 100002 1420579802643 1.0026591 3
27103822 2 100000 1420579802643 1.002639 4
1381345892 2 99998 1420579802643 1.0026189 5
174890917 2 99976 1420579802643 1.0023983 6
87290802 1 100036 1420579802643 0.9030002 7
19274498 1 100017 1420579802643 0.90280956 8
14745100 1 100014 1420579802643 0.9027795 9
69020299 1 100004 1420579802643 0.9026791 10
14845376 2 100048 1420579862643 1.0031207 1
8861752 2 100002 1420579862643 1.0026591 2
1381345892 2 99998 1420579862643 1.0026189 3
186222238 2 99994 1420579862643 1.0025787 4
174890917 2 99976 1420579862643 1.0023983 5
87290802 1 100036 1420579862643 0.9030002 6
57333521 1 100032 1420579862643 0.90296006 7
17348724 1 100013 1420579862643 0.9027694 8
27091328 1 100007 1420579862643 0.90270925 9
12273252 1 100006 1420579862643 0.9026991 10
14845376 2 100048 1420579922643 1.0031207 1
1381345892 2 99998 1420579922643 1.0026189 2
186222238 2 99994 1420579922643 1.0025787 3
1581203119 2 99989 1420579922643 1.0025285 4
57333521 1 100032 1420579922643 0.90296006 5
619739966 1 100021 1420579922643 0.9028497 6
14745100 1 100014 1420579922643 0.9027795 7
1364403168 1 100005 1420579922643 0.90268916 8
188077169 1 100004 1420579922643 0.9026791 9
36440780 1 100003 1420579922643 0.9026691 10
14845376 2 100048 1420579982643 1.0031207 1
1618007706 2 100007 1420579982643 1.0027093 2
7867072 2 100000 1420579982643 1.002639 3
1381345892 2 99998 1420579982643 1.0026189 4
10069612 2 99997 1420579982643 1.002609 5
186222238 2 99994 1420579982643 1.0025787 6
619739966 1 100021 1420579982643 0.9028497 7
309220197 1 100012 1420579982643 0.90275943 8
188077169 1 100004 1420579982643 0.9026791 9
976147104 1 100004 1420579982643 0.9026791 10
309220197 2 100012 1420580042643 1.0027595 1
1618007706 2 100007 1420580042643 1.0027093 2
12273252 2 100006 1420580042643 1.0026991 3
12413892 2 99996 1420580042643 1.0025988 4
186222238 2 99994 1420580042643 1.0025787 5
14845376 1 100048 1420580042643 0.9031207 6
57333521 1 100032 1420580042643 0.90296006 7
292289403 1 100007 1420580042643 0.90270925 8
16253142 1 100007 1420580042643 0.90270925 9
188077169 1 100004 1420580042643 0.9026791 10
1618007706 2 100007 1420580102643 1.0027093 1
8861752 2 100002 1420580102643 1.0026591 2
12413892 2 99996 1420580102643 1.0025988 3
14845376 1 100048 1420580102643 0.9031207 4
57333521 1 100032 1420580102643 0.90296006 5
259637983 1 100014 1420580102643 0.9027795 6
309220197 1 100012 1420580102643 0.90275943 7
27091328 1 100007 1420580102643 0.90270925 8
16253142 1 100007 1420580102643 0.90270925 9
12273252 1 100006 1420580102643 0.9026991 10
14845376 2 100048 1420580162643 1.0031207 1
17348724 2 100013 1420580162643 1.0027695 2
8861752 2 100002 1420580162643 1.0026591 3
259637983 1 100014 1420580162643 0.9027795 4
20096207 1 100011 1420580162643 0.90274936 5
1618007706 1 100007 1420580162643 0.90270925 6
140080129 1 100001 1420580162643 0.90264904 7
27103822 1 100000 1420580162643 0.902639 8
92791146 1 100000 1420580162643 0.902639 9
7867072 1 100000 1420580162643 0.902639 10
20745130 2 100049 1420580222643 1.0031307 1
14845376 2 100048 1420580222643 1.0031207 2
17348724 2 100013 1420580222643 1.0027695 3
45710831 2 99997 1420580222643 1.002609 4
19287097 1 100010 1420580222643 0.90273935 5
27091328 1 100007 1420580222643 0.90270925 6
1618007706 1 100007 1420580222643 0.90270925 7
8861752 1 100002 1420580222643 0.902659 8
92791146 1 100000 1420580222643 0.902639 9
7867072 1 100000 1420580222643 0.902639 10
20745130 1 100049 1420580282643 0.90313065 1
14845376 1 100048 1420580282643 0.9031207 2
17348724 1 100013 1420580282643 0.9027694 3
27091328 1 100007 1420580282643 0.90270925 4
1618007706 1 100007 1420580282643 0.90270925 5
8861752 1 100002 1420580282643 0.902659 6
7867072 1 100000 1420580282643 0.902639 7
326821147 1 99999 1420580282643 0.90262896 8
15520253 1 99998 1420580282643 0.9026189 9
1381345892 1 99998 1420580282643 0.9026189 10
27091328 2 100007 1420580342643 1.0027093 1
69020299 2 100004 1420580342643 1.0026791 2
7867072 2 100000 1420580342643 1.002639 3
45710831 2 99997 1420580342643 1.002609 4
10005212 2 99988 1420580342643 1.0025187 5
174890917 2 99976 1420580342643 1.0023983 6
8312862 1 100020 1420580342643 0.90283966 7
292289403 1 100007 1420580342643 0.90270925 8
1618007706 1 100007 1420580342643 0.90270925 9
119538278 1 100006 1420580342643 0.9026991 10
7867072 2 100000 1420580402643 1.002639 1
89787221 2 99995 1420580402643 1.0025889 2
174890917 2 99976 1420580402643 1.0023983 3
20745130 1 100049 1420580402643 0.90313065 4
14845376 1 100048 1420580402643 0.9031207 5
61733092 1 100025 1420580402643 0.9028898 6
8312862 1 100020 1420580402643 0.90283966 7
27091328 1 100007 1420580402643 0.90270925 8
1618007706 1 100007 1420580402643 0.90270925 9
16253142 1 100007 1420580402643 0.90270925 10
14845376 2 100048 1420580462643 1.0031207 1
7867072 2 100000 1420580462643 1.002639 2
1381345892 2 99998 1420580462643 1.0026189 3
45710831 2 99997 1420580462643 1.002609 4
174890917 2 99976 1420580462643 1.0023983 5
25368027 2 99956 1420580462643 1.0021975 6
22948692 2 95480 1420580462643 0.9572843 7
20745130 1 100049 1420580462643 0.90313065 8
61733092 1 100025 1420580462643 0.9028898 9
27091328 1 100007 1420580462643 0.90270925 10
14845376 2 100048 1420580522643 1.0031207 1
140080129 2 100001 1420580522643 1.0026491 2
1381345892 2 99998 1420580522643 1.0026189 3
45710831 2 99997 1420580522643 1.002609 4
17047743 1 100030 1420580522643 0.90294 5
12273252 1 100006 1420580522643 0.9026991 6
69020299 1 100004 1420580522643 0.9026791 7
92791146 1 100000 1420580522643 0.902639 8
7867072 1 100000 1420580522643 0.902639 9
326821147 1 99999 1420580522643 0.90262896 10
14845376 2 100048 1420580582643 1.0031207 1
140080129 2 100001 1420580582643 1.0026491 2
15601977 2 100000 1420580582643 1.002639 3
1381345892 2 99998 1420580582643 1.0026189 4
45710831 2 99997 1420580582643 1.002609 5
10005212 2 99988 1420580582643 1.0025187 6
21842357 2 99974 1420580582643 1.0023782 7
1454742764 2 99962 1420580582643 1.0022576 8
387220815 2 99962 1420580582643 1.0022576 9
17047743 1 100030 1420580582643 0.90294 10
14845376 2 100048 1420580642643 1.0031207 1
140080129 2 100001 1420580642643 1.0026491 2
15520253 2 99998 1420580642643 1.0026189 3
1381345892 2 99998 1420580642643 1.0026189 4
45710831 2 99997 1420580642643 1.002609 5
387220815 2 99962 1420580642643 1.0022576 6
57333521 1 100020 1420580642643 0.90283966 7
19934731 1 100011 1420580642643 0.90274936 8
12273252 1 100006 1420580642643 0.9026991 9
104227735 1 100004 1420580642643 0.9026791 10
14845376 2 100048 1420580702643 1.0031207 1
57333521 2 100020 1420580702643 1.0028397 2
45710831 2 99997 1420580702643 1.002609 3
20745130 1 100049 1420580702643 0.90313065 4
309220197 1 100012 1420580702643 0.90275943 5
1618007706 1 100007 1420580702643 0.90270925 6
12273252 1 100006 1420580702643 0.9026991 7
14916494 1 100004 1420580702643 0.9026791 8
14787749 1 100003 1420580702643 0.9026691 9
140080129 1 100001 1420580702643 0.90264904 10
140080129 2 100001 1420580762643 1.0026491 1
45710831 2 99997 1420580762643 1.002609 2
14845376 2 99994 1420580762643 1.0025787 3
20745130 1 100049 1420580762643 0.90313065 4
48544015 1 100026 1420580762643 0.90289986 5
57333521 1 100020 1420580762643 0.90283966 6
309220197 1 100012 1420580762643 0.90275943 7
31634255 1 100011 1420580762643 0.90274936 8
14787749 1 100003 1420580762643 0.9026691 9
7867072 1 100000 1420580762643 0.902639 10
57333521 2 100020 1420580822643 1.0028397 1
140080129 2 100001 1420580822643 1.0026491 2
21842357 2 99999 1420580822643 1.002629 3
14845376 2 99994 1420580822643 1.0025787 4
19205893 1 100011 1420580822643 0.90274936 5
31634255 1 100011 1420580822643 0.90274936 6
19934731 1 100011 1420580822643 0.90274936 7
12273252 1 100006 1420580822643 0.9026991 8
45710831 1 99997 1420580822643 0.90260893 9
74578857 1 99994 1420580822643 0.9025788 10
57333521 2 100020 1420580882643 1.0028397 1
12273252 2 100006 1420580882643 1.0026991 2
21842357 2 99999 1420580882643 1.002629 3
14845376 2 99994 1420580882643 1.0025787 4
19205893 1 100011 1420580882643 0.90274936 5
27091328 1 100007 1420580882643 0.90270925 6
1618007706 1 100007 1420580882643 0.90270925 7
188077169 1 100004 1420580882643 0.9026791 8
140080129 1 100001 1420580882643 0.90264904 9
92791146 1 100000 1420580882643 0.902639 10
45710831 2 99997 1420580942643 1.002609 1
14845376 2 99994 1420580942643 1.0025787 2
20745130 1 100049 1420580942643 0.90313065 3
57333521 1 100020 1420580942643 0.90283966 4
19934731 1 100011 1420580942643 0.90274936 5
12273252 1 100006 1420580942643 0.9026991 6
1364403168 1 100005 1420580942643 0.90268916 7
36440780 1 100003 1420580942643 0.9026691 8
8861752 1 100002 1420580942643 0.902659 9
27103822 1 100000 1420580942643 0.902639 10
19934731 2 100011 1420581002643 1.0027494 1
12273252 2 100006 1420581002643 1.0026991 2
8861752 2 100002 1420581002643 1.0026591 3
45710831 2 99997 1420581002643 1.002609 4
202777395 2 99996 1420581002643 1.0025988 5
14845376 2 99994 1420581002643 1.0025787 6
20745130 1 100049 1420581002643 0.90313065 7
35947725 1 100027 1420581002643 0.9029099 8
57333521 1 100020 1420581002643 0.90283966 9
512403075 1 100002 1420581002643 0.902659 10
57333521 2 100020 1420581062643 1.0028397 1
19934731 2 100011 1420581062643 1.0027494 2
140080129 2 100001 1420581062643 1.0026491 3
45710831 2 99997 1420581062643 1.002609 4
14845376 2 99994 1420581062643 1.0025787 5
35947725 1 100027 1420581062643 0.9029099 6
309220197 1 100009 1420581062643 0.9027293 7
12273252 1 100006 1420581062643 0.9026991 8
14916494 1 100004 1420581062643 0.9026791 9
512403075 1 100002 1420581062643 0.902659 10
140080129 2 100001 1420581122643 1.0026491 1
45710831 2 99997 1420581122643 1.002609 2
14845376 2 99994 1420581122643 1.0025787 3
20745130 1 100049 1420581122643 0.90313065 4
15111389 1 100043 1420581122643 0.90307045 5
57333521 1 100020 1420581122643 0.90283966 6
19934731 1 100011 1420581122643 0.90274936 7
12273252 1 100010 1420581122643 0.90273935 8
1618007706 1 100007 1420581122643 0.90270925 9
92791146 1 100000 1420581122643 0.902639 10
140080129 2 100001 1420581182643 1.0026491 1
14845376 2 99994 1420581182643 1.0025787 2
20745130 1 100049 1420581182643 0.90313065 3
15111389 1 100043 1420581182643 0.90307045 4
19934731 1 100011 1420581182643 0.90274936 5
12273252 1 100010 1420581182643 0.90273935 6
1618007706 1 100007 1420581182643 0.90270925 7
188077169 1 100004 1420581182643 0.9026791 8
17698956 1 100003 1420581182643 0.9026691 9
50023090 1 100002 1420581182643 0.902659 10
57333521 2 100020 1420581242643 1.0028397 1
140080129 2 100001 1420581242643 1.0026491 2
188077169 2 100000 1420581242643 1.002639 3
92791146 2 100000 1420581242643 1.002639 4
89316412 2 99996 1420581242643 1.0025988 5
14845376 2 99994 1420581242643 1.0025787 6
19934731 1 100011 1420581242643 0.90274936 7
40329236 1 100004 1420581242643 0.9026791 8
17698956 1 100003 1420581242643 0.9026691 9
27103822 1 100000 1420581242643 0.902639 10
57333521 2 100020 1420581302643 1.0028397 1
140080129 2 100001 1420581302643 1.0026491 2
14845376 2 99994 1420581302643 1.0025787 3
19934731 1 100011 1420581302643 0.90274936 4
40329236 1 100004 1420581302643 0.9026791 5
130447060 1 100002 1420581302643 0.902659 6
188077169 1 100000 1420581302643 0.902639 7
27103822 1 100000 1420581302643 0.902639 8
92791146 1 100000 1420581302643 0.902639 9
21842357 1 99999 1420581302643 0.90262896 10
57333521 2 100020 1420581362643 1.0028397 1
12273252 2 100010 1420581362643 1.0027394 2
140080129 2 100001 1420581362643 1.0026491 3
45710831 2 99997 1420581362643 1.002609 4
14845376 2 99994 1420581362643 1.0025787 5
20745130 1 100049 1420581362643 0.90313065 6
19274498 1 100017 1420581362643 0.90280956 7
31634255 1 100011 1420581362643 0.90274936 8
309220197 1 100009 1420581362643 0.9027293 9
203020760 1 100007 1420581362643 0.90270925 10
45710831 2 99997 1420581422643 1.002609 1
14845376 2 99994 1420581422643 1.0025787 2
57333521 1 100020 1420581422643 0.90283966 3
19274498 1 100017 1420581422643 0.90280956 4
1381345892 1 100014 1420581422643 0.9027795 5
31634255 1 100011 1420581422643 0.90274936 6
12273252 1 100010 1420581422643 0.90273935 7
309220197 1 100009 1420581422643 0.9027293 8
203020760 1 100007 1420581422643 0.90270925 9
40329236 1 100004 1420581422643 0.9026791 10
140080129 2 100001 1420581482643 1.0026491 1
21842357 2 99999 1420581482643 1.002629 2
45710831 2 99997 1420581482643 1.002609 3
14845376 2 99994 1420581482643 1.0025787 4
259637983 2 99990 1420581482643 1.0025387 5
27091328 1 100019 1420581482643 0.9028296 6
1381345892 1 100014 1420581482643 0.9027795 7
818340 1 100001 1420581482643 0.90264904 8
17348724 1 100001 1420581482643 0.90264904 9
188077169 1 100000 1420581482643 0.902639 10
57333521 2 100020 1420581542643 1.0028397 1
140080129 2 100001 1420581542643 1.0026491 2
21842357 2 99999 1420581542643 1.002629 3
14845376 2 99994 1420581542643 1.0025787 4
1454742764 2 99962 1420581542643 1.0022576 5
532171645 1 100060 1420581542643 0.90324104 6
27091328 1 100019 1420581542643 0.9028296 7
19274498 1 100017 1420581542643 0.90280956 8
18360000 1 100003 1420581542643 0.9026691 9
512403075 1 100002 1420581542643 0.902659 10
57333521 2 100020 1420581602643 1.0028397 1
140080129 2 100001 1420581602643 1.0026491 2
21842357 2 99999 1420581602643 1.002629 3
14845376 2 99994 1420581602643 1.0025787 4
89787221 2 99988 1420581602643 1.0025187 5
532171645 1 100060 1420581602643 0.90324104 6
19274498 1 100017 1420581602643 0.90280956 7
1381345892 1 100014 1420581602643 0.9027795 8
16277373 1 100012 1420581602643 0.90275943 9
31634255 1 100011 1420581602643 0.90274936 10
57333521 2 100020 1420581662643 1.0028397 1
1381345892 2 100014 1420581662643 1.0027795 2
14845376 2 99994 1420581662643 1.0025787 3
17070252 2 99945 1420581662643 1.0020871 4
16277373 1 100012 1420581662643 0.90275943 5
31634255 1 100011 1420581662643 0.90274936 6
174890917 1 100004 1420581662643 0.9026791 7
976147104 1 100004 1420581662643 0.9026791 8
36440780 1 100003 1420581662643 0.9026691 9
140080129 1 100001 1420581662643 0.90264904 10
57333521 2 100020 1420581722643 1.0028397 1
1381345892 2 100014 1420581722643 1.0027795 2
15646547 2 100012 1420581722643 1.0027595 3
14845376 2 99994 1420581722643 1.0025787 4
15111389 1 100043 1420581722643 0.90307045 5
976147104 1 100004 1420581722643 0.9026791 6
193232854 1 100004 1420581722643 0.9026791 7
36440780 1 100003 1420581722643 0.9026691 8
140080129 1 100001 1420581722643 0.90264904 9
289794552 1 100000 1420581722643 0.902639 10
15111389 2 100043 1420581782643 1.0030705 1
1381345892 2 100014 1420581782643 1.0027795 2
7867072 2 100000 1420581782643 1.002639 3
12413892 2 99996 1420581782643 1.0025988 4
57333521 1 100020 1420581782643 0.90283966 5
15646547 1 100012 1420581782643 0.90275943 6
131003396 1 100006 1420581782643 0.9026991 7
193232854 1 100004 1420581782643 0.9026791 8
17698956 1 100003 1420581782643 0.9026691 9
14787749 1 100003 1420581782643 0.9026691 10
15111389 2 100043 1420581842643 1.0030705 1
1381345892 2 100014 1420581842643 1.0027795 2
12413892 2 99996 1420581842643 1.0025988 3
57333521 1 100020 1420581842643 0.90283966 4
35818653 1 100015 1420581842643 0.9027895 5
131003396 1 100006 1420581842643 0.9026991 6
14787749 1 100003 1420581842643 0.9026691 7
8861752 1 100002 1420581842643 0.902659 8
1581203119 1 100001 1420581842643 0.90264904 9
27103822 1 100000 1420581842643 0.902639 10
1381345892 2 100014 1420581902643 1.0027795 1
14787749 2 100003 1420581902643 1.0026691 2
7867072 2 100000 1420581902643 1.002639 3
10069612 2 99997 1420581902643 1.002609 4
23742474 2 99995 1420581902643 1.0025889 5
15111389 1 100043 1420581902643 0.90307045 6
57333521 1 100020 1420581902643 0.90283966 7
35818653 1 100015 1420581902643 0.9027895 8
309220197 1 100009 1420581902643 0.9027293 9
36440780 1 100003 1420581902643 0.9026691 10
1381345892 2 100014 1420581962643 1.0027795 1
14787749 2 100003 1420581962643 1.0026691 2
7867072 2 100000 1420581962643 1.002639 3
14845376 2 99994 1420581962643 1.0025787 4
57333521 1 100020 1420581962643 0.90283966 5
309220197 1 100009 1420581962643 0.9027293 6
140080129 1 100001 1420581962643 0.90264904 7
188077169 1 100000 1420581962643 0.902639 8
326821147 1 99999 1420581962643 0.90262896 9
45710831 1 99997 1420581962643 0.90260893 10
1381345892 2 100014 1420582022643 1.0027795 1
7867072 2 100000 1420582022643 1.002639 2
180026716 1 100021 1420582022643 0.9028497 3
57333521 1 100020 1420582022643 0.90283966 4
61733092 1 100011 1420582022643 0.90274936 5
14787749 1 100003 1420582022643 0.9026691 6
16220541 1 100002 1420582022643 0.902659 7
140080129 1 100001 1420582022643 0.90264904 8
188077169 1 100000 1420582022643 0.902639 9
107024149 1 100000 1420582022643 0.902639 10
57333521 2 100020 1420582082643 1.0028397 1
1381345892 2 100014 1420582082643 1.0027795 2
7867072 2 100000 1420582082643 1.002639 3
8312862 2 99996 1420582082643 1.0025988 4
89787221 2 99988 1420582082643 1.0025187 5
309220197 1 100009 1420582082643 0.9027293 6
14787749 1 100003 1420582082643 0.9026691 7
12413892 1 100003 1420582082643 0.9026691 8
316053072 1 99998 1420582082643 0.9026189 9
17437735 1 99998 1420582082643 0.9026189 10
57333521 2 100020 1420582142643 1.0028397 1
1381345892 2 100014 1420582142643 1.0027795 2
8312862 2 99996 1420582142643 1.0025988 3
532171645 1 100060 1420582142643 0.90324104 4
180026716 1 100021 1420582142643 0.9028497 5
309220197 1 100009 1420582142643 0.9027293 6
32107066 1 100006 1420582142643 0.9026991 7
14787749 1 100003 1420582142643 0.9026691 8
8861752 1 100002 1420582142643 0.902659 9
7867072 1 100000 1420582142643 0.902639 10
180026716 2 100021 1420582202643 1.0028497 1
8312862 2 99996 1420582202643 1.0025988 2
532171645 1 100060 1420582202643 0.90324104 3
15111389 1 100043 1420582202643 0.90307045 4
57333521 1 100020 1420582202643 0.90283966 5
1381345892 1 100014 1420582202643 0.9027795 6
40996128 1 100013 1420582202643 0.9027694 7
31634255 1 100011 1420582202643 0.90274936 8
19934731 1 100011 1420582202643 0.90274936 9
32107066 1 100006 1420582202643 0.9026991 10
180026716 2 100021 1420582262643 1.0028497 1
19934731 2 100011 1420582262643 1.0027494 2
1618007706 2 100007 1420582262643 1.0027093 3
57333521 1 100020 1420582262643 0.90283966 4
40996128 1 100013 1420582262643 0.9027694 5
31634255 1 100011 1420582262643 0.90274936 6
193232854 1 100004 1420582262643 0.9026791 7
27103822 1 100001 1420582262643 0.90264904 8
140080129 1 100001 1420582262643 0.90264904 9
188077169 1 100000 1420582262643 0.902639 10
180026716 2 100021 1420582322643 1.0028497 1
57333521 2 100020 1420582322643 1.0028397 2
1381345892 2 100014 1420582322643 1.0027795 3
193232854 2 100004 1420582322643 1.0026791 4
27103822 2 100001 1420582322643 1.0026491 5
15856366 2 99994 1420582322643 1.0025787 6
17604456 2 99987 1420582322643 1.0025085 7
25368027 2 99956 1420582322643 1.0021975 8
15646547 1 100012 1420582322643 0.90275943 9
19934731 1 100011 1420582322643 0.90274936 10
180026716 2 100021 1420582382643 1.0028497 1
57333521 2 100020 1420582382643 1.0028397 2
15646547 2 100012 1420582382643 1.0027595 3
17698956 2 100003 1420582382643 1.0026691 4
15856366 2 99994 1420582382643 1.0025787 5
1381345892 1 100014 1420582382643 0.9027795 6
12273252 1 100010 1420582382643 0.90273935 7
309220197 1 100009 1420582382643 0.9027293 8
174890917 1 100004 1420582382643 0.9026791 9
193232854 1 100004 1420582382643 0.9026791 10
180026716 2 100021 1420582442643 1.0028497 1
57333521 2 100020 1420582442643 1.0028397 2
1381345892 2 100014 1420582442643 1.0027795 3
19934731 2 100011 1420582442643 1.0027494 4
17698956 2 100003 1420582442643 1.0026691 5
14787749 2 100003 1420582442643 1.0026691 6
7867072 2 100000 1420582442643 1.002639 7
27091328 1 100019 1420582442643 0.9028296 8
15646547 1 100012 1420582442643 0.90275943 9
12273252 1 100010 1420582442643 0.90273935 10
180026716 2 100021 1420582502643 1.0028497 1
57333521 2 100020 1420582502643 1.0028397 2
19934731 2 100011 1420582502643 1.0027494 3
17698956 2 100003 1420582502643 1.0026691 4
7867072 2 100000 1420582502643 1.002639 5
27091328 1 100019 1420582502643 0.9028296 6
1381345892 1 100014 1420582502643 0.9027795 7
131003396 1 100004 1420582502643 0.9026791 8
193232854 1 100004 1420582502643 0.9026791 9
14787749 1 100003 1420582502643 0.9026691 10
1381345892 2 100014 1420582562643 1.0027795 1
25368027 2 99956 1420582562643 1.0021975 2
180026716 1 100021 1420582562643 0.9028497 3
57333521 1 100020 1420582562643 0.90283966 4
19934731 1 100011 1420582562643 0.90274936 5
1618007706 1 100007 1420582562643 0.90270925 6
193232854 1 100004 1420582562643 0.9026791 7
17698956 1 100003 1420582562643 0.9026691 8
14787749 1 100003 1420582562643 0.9026691 9
10069612 1 100003 1420582562643 0.9026691 10
193232854 2 100004 1420582622643 1.0026791 1
27103822 2 100001 1420582622643 1.0026491 2
186222238 2 99999 1420582622643 1.002629 3
15111389 1 100043 1420582622643 0.90307045 4
19274498 1 100041 1420582622643 0.9030504 5
180026716 1 100021 1420582622643 0.9028497 6
1381345892 1 100014 1420582622643 0.9027795 7
12273252 1 100010 1420582622643 0.90273935 8
14787749 1 100003 1420582622643 0.9026691 9
12413892 1 100003 1420582622643 0.9026691 10
180026716 2 100021 1420582682643 1.0028497 1
17698956 2 100003 1420582682643 1.0026691 2
27103822 2 100001 1420582682643 1.0026491 3
14845376 2 99994 1420582682643 1.0025787 4
17604456 2 99992 1420582682643 1.0025587 5
57333521 1 100020 1420582682643 0.90283966 6
292289403 1 100007 1420582682643 0.90270925 7
193232854 1 100004 1420582682643 0.9026791 8
14787749 1 100003 1420582682643 0.9026691 9
10069612 1 100003 1420582682643 0.9026691 10
180026716 2 100021 1420582742643 1.0028497 1
1381345892 2 100014 1420582742643 1.0027795 2
17698956 2 100003 1420582742643 1.0026691 3
24206345 2 99998 1420582742643 1.0026189 4
129917609 1 100031 1420582742643 0.9029501 5
57333521 1 100020 1420582742643 0.90283966 6
12273252 1 100010 1420582742643 0.90273935 7
193232854 1 100004 1420582742643 0.9026791 8
27103822 1 100001 1420582742643 0.90264904 9
140080129 1 100001 1420582742643 0.90264904 10
1381345892 2 100014 1420582802643 1.0027795 1
17698956 2 100003 1420582802643 1.0026691 2
14845376 2 99994 1420582802643 1.0025787 3
180026716 1 100021 1420582802643 0.9028497 4
57333521 1 100020 1420582802643 0.90283966 5
193232854 1 100012 1420582802643 0.90275943 6
15646547 1 100012 1420582802643 0.90275943 7
12273252 1 100010 1420582802643 0.90273935 8
36440780 1 100003 1420582802643 0.9026691 9
27103822 1 100001 1420582802643 0.90264904 10
180026716 2 100021 1420582862643 1.0028497 1
1381345892 2 100014 1420582862643 1.0027795 2
14845376 2 99994 1420582862643 1.0025787 3
19274498 1 100041 1420582862643 0.9030504 4
57333521 1 100020 1420582862643 0.90283966 5
373316165 1 100013 1420582862643 0.9027694 6
193232854 1 100012 1420582862643 0.90275943 7
15646547 1 100012 1420582862643 0.90275943 8
17698956 1 100003 1420582862643 0.9026691 9
36440780 1 100003 1420582862643 0.9026691 10
14845376 2 99994 1420582922643 1.0025787 1
259637983 2 99990 1420582922643 1.0025387 2
15111389 1 100043 1420582922643 0.90307045 3
180026716 1 100021 1420582922643 0.9028497 4
57333521 1 100020 1420582922643 0.90283966 5
1381345892 1 100014 1420582922643 0.9027795 6
373316165 1 100013 1420582922643 0.9027694 7
193232854 1 100012 1420582922643 0.90275943 8
15646547 1 100012 1420582922643 0.90275943 9
20096207 1 100011 1420582922643 0.90274936 10
180026716 2 100021 1420582982643 1.0028497 1
17698956 2 100003 1420582982643 1.0026691 2
15111389 1 100043 1420582982643 0.90307045 3
620340592 1 100012 1420582982643 0.90275943 4
15646547 1 100012 1420582982643 0.90275943 5
20096207 1 100011 1420582982643 0.90274936 6
174890917 1 100004 1420582982643 0.9026791 7
21842357 1 99999 1420582982643 0.90262896 8
45710831 1 99997 1420582982643 0.90260893 9
14845376 1 99994 1420582982643 0.9025788 10
180026716 2 100021 1420583042643 1.0028497 1
1381345892 2 100014 1420583042643 1.0027795 2
12273252 2 100010 1420583042643 1.0027394 3
27091328 1 100019 1420583042643 0.9028296 4
620340592 1 100012 1420583042643 0.90275943 5
61733092 1 100011 1420583042643 0.90274936 6
1618007706 1 100010 1420583042643 0.90273935 7
17698956 1 100003 1420583042643 0.9026691 8
70314632 1 100003 1420583042643 0.9026691 9
8861752 1 100000 1420583042643 0.902639 10
180026716 2 100021 1420583102643 1.0028497 1
1381345892 2 100014 1420583102643 1.0027795 2
12273252 2 100010 1420583102643 1.0027394 3
27091328 1 100019 1420583102643 0.9028296 4
61733092 1 100011 1420583102643 0.90274936 5
1618007706 1 100010 1420583102643 0.90273935 6
17698956 1 100003 1420583102643 0.9026691 7
36440780 1 100003 1420583102643 0.9026691 8
70314632 1 100003 1420583102643 0.9026691 9
188077169 1 100000 1420583102643 0.902639 10
1381345892 2 100014 1420583162643 1.0027795 1
17698956 2 100003 1420583162643 1.0026691 2
171716921 2 100000 1420583162643 1.002639 3
811303 2 99987 1420583162643 1.0025085 4
180026716 1 100021 1420583162643 0.9028497 5
57333521 1 100020 1420583162643 0.90283966 6
61733092 1 100011 1420583162643 0.90274936 7
12273252 1 100010 1420583162643 0.90273935 8
1618007706 1 100010 1420583162643 0.90273935 9
36440780 1 100003 1420583162643 0.9026691 10
1381345892 2 100014 1420583222643 1.0027795 1
17698956 2 100003 1420583222643 1.0026691 2
55252152 2 99992 1420583222643 1.0025587 3
811303 2 99987 1420583222643 1.0025085 4
15111389 1 100043 1420583222643 0.90307045 5
2200632505 1 100027 1420583222643 0.9029099 6
180026716 1 100021 1420583222643 0.9028497 7
57333521 1 100020 1420583222643 0.90283966 8
309220197 1 100009 1420583222643 0.9027293 9
14787749 1 100003 1420583222643 0.9026691 10
15111389 2 100043 1420583282643 1.0030705 1
180026716 2 100021 1420583282643 1.0028497 2
17698956 2 100003 1420583282643 1.0026691 3
188077169 2 100000 1420583282643 1.002639 4
811303 2 99987 1420583282643 1.0025085 5
20745130 1 100049 1420583282643 0.90313065 6
2200632505 1 100027 1420583282643 0.9029099 7
57333521 1 100020 1420583282643 0.90283966 8
19205893 1 100017 1420583282643 0.90280956 9
1381345892 1 100014 1420583282643 0.9027795 10
15111389 2 100043 1420583342643 1.0030705 1
180026716 2 100021 1420583342643 1.0028497 2
17698956 2 100003 1420583342643 1.0026691 3
20745130 1 100049 1420583342643 0.90313065 4
57333521 1 100020 1420583342643 0.90283966 5
19205893 1 100017 1420583342643 0.90280956 6
1381345892 1 100014 1420583342643 0.9027795 7
12273252 1 100010 1420583342643 0.90273935 8
14787749 1 100003 1420583342643 0.9026691 9
2703171 1 100003 1420583342643 0.9026691 10
15111389 2 100043 1420583402643 1.0030705 1
180026716 2 100021 1420583402643 1.0028497 2
1381345892 2 100014 1420583402643 1.0027795 3
14787749 2 100003 1420583402643 1.0026691 4
15601977 2 100000 1420583402643 1.002639 5
49437246 2 99998 1420583402643 1.0026189 6
14845376 2 99994 1420583402643 1.0025787 7
811303 2 99987 1420583402643 1.0025085 8
20745130 1 100067 1420583402643 0.9033113 9
193232854 1 100012 1420583402643 0.90275943 10
1381345892 2 100014 1420583462643 1.0027795 1
14787749 2 100003 1420583462643 1.0026691 2
10069612 2 100003 1420583462643 1.0026691 3
21842357 2 99999 1420583462643 1.002629 4
14845376 2 99994 1420583462643 1.0025787 5
259637983 2 99990 1420583462643 1.0025387 6
811303 2 99987 1420583462643 1.0025085 7
20745130 1 100067 1420583462643 0.9033113 8
15111389 1 100043 1420583462643 0.90307045 9
35947725 1 100027 1420583462643 0.9029099 10
