18964685 1 100001 1420574522643
20096207 1 100007 1420574522643
1381345892 1 100008 1420574522643
18964685 2 100001 1420574582643
20096207 1 100007 1420574582643
1381345892 1 100008 1420574582643
18964685 1 100001 1420574642643
1381345892 1 100008 1420574642643
1381345892 1 100008 1420574702643
18964685 1 100001 1420574822643
49437246 1 100001 1420574822643
1381345892 1 100007 1420574822643
18964685 1 100001 1420574882643
18725415 1 100002 1420574882643
18964685 2 100001 1420574942643
18725415 1 100002 1420574942643
14845376 1 100001 1420574942643
18964685 1 100001 1420575002643
49437246 1 100001 1420575002643
15601977 1 100001 1420575002643
15601977 1 100001 1420575062643
1381345892 2 100007 1420575062643
76162725 1 100001 1420575062643
15601977 1 100001 1420575122643
1381345892 2 100007 1420575122643
15601977 1 100001 1420575182643
1381345892 1 100007 1420575182643
1381345892 1 100007 1420575302643
87290802 1 100002 1420575362643
15601977 1 100001 1420575362643
1381345892 2 100007 1420575362643
14845376 1 100001 1420575422643
87290802 1 100002 1420575422643
15601977 1 100001 1420575422643
1381345892 1 100007 1420575422643
189107456 1 100001 1420575542643
15601977 1 100001 1420575542643
189107456 2 100001 1420575602643
189107456 1 100001 1420575662643
14845376 1 100001 1420575722643
15601977 1 100001 1420575722643
15601977 1 100001 1420575782643
1381345892 1 100007 1420575782643
14845376 1 100001 1420575842643
15601977 2 100001 1420575842643
1381345892 1 100007 1420575842643
14845376 1 100001 1420575902643
15601977 1 100001 1420575902643
8923182 1 100001 1420575902643
8923182 1 100001 1420575962643
15601977 1 100001 1420575962643
14845376 1 100001 1420576022643
15601977 2 100001 1420576022643
14845376 1 100001 1420576082643
15601977 2 100001 1420576082643
17810599 1 100001 1420576082643
8923182 1 100001 1420576082643
15601977 1 100001 1420576142643
17810599 1 100001 1420576142643
1381345892 2 100007 1420576142643
15601977 2 100001 1420576202643
1381345892 1 100007 1420576202643
14845376 2 100001 1420576262643
15601977 2 100001 1420576262643
193232854 1 100001 1420576262643
20096207 1 100007 1420576262643
14845376 1 100001 1420576322643
15601977 1 100001 1420576322643
20096207 1 100007 1420576322643
17810599 1 100001 1420576322643
1381345892 1 100007 1420576322643
17810599 1 100001 1420576382643
1381345892 1 100007 1420576382643
193232854 1 100001 1420576382643
14845376 1 100001 1420576442643
193232854 1 100001 1420576442643
193232854 1 100001 1420576502643
45710831 1 100002 1420576502643
15601977 1 100001 1420576562643
193232854 1 100001 1420576562643
45710831 1 100002 1420576562643
20096207 1 100006 1420576562643
8923182 1 100001 1420576562643
15601977 1 100001 1420576622643
193232854 1 100001 1420576622643
20096207 1 100006 1420576622643
8923182 1 100001 1420576622643
45710831 1 100002 1420576682643
45710831 1 100002 1420576742643
20096207 1 100006 1420576802643
1381345892 1 100006 1420576802643
49437246 1 100001 1420576862643
20096207 1 100006 1420576862643
17810599 2 100001 1420576862643
49437246 2 100001 1420576922643
15601977 1 100001 1420576922643
17810599 1 100001 1420576922643
1381345892 1 100006 1420576922643
49437246 2 100002 1420576982643
1381345892 1 100006 1420576982643
49437246 1 100002 1420577042643
14845376 1 100001 1420577042643
14845376 2 100001 1420577102643
174890917 1 100003 1420577102643
1381345892 1 100006 1420577102643
174890917 1 100003 1420577162643
109013694 1 100002 1420577162643
1381345892 1 100006 1420577162643
14845376 2 100001 1420577162643
15601977 1 100001 1420577162643
14845376 2 100001 1420577222643
174890917 1 100003 1420577222643
109013694 1 100002 1420577222643
1381345892 1 100006 1420577222643
14845376 2 100001 1420577282643
33320626 1 100004 1420577282643
174890917 1 100003 1420577282643
1381345892 2 100006 1420577282643
18725415 1 100002 1420577342643
14845376 2 100001 1420577342643
174890917 1 100003 1420577342643
109013694 1 100002 1420577342643
1381345892 2 100006 1420577342643
18725415 1 100002 1420577402643
14845376 2 100001 1420577402643
45710831 1 100002 1420577402643
174890917 1 100003 1420577402643
109013694 1 100002 1420577402643
1381345892 1 100006 1420577402643
18725415 1 100002 1420577462643
49437246 1 100002 1420577462643
14845376 2 100001 1420577462643
45710831 1 100002 1420577462643
203020760 1 100001 1420577462643
18725415 1 100002 1420577522643
49437246 1 100002 1420577522643
14845376 2 100001 1420577522643
14845376 2 100001 1420577582643
45710831 1 100002 1420577582643
174890917 2 100003 1420577582643
1381345892 1 100006 1420577582643
14845376 2 100009 1420577642643
174890917 2 100003 1420577642643
1381345892 1 100006 1420577642643
174890917 2 100003 1420577702643
1381345892 2 100006 1420577702643
14845376 2 100009 1420577702643
23354464 2 100001 1420577762643
14845376 2 100009 1420577762643
87290802 1 100001 1420577762643
174890917 2 100003 1420577762643
1381345892 2 100006 1420577762643
23354464 2 100001 1420577822643
14845376 2 100009 1420577822643
87290802 1 100001 1420577822643
45710831 1 100002 1420577822643
174890917 2 100003 1420577822643
1381345892 2 100006 1420577822643
23354464 2 100001 1420577882643
14845376 2 100009 1420577882643
45710831 1 100002 1420577882643
33320626 1 100004 1420577882643
174890917 2 100003 1420577882643
109013694 1 100002 1420577882643
1381345892 2 100006 1420577882643
23354464 2 100001 1420577942643
14845376 2 100009 1420577942643
33320626 1 100004 1420577942643
174890917 2 100003 1420577942643
20096207 1 100006 1420577942643
109013694 1 100002 1420577942643
1381345892 1 100006 1420577942643
23354464 2 100001 1420578002643
14845376 2 100009 1420578002643
160890393 1 100001 1420578002643
174890917 1 100003 1420578002643
20096207 1 100006 1420578002643
109013694 2 100002 1420578002643
1381345892 1 100006 1420578002643
23354464 2 100001 1420578062643
14845376 2 100009 1420578062643
45710831 1 100002 1420578062643
109013694 1 100002 1420578062643
1381345892 2 100006 1420578062643
23354464 2 100001 1420578122643
14845376 2 100009 1420578122643
45710831 1 100002 1420578122643
174890917 1 100003 1420578122643
1381345892 2 100006 1420578122643
23354464 2 100001 1420578182643
14845376 2 100009 1420578182643
174890917 1 100003 1420578182643
109013694 1 100002 1420578182643
1381345892 2 100006 1420578182643
23354464 2 100001 1420578242643
14845376 2 100009 1420578242643
160890393 1 100001 1420578242643
109013694 2 100002 1420578242643
1381345892 1 100006 1420578242643
23354464 2 100001 1420578302643
14845376 2 100009 1420578302643
160890393 1 100001 1420578302643
109013694 1 100002 1420578302643
1381345892 1 100006 1420578302643
76162725 1 100001 1420578302643
23354464 2 100001 1420578362643
14845376 2 100009 1420578362643
1381345892 2 100006 1420578362643
76162725 1 100001 1420578362643
23354464 2 100001 1420578422643
14845376 2 100009 1420578422643
1381345892 2 100006 1420578422643
18964685 1 100001 1420578482643
23354464 2 100001 1420578482643
14845376 2 100009 1420578482643
109013694 1 100002 1420578482643
1381345892 2 100006 1420578482643
19274498 1 100001 1420578482643
18964685 1 100001 1420578542643
23354464 2 100001 1420578542643
14845376 2 100009 1420578542643
109013694 1 100002 1420578542643
1381345892 1 100006 1420578542643
19274498 1 100001 1420578542643
23354464 2 100001 1420578602643
14845376 2 100009 1420578602643
23354464 2 100001 1420578662643
14845376 2 100009 1420578662643
1381345892 1 100006 1420578662643
23354464 2 100001 1420578722643
14845376 2 100009 1420578722643
1381345892 1 100006 1420578722643
23354464 2 100001 1420578782643
1381345892 1 100006 1420578782643
14845376 2 100009 1420578782643
23354464 2 100001 1420578842643
14845376 2 100009 1420578842643
23354464 1 100001 1420578902643
14845376 2 100009 1420578902643
19274498 1 100001 1420578902643
23354464 2 100001 1420578962643
14845376 2 100009 1420578962643
41644754 1 100003 1420578962643
18964685 1 100001 1420579022643
23354464 2 100001 1420579022643
14845376 1 100009 1420579022643
17604456 1 100002 1420579022643
160890393 2 100001 1420579022643
18964685 1 100001 1420579082643
23354464 2 100001 1420579082643
14845376 2 100009 1420579082643
17604456 1 100002 1420579082643
160890393 2 100001 1420579082643
19274498 1 100001 1420579082643
18964685 1 100001 1420579142643
23354464 2 100001 1420579142643
14845376 1 100009 1420579142643
160890393 1 100001 1420579142643
50023090 1 100007 1420579142643
19274498 1 100001 1420579142643
41644754 1 100003 1420579142643
23354464 1 100001 1420579202643
33320626 1 100004 1420579202643
15111389 1 100001 1420579202643
50023090 2 100007 1420579202643
41644754 1 100003 1420579202643
18964685 1 100001 1420579262643
23354464 1 100001 1420579262643
14845376 2 100009 1420579262643
33320626 1 100004 1420579262643
174890917 1 100003 1420579262643
1381345892 1 100006 1420579262643
50023090 1 100007 1420579262643
41644754 2 100003 1420579262643
18964685 1 100001 1420579322643
23354464 2 100001 1420579322643
14845376 2 100009 1420579322643
174890917 1 100003 1420579322643
1381345892 2 100006 1420579322643
41644754 1 100003 1420579322643
18964685 1 100001 1420579382643
23354464 2 100001 1420579382643
49437246 1 100002 1420579382643
14845376 2 100009 1420579382643
19034656 1 100002 1420579382643
1381345892 1 100005 1420579382643
41644754 1 100003 1420579382643
23354464 1 100001 1420579442643
14845376 2 100009 1420579442643
19034656 1 100002 1420579442643
879521 1 100002 1420579442643
4380591 1 100003 1420579442643
174890917 1 100003 1420579442643
1381345892 1 100005 1420579442643
41644754 1 100003 1420579442643
23354464 1 100001 1420579502643
14845376 1 100009 1420579502643
129917609 1 100001 1420579502643
879521 1 100002 1420579502643
4380591 1 100003 1420579502643
33320626 1 100004 1420579502643
174890917 2 100003 1420579502643
1381345892 1 100005 1420579502643
23354464 1 100001 1420579562643
14845376 2 100009 1420579562643
129917609 1 100001 1420579562643
33320626 1 100004 1420579562643
174890917 2 100003 1420579562643
18725415 1 100001 1420579622643
23354464 2 100001 1420579622643
14845376 1 100009 1420579622643
174890917 2 100003 1420579622643
18964685 1 100001 1420579682643
23354464 2 100001 1420579682643
14845376 1 100009 1420579682643
879521 1 100002 1420579682643
33320626 1 100004 1420579682643
174890917 2 100003 1420579682643
1381345892 1 100005 1420579682643
18964685 1 100001 1420579742643
18725415 1 100001 1420579742643
23354464 2 100001 1420579742643
14845376 2 100009 1420579742643
879521 1 100002 1420579742643
174890917 1 100003 1420579742643
1381345892 1 100005 1420579742643
19274498 1 100001 1420579742643
23354464 2 100001 1420579802643
14845376 2 100009 1420579802643
87290802 1 100001 1420579802643
879521 1 100002 1420579802643
174890917 2 100005 1420579802643
1381345892 2 100005 1420579802643
19274498 1 100001 1420579802643
23354464 1 100001 1420579862643
14845376 2 100009 1420579862643
87290802 1 100001 1420579862643
879521 1 100002 1420579862643
174890917 2 100005 1420579862643
1381345892 2 100005 1420579862643
14845376 2 100009 1420579922643
174890917 1 100005 1420579922643
10005212 1 100002 1420579922643
1381345892 2 100005 1420579922643
23354464 1 100001 1420579982643
14845376 2 100009 1420579982643
4380591 1 100003 1420579982643
10005212 1 100002 1420579982643
1381345892 2 100005 1420579982643
23354464 1 100001 1420580042643
14845376 1 100009 1420580042643
4380591 1 100003 1420580042643
174890917 1 100005 1420580042643
1381345892 1 100005 1420580042643
18964685 1 100001 1420580102643
23354464 1 100001 1420580102643
14845376 1 100009 1420580102643
193232854 1 100002 1420580102643
174890917 1 100005 1420580102643
1381345892 1 100005 1420580102643
18964685 1 100001 1420580162643
23354464 2 100001 1420580162643
14845376 2 100009 1420580162643
19034656 1 100002 1420580162643
45710831 1 100003 1420580162643
20096207 1 100003 1420580162643
23354464 1 100001 1420580222643
14845376 2 100009 1420580222643
45710831 2 100003 1420580222643
10005212 1 100002 1420580222643
14845376 1 100009 1420580282643
879521 1 100002 1420580282643
45710831 1 100003 1420580282643
109013694 1 100005 1420580282643
10005212 1 100002 1420580282643
1381345892 1 100005 1420580282643
23354464 1 100001 1420580342643
45710831 2 100003 1420580342643
174890917 2 100005 1420580342643
109013694 1 100005 1420580342643
10005212 2 100002 1420580342643
1381345892 1 100005 1420580342643
14845376 1 100009 1420580402643
45710831 1 100003 1420580402643
174890917 2 100005 1420580402643
10005212 1 100002 1420580402643
1381345892 1 100005 1420580402643
23354464 1 100001 1420580462643
14845376 2 100009 1420580462643
17604456 1 100002 1420580462643
45710831 2 100003 1420580462643
174890917 2 100005 1420580462643
1381345892 2 100005 1420580462643
23354464 1 100001 1420580522643
14845376 2 100015 1420580522643
17604456 1 100002 1420580522643
45710831 2 100003 1420580522643
174890917 1 100005 1420580522643
1381345892 2 100005 1420580522643
14845376 2 100015 1420580582643
45710831 2 100003 1420580582643
10005212 2 100002 1420580582643
1381345892 2 100005 1420580582643
19934731 1 100002 1420580582643
14845376 2 100015 1420580642643
45710831 2 100003 1420580642643
10005212 1 100002 1420580642643
1381345892 2 100005 1420580642643
19934731 1 100002 1420580642643
14845376 2 100015 1420580702643
45710831 2 100003 1420580702643
21104725 1 100002 1420580702643
174890917 1 100005 1420580702643
1381345892 1 100005 1420580702643
23354464 2 100001 1420580762643
14845376 2 100015 1420580762643
45710831 2 100003 1420580762643
174890917 1 100005 1420580762643
1381345892 1 100005 1420580762643
23354464 1 100001 1420580822643
18725415 1 100001 1420580822643
14845376 2 100015 1420580822643
45710831 1 100003 1420580822643
19934731 1 100002 1420580822643
18725415 1 100001 1420580882643
14845376 2 100015 1420580882643
17604456 1 100002 1420580882643
45710831 1 100003 1420580882643
14845376 2 100015 1420580942643
17604456 1 100002 1420580942643
45710831 2 100003 1420580942643
19934731 1 100002 1420580942643
202777395 1 100001 1420580942643
512403075 1 100004 1420581002643
23354464 1 100001 1420581002643
14845376 2 100015 1420581002643
19934731 2 100002 1420581002643
45710831 2 100003 1420581002643
202777395 2 100001 1420581002643
23354464 1 100003 1420581062643
14845376 2 100015 1420581062643
45710831 2 100003 1420581062643
512403075 1 100004 1420581062643
10005212 1 100002 1420581062643
19934731 2 100002 1420581062643
202777395 1 100001 1420581062643
23354464 1 100003 1420581122643
14845376 2 100015 1420581122643
45710831 2 100003 1420581122643
15111389 1 100001 1420581122643
19934731 1 100002 1420581122643
23354464 1 100003 1420581182643
14845376 2 100015 1420581182643
45710831 1 100003 1420581182643
21104725 1 100002 1420581182643
15111389 1 100001 1420581182643
19934731 1 100002 1420581182643
50023090 1 100007 1420581182643
14845376 2 100015 1420581242643
19934731 1 100002 1420581242643
202777395 1 100001 1420581242643
21104725 1 100002 1420581242643
14845376 2 100015 1420581302643
45710831 1 100003 1420581302643
19934731 1 100002 1420581302643
202777395 1 100001 1420581302643
18964685 1 100003 1420581362643
23354464 1 100003 1420581362643
18725415 1 100001 1420581362643
14845376 2 100015 1420581362643
45710831 2 100003 1420581362643
109013694 1 100005 1420581362643
19274498 1 100001 1420581362643
18964685 1 100003 1420581422643
49437246 1 100001 1420581422643
14845376 2 100015 1420581422643
45710831 2 100003 1420581422643
512403075 1 100004 1420581422643
109013694 1 100005 1420581422643
1381345892 1 100005 1420581422643
19274498 1 100001 1420581422643
18964685 1 100003 1420581482643
23354464 1 100003 1420581482643
49437246 1 100001 1420581482643
1381345892 1 100005 1420581482643
14845376 2 100015 1420581482643
45710831 2 100003 1420581482643
18725415 1 100001 1420581542643
23354464 1 100003 1420581542643
14845376 2 100015 1420581542643
45710831 1 100003 1420581542643
512403075 1 100004 1420581542643
19274498 1 100001 1420581542643
18725415 1 100001 1420581602643
14845376 2 100015 1420581602643
512403075 1 100004 1420581602643
174890917 1 100005 1420581602643
1381345892 1 100005 1420581602643
19274498 1 100001 1420581602643
23354464 1 100003 1420581662643
14845376 2 100015 1420581662643
19034656 1 100002 1420581662643
45710831 1 100003 1420581662643
174890917 1 100005 1420581662643
1381345892 2 100005 1420581662643
23354464 2 100003 1420581722643
14845376 2 100015 1420581722643
19034656 1 100002 1420581722643
193232854 1 100002 1420581722643
45710831 1 100003 1420581722643
15111389 1 100001 1420581722643
1381345892 2 100005 1420581722643
23354464 2 100003 1420581782643
14845376 1 100015 1420581782643
19034656 1 100002 1420581782643
193232854 1 100002 1420581782643
45710831 1 100003 1420581782643
15111389 2 100001 1420581782643
1381345892 2 100005 1420581782643
23354464 1 100003 1420581842643
14845376 1 100015 1420581842643
19034656 1 100002 1420581842643
879521 1 100004 1420581842643
45710831 1 100003 1420581842643
15111389 2 100001 1420581842643
10005212 1 100002 1420581842643
1381345892 2 100005 1420581842643
14845376 1 100015 1420581902643
45710831 1 100003 1420581902643
15111389 1 100001 1420581902643
10005212 1 100002 1420581902643
1381345892 2 100005 1420581902643
18964685 1 100003 1420581962643
23354464 1 100003 1420581962643
109013694 1 100005 1420581962643
1381345892 2 100005 1420581962643
14845376 2 100015 1420581962643
45710831 1 100003 1420581962643
18964685 1 100003 1420582022643
23354464 1 100003 1420582022643
14845376 1 100015 1420582022643
19034656 1 100002 1420582022643
109013694 1 100005 1420582022643
1381345892 2 100005 1420582022643
23354464 1 100003 1420582082643
14845376 1 100015 1420582082643
19034656 1 100002 1420582082643
45710831 1 100003 1420582082643
1381345892 2 100005 1420582082643
23354464 2 100003 1420582142643
6416622 1 100004 1420582142643
17604456 1 100002 1420582142643
45710831 1 100003 1420582142643
10005212 1 100002 1420582142643
1381345892 2 100005 1420582142643
23354464 2 100003 1420582202643
6416622 1 100004 1420582202643
14845376 1 100015 1420582202643
17604456 1 100002 1420582202643
45710831 1 100003 1420582202643
15111389 1 100001 1420582202643
10005212 1 100002 1420582202643
1381345892 1 100005 1420582202643
19934731 1 100002 1420582202643
23354464 1 100003 1420582262643
14845376 1 100015 1420582262643
43216942 1 100001 1420582262643
193232854 1 100002 1420582262643
17604456 1 100002 1420582262643
45710831 1 100003 1420582262643
19934731 2 100002 1420582262643
70314632 1 100003 1420582322643
193232854 2 100002 1420582322643
17604456 2 100002 1420582322643
45710831 1 100003 1420582322643
21104725 1 100002 1420582322643
1381345892 2 100005 1420582322643
19934731 1 100002 1420582322643
70314632 1 100003 1420582382643
14845376 1 100015 1420582382643
193232854 1 100002 1420582382643
17604456 1 100002 1420582382643
174890917 1 100005 1420582382643
1381345892 1 100005 1420582382643
14845376 1 100015 1420582442643
193232854 1 100002 1420582442643
17604456 1 100002 1420582442643
174890917 1 100005 1420582442643
1381345892 2 100005 1420582442643
19934731 2 100002 1420582442643
14845376 1 100015 1420582502643
193232854 1 100002 1420582502643
45710831 1 100003 1420582502643
1381345892 1 100005 1420582502643
19934731 2 100002 1420582502643
193232854 1 100002 1420582562643
4380591 1 100003 1420582562643
45710831 1 100003 1420582562643
10005212 1 100002 1420582562643
1381345892 2 100005 1420582562643
525187154 1 100002 1420582562643
19934731 1 100002 1420582562643
23354464 1 100003 1420582622643
14845376 1 100015 1420582622643
43216942 1 100001 1420582622643
193232854 2 100002 1420582622643
4380591 1 100003 1420582622643
512403075 1 100004 1420582622643
10005212 1 100002 1420582622643
1381345892 1 100005 1420582622643
23354464 2 100003 1420582682643
14845376 2 100015 1420582682643
43216942 1 100001 1420582682643
17604456 2 100007 1420582682643
193232854 1 100002 1420582682643
45710831 1 100003 1420582682643
202777395 1 100001 1420582682643
23354464 1 100003 1420582742643
49437246 1 100001 1420582742643
14845376 1 100015 1420582742643
193232854 1 100002 1420582742643
129917609 1 100001 1420582742643
17604456 1 100007 1420582742643
45710831 1 100003 1420582742643
1381345892 2 100005 1420582742643
23354464 1 100003 1420582802643
49437246 1 100001 1420582802643
14845376 2 100015 1420582802643
193232854 1 100002 1420582802643
14845376 2 100015 1420582862643
193232854 1 100002 1420582862643
45710831 1 100003 1420582862643
21986815 1 100002 1420582862643
23354464 1 100003 1420582922643
39841830 1 100001 1420582922643
14845376 2 100015 1420582922643
193232854 1 100002 1420582922643
21986815 1 100002 1420582922643
174890917 1 100005 1420582922643
20096207 1 100003 1420582922643
39841830 1 100001 1420582982643
14845376 1 100015 1420582982643
45710831 1 100003 1420582982643
33320626 1 100006 1420582982643
174890917 1 100005 1420582982643
20096207 1 100003 1420582982643
50672288 1 100001 1420582982643
70314632 1 100003 1420583042643
49437246 1 100001 1420583042643
14845376 1 100015 1420583042643
45710831 1 100003 1420583042643
33320626 1 100006 1420583042643
8923182 1 100001 1420583042643
525187154 1 100002 1420583042643
23354464 1 100003 1420583102643
70314632 1 100003 1420583102643
49437246 1 100001 1420583102643
14845376 1 100015 1420583102643
525187154 1 100002 1420583102643
202777395 1 100001 1420583102643
23354464 1 100003 1420583162643
49437246 1 100001 1420583162643
17604456 1 100007 1420583162643
202777395 1 100001 1420583162643
18725415 1 100002 1420583222643
49437246 1 100001 1420583222643
17604456 1 100007 1420583222643
18725415 1 100002 1420583282643
49437246 1 100001 1420583282643
14845376 1 100015 1420583282643
33320626 1 100006 1420583282643
183807568 1 100017 1420583282643
525187154 1 100002 1420583282643
14845376 1 100015 1420583342643
45710831 1 100003 1420583342643
33320626 1 100006 1420583342643
183807568 1 100017 1420583342643
525187154 2 100002 1420583342643
23354464 1 100003 1420583402643
49437246 2 100001 1420583402643
14845376 2 100015 1420583402643
193232854 1 100003 1420583402643
45710831 1 100004 1420583402643
525187154 2 100002 1420583402643
23354464 1 100003 1420583462643
49437246 1 100001 1420583462643
14845376 2 100015 1420583462643
525187154 2 100002 1420583462643
50023090 1 100011 1420583462643
