104227735 2 100001 1420574522643 1002.01 1
7867072 2 99999 1420574522643 1001.99 2
89787221 2 99997 1420574522643 1001.97 3
278093318 2 99997 1420574522643 1001.97 4
140080129 2 99997 1420574522643 1001.97 5
12273252 2 99996 1420574522643 1001.96 6
326821147 2 99988 1420574522643 1001.88 7
1381345892 1 100010 1420574522643 1001.1 8
20096207 1 100008 1420574522643 1001.08 9
824157 1 100002 1420574522643 1001.02 10
15111389 2 100001 1420574582643 1002.01 1
14192680 2 100000 1420574582643 1002.0 2
7867072 2 99999 1420574582643 1001.99 3
23354464 2 99998 1420574582643 1001.98 4
89787221 2 99997 1420574582643 1001.97 5
12273252 2 99996 1420574582643 1001.96 6
1381345892 1 100010 1420574582643 1001.1 7
20096207 1 100008 1420574582643 1001.08 8
107654081 1 100004 1420574582643 1001.04 9
29788830 1 100002 1420574582643 1001.02 10
73417273 2 100002 1420574642643 1002.02 1
7867072 2 99999 1420574642643 1001.99 2
89787221 2 99997 1420574642643 1001.97 3
27091328 2 99997 1420574642643 1001.97 4
12273252 2 99996 1420574642643 1001.96 5
12413892 2 99989 1420574642643 1001.89 6
1381345892 1 100010 1420574642643 1001.1 7
107654081 1 100004 1420574642643 1001.04 8
976147104 1 100002 1420574642643 1001.02 9
90714989 1 100001 1420574642643 1001.01 10
976147104 2 100002 1420574702643 1002.02 1
73417273 2 100002 1420574702643 1002.02 2
7867072 2 99999 1420574702643 1001.99 3
23354464 2 99998 1420574702643 1001.98 4
89787221 2 99997 1420574702643 1001.97 5
27091328 2 99997 1420574702643 1001.97 6
183807568 2 99954 1420574702643 1001.54 7
1381345892 1 100010 1420574702643 1001.1 8
23779501 1 100003 1420574702643 1001.03 9
11178672 1 100001 1420574702643 1001.01 10
73417273 2 100002 1420574762643 1002.02 1
11178672 2 100001 1420574762643 1002.01 2
7867072 2 99999 1420574762643 1001.99 3
89787221 2 99997 1420574762643 1001.97 4
278093318 2 99997 1420574762643 1001.97 5
27091328 2 99997 1420574762643 1001.97 6
92733433 2 99982 1420574762643 1001.82 7
183807568 2 99954 1420574762643 1001.54 8
17698956 2 99947 1420574762643 1001.47 9
23779501 1 100003 1420574762643 1001.03 10
73417273 2 100002 1420574822643 1002.02 1
11178672 2 100001 1420574822643 1002.01 2
7867072 2 99999 1420574822643 1001.99 3
89787221 2 99997 1420574822643 1001.97 4
27091328 2 99997 1420574822643 1001.97 5
38702668 2 99996 1420574822643 1001.96 6
92733433 2 99982 1420574822643 1001.82 7
1381345892 1 100010 1420574822643 1001.1 8
49437246 1 100003 1420574822643 1001.03 9
259637983 1 100003 1420574822643 1001.03 10
11178672 2 100001 1420574882643 1002.01 1
21842357 2 100001 1420574882643 1002.01 2
7867072 2 99999 1420574882643 1001.99 3
27091328 2 99997 1420574882643 1001.97 4
12273252 2 99996 1420574882643 1001.96 5
92733433 2 99982 1420574882643 1001.82 6
259637983 1 100003 1420574882643 1001.03 7
976147104 1 100002 1420574882643 1001.02 8
24773493 1 100002 1420574882643 1001.02 9
73417273 1 100002 1420574882643 1001.02 10
976147104 2 100002 1420574942643 1002.02 1
73417273 2 100002 1420574942643 1002.02 2
17070252 2 100002 1420574942643 1002.02 3
21842357 2 100001 1420574942643 1002.01 4
14192680 2 100000 1420574942643 1002.0 5
7867072 2 99999 1420574942643 1001.99 6
23354464 2 99998 1420574942643 1001.98 7
174890917 2 99998 1420574942643 1001.98 8
12273252 2 99996 1420574942643 1001.96 9
92733433 2 99982 1420574942643 1001.82 10
73417273 2 100002 1420575002643 1002.02 1
14192680 2 100000 1420575002643 1002.0 2
7867072 2 99999 1420575002643 1001.99 3
174890917 2 99998 1420575002643 1001.98 4
49437246 1 100003 1420575002643 1001.03 5
976147104 1 100002 1420575002643 1001.02 6
824157 1 100002 1420575002643 1001.02 7
17070252 1 100002 1420575002643 1001.02 8
15601977 1 100001 1420575002643 1001.01 9
15856366 1 100001 1420575002643 1001.01 10
1381345892 2 100010 1420575062643 1002.1 1
7867072 2 99999 1420575062643 1001.99 2
174890917 2 99998 1420575062643 1001.98 3
89787221 2 99997 1420575062643 1001.97 4
27091328 2 99997 1420575062643 1001.97 5
12273252 2 99996 1420575062643 1001.96 6
76162725 1 100003 1420575062643 1001.03 7
824157 1 100002 1420575062643 1001.02 8
73417273 1 100002 1420575062643 1001.02 9
16253142 1 100002 1420575062643 1001.02 10
1381345892 2 100010 1420575122643 1002.1 1
11178672 2 100001 1420575122643 1002.01 2
8861752 2 100001 1420575122643 1002.01 3
1051313198 2 100000 1420575122643 1002.0 4
89787221 2 99997 1420575122643 1001.97 5
27091328 2 99997 1420575122643 1001.97 6
186222238 2 99987 1420575122643 1001.87 7
76162725 1 100003 1420575122643 1001.03 8
16253142 1 100002 1420575122643 1001.02 9
174083824 1 100001 1420575122643 1001.01 10
89787221 2 99997 1420575182643 1001.97 1
140080129 2 99997 1420575182643 1001.97 2
12413892 2 99989 1420575182643 1001.89 3
1381345892 1 100010 1420575182643 1001.1 4
824157 1 100002 1420575182643 1001.02 5
15601977 1 100001 1420575182643 1001.01 6
11178672 1 100001 1420575182643 1001.01 7
15856366 1 100001 1420575182643 1001.01 8
8861752 1 100001 1420575182643 1001.01 9
1051313198 1 100000 1420575182643 1001.0 10
14192680 2 100000 1420575242643 1002.0 1
89787221 2 99997 1420575242643 1001.97 2
278093318 2 99997 1420575242643 1001.97 3
140080129 2 99997 1420575242643 1001.97 4
12413892 2 99989 1420575242643 1001.89 5
92733433 2 99982 1420575242643 1001.82 6
17070252 1 100002 1420575242643 1001.02 7
19034656 1 100001 1420575242643 1001.01 8
17472921 1 100001 1420575242643 1001.01 9
16045956 1 100000 1420575242643 1001.0 10
17070252 2 100002 1420575302643 1002.02 1
174890917 2 99998 1420575302643 1001.98 2
17604456 2 99990 1420575302643 1001.9 3
12413892 2 99989 1420575302643 1001.89 4
1381345892 1 100010 1420575302643 1001.1 5
73417273 1 100002 1420575302643 1001.02 6
19034656 1 100001 1420575302643 1001.01 7
11178672 1 100001 1420575302643 1001.01 8
21842357 1 100001 1420575302643 1001.01 9
8861752 1 100001 1420575302643 1001.01 10
1381345892 2 100010 1420575362643 1002.1 1
73417273 2 100002 1420575362643 1002.02 2
17070252 2 100002 1420575362643 1002.02 3
18970044 2 100000 1420575362643 1002.0 4
7867072 2 99999 1420575362643 1001.99 5
12273252 2 99996 1420575362643 1001.96 6
17604456 2 99990 1420575362643 1001.9 7
20660146 1 100003 1420575362643 1001.03 8
76162725 1 100003 1420575362643 1001.03 9
24773493 1 100002 1420575362643 1001.02 10
24773493 2 100002 1420575422643 1002.02 1
17070252 2 100002 1420575422643 1002.02 2
20745130 2 100001 1420575422643 1002.01 3
14192680 2 100000 1420575422643 1002.0 4
278093318 2 99997 1420575422643 1001.97 5
140080129 2 99997 1420575422643 1001.97 6
202777395 2 99996 1420575422643 1001.96 7
1618007706 2 99995 1420575422643 1001.95 8
1381345892 1 100010 1420575422643 1001.1 9
20660146 1 100003 1420575422643 1001.03 10
17070252 2 100002 1420575482643 1002.02 1
14192680 2 100000 1420575482643 1002.0 2
174890917 2 99998 1420575482643 1001.98 3
89787221 2 99997 1420575482643 1001.97 4
278093318 2 99997 1420575482643 1001.97 5
140080129 2 99997 1420575482643 1001.97 6
24773493 1 100002 1420575482643 1001.02 7
46697447 1 100002 1420575482643 1001.02 8
234484328 1 100001 1420575482643 1001.01 9
20745130 1 100001 1420575482643 1001.01 10
7867072 2 99999 1420575542643 1001.99 1
174890917 2 99998 1420575542643 1001.98 2
89787221 2 99997 1420575542643 1001.97 3
278093318 2 99997 1420575542643 1001.97 4
140080129 2 99997 1420575542643 1001.97 5
226107231 1 100002 1420575542643 1001.02 6
17070252 1 100002 1420575542643 1001.02 7
73417273 1 100002 1420575542643 1001.02 8
234484328 1 100001 1420575542643 1001.01 9
15601977 1 100001 1420575542643 1001.01 10
73417273 2 100002 1420575602643 1002.02 1
189107456 2 99998 1420575602643 1001.98 2
89787221 2 99997 1420575602643 1001.97 3
140080129 2 99997 1420575602643 1001.97 4
24773493 1 100002 1420575602643 1001.02 5
226107231 1 100002 1420575602643 1001.02 6
14787749 1 100001 1420575602643 1001.01 7
4380591 1 100000 1420575602643 1001.0 8
40996128 1 99999 1420575602643 1000.99 9
7867072 1 99999 1420575602643 1000.99 10
73417273 2 100002 1420575662643 1002.02 1
89787221 2 99997 1420575662643 1001.97 2
140080129 2 99997 1420575662643 1001.97 3
326821147 2 99988 1420575662643 1001.88 4
92733433 2 99982 1420575662643 1001.82 5
1566741842 1 100008 1420575662643 1001.08 6
199358175 1 100004 1420575662643 1001.04 7
259637983 1 100003 1420575662643 1001.03 8
24773493 1 100002 1420575662643 1001.02 9
11178672 1 100001 1420575662643 1001.01 10
73417273 2 100002 1420575722643 1002.02 1
21044502 2 100000 1420575722643 1002.0 2
69020299 2 99999 1420575722643 1001.99 3
23354464 2 99998 1420575722643 1001.98 4
140080129 2 99997 1420575722643 1001.97 5
1566741842 1 100008 1420575722643 1001.08 6
199358175 1 100004 1420575722643 1001.04 7
259637983 1 100003 1420575722643 1001.03 8
976147104 1 100002 1420575722643 1001.02 9
824157 1 100002 1420575722643 1001.02 10
73417273 2 100002 1420575782643 1002.02 1
11178672 2 100001 1420575782643 1002.01 2
69020299 2 99999 1420575782643 1001.99 3
89787221 2 99997 1420575782643 1001.97 4
278093318 2 99997 1420575782643 1001.97 5
140080129 2 99997 1420575782643 1001.97 6
1381345892 1 100010 1420575782643 1001.1 7
15787325 1 100002 1420575782643 1001.02 8
976147104 1 100002 1420575782643 1001.02 9
824157 1 100002 1420575782643 1001.02 10
15601977 2 100001 1420575842643 1002.01 1
69020299 2 99999 1420575842643 1001.99 2
140080129 2 99997 1420575842643 1001.97 3
27091328 2 99997 1420575842643 1001.97 4
1381345892 1 100010 1420575842643 1001.1 5
73417273 1 100002 1420575842643 1001.02 6
234484328 1 100001 1420575842643 1001.01 7
11178672 1 100001 1420575842643 1001.01 8
24177962 1 100001 1420575842643 1001.01 9
525187154 1 100000 1420575842643 1001.0 10
69020299 2 99999 1420575902643 1001.99 1
21986815 2 99999 1420575902643 1001.99 2
7867072 2 99999 1420575902643 1001.99 3
140080129 2 99997 1420575902643 1001.97 4
92733433 2 99982 1420575902643 1001.82 5
8923182 1 100003 1420575902643 1001.03 6
24773493 1 100002 1420575902643 1001.02 7
19274498 1 100002 1420575902643 1001.02 8
17070252 1 100002 1420575902643 1001.02 9
234484328 1 100001 1420575902643 1001.01 10
11178672 2 100001 1420575962643 1002.01 1
69020299 2 99999 1420575962643 1001.99 2
140080129 2 99997 1420575962643 1001.97 3
92733433 2 99982 1420575962643 1001.82 4
8923182 1 100003 1420575962643 1001.03 5
17070252 1 100002 1420575962643 1001.02 6
73417273 1 100002 1420575962643 1001.02 7
818340 1 100001 1420575962643 1001.01 8
15601977 1 100001 1420575962643 1001.01 9
388784593 1 100001 1420575962643 1001.01 10
15601977 2 100001 1420576022643 1002.01 1
69020299 2 99999 1420576022643 1001.99 2
118292510 2 99997 1420576022643 1001.97 3
140080129 2 99997 1420576022643 1001.97 4
12273252 2 99996 1420576022643 1001.96 5
92733433 2 99982 1420576022643 1001.82 6
17698956 2 99947 1420576022643 1001.47 7
818340 1 100001 1420576022643 1001.01 8
20745130 1 100001 1420576022643 1001.01 9
11178672 1 100001 1420576022643 1001.01 10
15601977 2 100001 1420576082643 1002.01 1
69020299 2 99999 1420576082643 1001.99 2
118292510 2 99997 1420576082643 1001.97 3
140080129 2 99997 1420576082643 1001.97 4
202777395 2 99996 1420576082643 1001.96 5
214214616 1 100003 1420576082643 1001.03 6
8923182 1 100003 1420576082643 1001.03 7
567341777 1 100002 1420576082643 1001.02 8
24773493 1 100002 1420576082643 1001.02 9
16785615 1 100001 1420576082643 1001.01 10
1381345892 2 100010 1420576142643 1002.1 1
14192680 2 100000 1420576142643 1002.0 2
69020299 2 99999 1420576142643 1001.99 3
7867072 2 99999 1420576142643 1001.99 4
174890917 2 99998 1420576142643 1001.98 5
278093318 2 99997 1420576142643 1001.97 6
140080129 2 99997 1420576142643 1001.97 7
12273252 2 99996 1420576142643 1001.96 8
12413892 2 99989 1420576142643 1001.89 9
17698956 2 99947 1420576142643 1001.47 10
15601977 2 100001 1420576202643 1002.01 1
69020299 2 99999 1420576202643 1001.99 2
7867072 2 99999 1420576202643 1001.99 3
23354464 2 99998 1420576202643 1001.98 4
27091328 2 99997 1420576202643 1001.97 5
12273252 2 99996 1420576202643 1001.96 6
92733433 2 99982 1420576202643 1001.82 7
17698956 2 99947 1420576202643 1001.47 8
1381345892 1 100010 1420576202643 1001.1 9
199358175 1 100004 1420576202643 1001.04 10
15601977 2 100001 1420576262643 1002.01 1
15856366 2 100001 1420576262643 1002.01 2
27091328 2 99997 1420576262643 1001.97 3
14845376 2 99995 1420576262643 1001.95 4
12413892 2 99989 1420576262643 1001.89 5
20096207 1 100008 1420576262643 1001.08 6
472207757 1 100002 1420576262643 1001.02 7
17070252 1 100002 1420576262643 1001.02 8
193232854 1 100001 1420576262643 1001.01 9
20745130 1 100001 1420576262643 1001.01 10
69020299 2 99999 1420576322643 1001.99 1
12413892 2 99989 1420576322643 1001.89 2
1381345892 1 100010 1420576322643 1001.1 3
20096207 1 100008 1420576322643 1001.08 4
17070252 1 100002 1420576322643 1001.02 5
16785615 1 100001 1420576322643 1001.01 6
15601977 1 100001 1420576322643 1001.01 7
15856366 1 100001 1420576322643 1001.01 8
818340 1 100001 1420576322643 1001.01 9
17810599 1 100000 1420576322643 1001.0 10
12413892 2 99989 1420576382643 1001.89 1
17698956 2 99947 1420576382643 1001.47 2
1381345892 1 100010 1420576382643 1001.1 3
19034656 1 100001 1420576382643 1001.01 4
130600206 1 100001 1420576382643 1001.01 5
16785615 1 100001 1420576382643 1001.01 6
193232854 1 100001 1420576382643 1001.01 7
2200632505 1 100000 1420576382643 1001.0 8
17810599 1 100000 1420576382643 1001.0 9
14192680 1 100000 1420576382643 1001.0 10
278093318 2 99997 1420576442643 1001.97 1
487535749 2 99996 1420576442643 1001.96 2
44426926 2 99990 1420576442643 1001.9 3
12413892 2 99989 1420576442643 1001.89 4
199358175 1 100004 1420576442643 1001.04 5
73417273 1 100002 1420576442643 1001.02 6
19034656 1 100001 1420576442643 1001.01 7
130600206 1 100001 1420576442643 1001.01 8
18880366 1 100001 1420576442643 1001.01 9
193232854 1 100001 1420576442643 1001.01 10
8861752 2 100001 1420576502643 1002.01 1
69020299 2 99999 1420576502643 1001.99 2
278093318 2 99997 1420576502643 1001.97 3
140080129 2 99997 1420576502643 1001.97 4
12413892 2 99989 1420576502643 1001.89 5
17698956 2 99947 1420576502643 1001.47 6
976147104 1 100002 1420576502643 1001.02 7
18880366 1 100001 1420576502643 1001.01 8
193232854 1 100001 1420576502643 1001.01 9
818340 1 100001 1420576502643 1001.01 10
824157 2 100002 1420576562643 1002.02 1
818340 2 100001 1420576562643 1002.01 2
8861752 2 100001 1420576562643 1002.01 3
69020299 2 99999 1420576562643 1001.99 4
23354464 2 99998 1420576562643 1001.98 5
12413892 2 99989 1420576562643 1001.89 6
309220197 2 99970 1420576562643 1001.7 7
17698956 2 99947 1420576562643 1001.47 8
20096207 1 100008 1420576562643 1001.08 9
8923182 1 100003 1420576562643 1001.03 10
8861752 2 100001 1420576622643 1002.01 1
69020299 2 99999 1420576622643 1001.99 2
326821147 2 99988 1420576622643 1001.88 3
20096207 1 100008 1420576622643 1001.08 4
8923182 1 100003 1420576622643 1001.03 5
824157 1 100002 1420576622643 1001.02 6
193232854 1 100001 1420576622643 1001.01 7
15601977 1 100001 1420576622643 1001.01 8
818340 1 100001 1420576622643 1001.01 9
18970044 1 100000 1420576622643 1001.0 10
69020299 2 99999 1420576682643 1001.99 1
7867072 2 99999 1420576682643 1001.99 2
19200736 2 99998 1420576682643 1001.98 3
278093318 2 99997 1420576682643 1001.97 4
46697447 1 100002 1420576682643 1001.02 5
24705687 1 100001 1420576682643 1001.01 6
8861752 1 100001 1420576682643 1001.01 7
18970044 1 100000 1420576682643 1001.0 8
16045956 1 100000 1420576682643 1001.0 9
45710831 1 99999 1420576682643 1000.99 10
818340 2 100001 1420576742643 1002.01 1
8861752 2 100001 1420576742643 1002.01 2
69020299 2 99999 1420576742643 1001.99 3
278093318 2 99997 1420576742643 1001.97 4
140080129 2 99997 1420576742643 1001.97 5
24849868 2 99990 1420576742643 1001.9 6
17698956 2 99947 1420576742643 1001.47 7
46697447 1 100002 1420576742643 1001.02 8
24705687 1 100001 1420576742643 1001.01 9
1051313198 1 100000 1420576742643 1001.0 10
69020299 2 99999 1420576802643 1001.99 1
23354464 2 99998 1420576802643 1001.98 2
174890917 2 99998 1420576802643 1001.98 3
89787221 2 99997 1420576802643 1001.97 4
140080129 2 99997 1420576802643 1001.97 5
44426926 2 99990 1420576802643 1001.9 6
24849868 2 99990 1420576802643 1001.9 7
17698956 2 99947 1420576802643 1001.47 8
1381345892 1 100010 1420576802643 1001.1 9
20096207 1 100008 1420576802643 1001.08 10
17810599 2 100000 1420576862643 1002.0 1
7867072 2 99999 1420576862643 1001.99 2
23354464 2 99998 1420576862643 1001.98 3
57333521 2 99998 1420576862643 1001.98 4
89787221 2 99997 1420576862643 1001.97 5
140080129 2 99997 1420576862643 1001.97 6
12273252 2 99996 1420576862643 1001.96 7
20096207 1 100008 1420576862643 1001.08 8
811303 1 100006 1420576862643 1001.06 9
49437246 1 100003 1420576862643 1001.03 10
49437246 2 100003 1420576922643 1002.03 1
14192680 2 100000 1420576922643 1002.0 2
57333521 2 99998 1420576922643 1001.98 3
140080129 2 99997 1420576922643 1001.97 4
1381345892 1 100010 1420576922643 1001.1 5
15601977 1 100001 1420576922643 1001.01 6
15980503 1 100000 1420576922643 1001.0 7
17810599 1 100000 1420576922643 1001.0 8
92791146 1 100000 1420576922643 1001.0 9
89316412 1 100000 1420576922643 1001.0 10
49437246 2 100003 1420576982643 1002.03 1
14192680 2 100000 1420576982643 1002.0 2
69020299 2 99999 1420576982643 1001.99 3
7867072 2 99999 1420576982643 1001.99 4
89787221 2 99997 1420576982643 1001.97 5
394078527 2 99989 1420576982643 1001.89 6
1381345892 1 100010 1420576982643 1001.1 7
24773493 1 100002 1420576982643 1001.02 8
824157 1 100002 1420576982643 1001.02 9
15980503 1 100000 1420576982643 1001.0 10
7867072 2 99999 1420577042643 1001.99 1
23354464 2 99998 1420577042643 1001.98 2
174890917 2 99998 1420577042643 1001.98 3
27091328 2 99997 1420577042643 1001.97 4
1618007706 2 99995 1420577042643 1001.95 5
49437246 1 100003 1420577042643 1001.03 6
316053072 1 100002 1420577042643 1001.02 7
24773493 1 100002 1420577042643 1001.02 8
19034656 1 100001 1420577042643 1001.01 9
123576946 1 100001 1420577042643 1001.01 10
8861752 2 100001 1420577102643 1002.01 1
7867072 2 99999 1420577102643 1001.99 2
23354464 2 99998 1420577102643 1001.98 3
14845376 2 99995 1420577102643 1001.95 4
1381345892 1 100010 1420577102643 1001.1 5
316053072 1 100002 1420577102643 1001.02 6
73417273 1 100002 1420577102643 1001.02 7
19034656 1 100001 1420577102643 1001.01 8
55252152 1 100000 1420577102643 1001.0 9
18811814 1 99999 1420577102643 1000.99 10
175295203 2 100001 1420577162643 1002.01 1
25368027 2 99996 1420577162643 1001.96 2
14845376 2 99995 1420577162643 1001.95 3
10069612 2 99993 1420577162643 1001.93 4
24849868 2 99990 1420577162643 1001.9 5
1381345892 1 100010 1420577162643 1001.1 6
17070252 1 100002 1420577162643 1001.02 7
73417273 1 100002 1420577162643 1001.02 8
16101657 1 100001 1420577162643 1001.01 9
20263526 1 100001 1420577162643 1001.01 10
14192680 2 100000 1420577222643 1002.0 1
25368027 2 99996 1420577222643 1001.96 2
14845376 2 99995 1420577222643 1001.95 3
24849868 2 99990 1420577222643 1001.9 4
1381345892 1 100010 1420577222643 1001.1 5
73417273 1 100002 1420577222643 1001.02 6
16785615 1 100001 1420577222643 1001.01 7
175295203 1 100001 1420577222643 1001.01 8
20263526 1 100001 1420577222643 1001.01 9
16101657 1 100001 1420577222643 1001.01 10
1381345892 2 100010 1420577282643 1002.1 1
14192680 2 100000 1420577282643 1002.0 2
69020299 2 99999 1420577282643 1001.99 3
25368027 2 99996 1420577282643 1001.96 4
14845376 2 99995 1420577282643 1001.95 5
24773493 1 100002 1420577282643 1001.02 6
824157 1 100002 1420577282643 1001.02 7
17070252 1 100002 1420577282643 1001.02 8
18360000 1 100001 1420577282643 1001.01 9
24705687 1 100001 1420577282643 1001.01 10
1381345892 2 100010 1420577342643 1002.1 1
23354464 2 99998 1420577342643 1001.98 2
14845376 2 99995 1420577342643 1001.95 3
214214616 1 100003 1420577342643 1001.03 4
976147104 1 100002 1420577342643 1001.02 5
24773493 1 100002 1420577342643 1001.02 6
17070252 1 100002 1420577342643 1001.02 7
18725415 1 100001 1420577342643 1001.01 8
14192680 1 100000 1420577342643 1001.0 9
69020299 1 99999 1420577342643 1000.99 10
23354464 2 99998 1420577402643 1001.98 1
12273252 2 99996 1420577402643 1001.96 2
14845376 2 99995 1420577402643 1001.95 3
10069612 2 99993 1420577402643 1001.93 4
226606138 2 99992 1420577402643 1001.92 5
1381345892 1 100010 1420577402643 1001.1 6
203020760 1 100002 1420577402643 1001.02 7
73417273 1 100002 1420577402643 1001.02 8
18725415 1 100001 1420577402643 1001.01 9
14192680 1 100000 1420577402643 1001.0 10
8861752 2 100001 1420577462643 1002.01 1
14192680 2 100000 1420577462643 1002.0 2
23354464 2 99998 1420577462643 1001.98 3
12273252 2 99996 1420577462643 1001.96 4
14845376 2 99995 1420577462643 1001.95 5
49437246 1 100003 1420577462643 1001.03 6
203020760 1 100002 1420577462643 1001.02 7
73417273 1 100002 1420577462643 1001.02 8
18725415 1 100001 1420577462643 1001.01 9
11129062 1 100000 1420577462643 1001.0 10
