17698956 1 100003 1420574522643
174890917 1 100008 1420574522643
89787221 2 100014 1420574522643
824157 1 100001 1420574522643
12273252 2 100012 1420574522643
17604456 1 100005 1420574522643
18964685 1 100004 1420574522643
21986815 1 100003 1420574522643
20096207 1 100021 1420574522643
17698956 1 100003 1420574582643
21862217 1 100013 1420574582643
174890917 1 100008 1420574582643
89787221 2 100014 1420574582643
12273252 2 100012 1420574582643
18964685 2 100004 1420574582643
21986815 1 100003 1420574582643
20096207 1 100021 1420574582643
21862217 1 100013 1420574642643
89787221 2 100014 1420574642643
118292510 1 100022 1420574642643
12273252 2 100012 1420574642643
18964685 1 100004 1420574642643
24705687 1 100003 1420574642643
17698956 1 100003 1420574702643
21862217 1 100013 1420574702643
89787221 2 100014 1420574702643
118292510 1 100022 1420574702643
12273252 1 100012 1420574702643
24705687 1 100003 1420574702643
17698956 2 100003 1420574762643
89787221 2 100014 1420574762643
12273252 1 100012 1420574762643
17604456 1 100005 1420574762643
17698956 1 100003 1420574822643
89787221 2 100014 1420574822643
25368027 1 100050 1420574822643
12273252 1 100012 1420574822643
18964685 1 100004 1420574822643
26207922 1 100003 1420574822643
174890917 1 100008 1420574882643
89787221 1 100014 1420574882643
25368027 1 100050 1420574882643
12273252 2 100012 1420574882643
818340 1 100001 1420574882643
18964685 1 100004 1420574882643
174890917 2 100008 1420574942643
12273252 2 100012 1420574942643
818340 1 100001 1420574942643
18964685 2 100004 1420574942643
174890917 2 100008 1420575002643
89787221 1 100014 1420575002643
824157 1 100001 1420575002643
15601977 1 100001 1420575002643
12273252 1 100012 1420575002643
18964685 1 100004 1420575002643
24705687 1 100003 1420575002643
174890917 2 100008 1420575062643
89787221 2 100014 1420575062643
174083824 1 100054 1420575062643
824157 1 100001 1420575062643
15601977 1 100001 1420575062643
12273252 2 100012 1420575062643
18964685 1 100004 1420575062643
24705687 1 100003 1420575062643
21986815 1 100003 1420575062643
174890917 1 100008 1420575122643
89787221 2 100014 1420575122643
174083824 1 100054 1420575122643
15601977 1 100001 1420575122643
12273252 1 100012 1420575122643
25870048 1 100017 1420575122643
18964685 1 100004 1420575122643
89787221 2 100014 1420575182643
824157 1 100001 1420575182643
15601977 1 100001 1420575182643
12273252 1 100012 1420575182643
202777395 1 100012 1420575182643
25870048 1 100017 1420575182643
18964685 1 100004 1420575182643
89787221 2 100014 1420575242643
118292510 1 100022 1420575242643
12273252 1 100012 1420575242643
17604456 1 100005 1420575242643
202777395 1 100012 1420575242643
18964685 1 100004 1420575242643
21986815 1 100003 1420575242643
174890917 2 100008 1420575302643
89787221 1 100014 1420575302643
118292510 1 100022 1420575302643
12273252 1 100012 1420575302643
17604456 2 100005 1420575302643
21986815 1 100003 1420575302643
19964088 1 100047 1420575362643
174890917 1 100008 1420575362643
824157 1 100001 1420575362643
118292510 1 100022 1420575362643
15601977 1 100001 1420575362643
12273252 2 100012 1420575362643
17604456 2 100005 1420575362643
18964685 1 100004 1420575362643
21986815 1 100003 1420575362643
10069612 1 100004 1420575362643
19964088 1 100047 1420575422643
174890917 1 100008 1420575422643
89787221 1 100014 1420575422643
15601977 1 100001 1420575422643
25368027 1 100050 1420575422643
12273252 1 100012 1420575422643
17604456 1 100005 1420575422643
202777395 2 100012 1420575422643
17810599 1 100011 1420575422643
18964685 1 100004 1420575422643
10069612 1 100004 1420575422643
19964088 1 100047 1420575482643
174890917 2 100008 1420575482643
89787221 2 100014 1420575482643
25368027 1 100050 1420575482643
202777395 1 100012 1420575482643
18964685 1 100004 1420575482643
21986815 1 100003 1420575482643
19964088 1 100047 1420575542643
174890917 2 100008 1420575542643
18964685 1 100004 1420575542643
89787221 2 100014 1420575542643
21986815 1 100003 1420575542643
15601977 1 100001 1420575542643
12273252 1 100012 1420575542643
174890917 1 100008 1420575602643
89787221 2 100014 1420575602643
25368027 1 100050 1420575602643
12273252 1 100012 1420575602643
10069612 1 100004 1420575602643
17698956 1 100003 1420575662643
89787221 2 100014 1420575662643
12273252 1 100012 1420575662643
202777395 1 100012 1420575662643
10069612 1 100004 1420575662643
555359654 1 100024 1420575662643
199358175 1 100017 1420575662643
17698956 1 100003 1420575722643
89787221 1 100014 1420575722643
824157 1 100001 1420575722643
15601977 1 100001 1420575722643
12273252 1 100012 1420575722643
349227445 1 100029 1420575722643
555359654 1 100024 1420575722643
199358175 1 100017 1420575722643
17698956 1 100003 1420575782643
15787325 1 100006 1420575782643
89787221 2 100014 1420575782643
824157 1 100001 1420575782643
15601977 1 100001 1420575782643
21104725 1 100015 1420575782643
25368027 1 100050 1420575782643
12273252 1 100012 1420575782643
349227445 1 100029 1420575782643
17965433 1 100005 1420575782643
14745100 1 100006 1420575782643
18964685 1 100004 1420575782643
394078527 1 100011 1420575842643
89787221 1 100014 1420575842643
21104725 1 100015 1420575842643
15601977 2 100001 1420575842643
25368027 1 100050 1420575842643
12273252 1 100012 1420575842643
202777395 1 100012 1420575842643
22192440 1 100005 1420575842643
17965433 1 100005 1420575842643
14745100 1 100006 1420575842643
18964685 2 100004 1420575842643
17698956 1 100003 1420575902643
15601977 1 100001 1420575902643
12273252 1 100012 1420575902643
202777395 1 100012 1420575902643
8923182 1 100014 1420575902643
18964685 1 100004 1420575902643
21986815 2 100003 1420575902643
17698956 1 100003 1420575962643
394078527 1 100011 1420575962643
8923182 1 100014 1420575962643
818340 1 100001 1420575962643
89787221 1 100014 1420575962643
21986815 1 100003 1420575962643
15601977 1 100001 1420575962643
12273252 1 100012 1420575962643
394078527 1 100011 1420576022643
17698956 2 100003 1420576022643
202777395 1 100012 1420576022643
818340 1 100001 1420576022643
89787221 1 100014 1420576022643
118292510 2 100022 1420576022643
15601977 2 100001 1420576022643
12273252 2 100012 1420576022643
17698956 1 100003 1420576082643
174890917 1 100008 1420576082643
89787221 1 100014 1420576082643
118292510 2 100022 1420576082643
15601977 2 100001 1420576082643
387220815 1 100011 1420576082643
12273252 1 100012 1420576082643
202777395 2 100012 1420576082643
8923182 1 100014 1420576082643
17810599 1 100011 1420576082643
17698956 2 100003 1420576142643
174890917 2 100008 1420576142643
89787221 1 100014 1420576142643
118292510 1 100022 1420576142643
15601977 1 100001 1420576142643
387220815 1 100011 1420576142643
12273252 2 100012 1420576142643
202777395 1 100012 1420576142643
17810599 1 100011 1420576142643
199358175 1 100017 1420576142643
17698956 2 100003 1420576202643
394078527 1 100011 1420576202643
174890917 1 100008 1420576202643
824157 1 100001 1420576202643
15601977 2 100001 1420576202643
12273252 2 100012 1420576202643
199358175 1 100017 1420576202643
17698956 1 100003 1420576262643
394078527 1 100011 1420576262643
15601977 2 100001 1420576262643
12273252 1 100012 1420576262643
818340 1 100001 1420576262643
22192440 1 100005 1420576262643
15907716 1 100005 1420576262643
20096207 1 100021 1420576262643
17698956 1 100003 1420576322643
15601977 1 100001 1420576322643
12273252 1 100012 1420576322643
818340 1 100001 1420576322643
17810599 1 100011 1420576322643
22192440 1 100005 1420576322643
20096207 1 100021 1420576322643
17698956 2 100003 1420576382643
118292510 1 100022 1420576382643
17810599 1 100011 1420576382643
17698956 1 100003 1420576442643
118292510 1 100022 1420576442643
199358175 1 100017 1420576442643
17698956 2 100003 1420576502643
118292510 1 100022 1420576502643
818340 1 100001 1420576502643
17698956 2 100003 1420576562643
824157 2 100001 1420576562643
118292510 1 100022 1420576562643
15601977 1 100001 1420576562643
12273252 1 100012 1420576562643
8923182 1 100014 1420576562643
818340 2 100001 1420576562643
18964685 1 100004 1420576562643
20096207 1 100021 1420576562643
17698956 1 100003 1420576622643
394078527 1 100011 1420576622643
824157 1 100001 1420576622643
15601977 1 100001 1420576622643
21104725 1 100015 1420576622643
12273252 1 100012 1420576622643
17604456 1 100005 1420576622643
8923182 1 100014 1420576622643
818340 1 100001 1420576622643
18964685 1 100004 1420576622643
20096207 1 100021 1420576622643
12273252 1 100012 1420576682643
17604456 1 100005 1420576682643
24705687 1 100003 1420576682643
17698956 2 100003 1420576742643
394078527 1 100011 1420576742643
174890917 1 100008 1420576742643
89787221 1 100014 1420576742643
12273252 1 100012 1420576742643
818340 2 100001 1420576742643
18964685 1 100004 1420576742643
24705687 1 100003 1420576742643
15907716 1 100005 1420576742643
17698956 2 100003 1420576802643
394078527 1 100011 1420576802643
174890917 2 100008 1420576802643
89787221 2 100014 1420576802643
824157 1 100001 1420576802643
12273252 1 100012 1420576802643
818340 1 100001 1420576802643
18964685 2 100004 1420576802643
20096207 1 100021 1420576802643
17698956 1 100003 1420576862643
174890917 1 100008 1420576862643
89787221 2 100014 1420576862643
824157 1 100001 1420576862643
12273252 2 100012 1420576862643
17810599 2 100011 1420576862643
18964685 1 100004 1420576862643
10069612 1 100004 1420576862643
15907716 1 100005 1420576862643
20096207 1 100021 1420576862643
394078527 1 100011 1420576922643
89787221 1 100014 1420576922643
15601977 1 100001 1420576922643
12273252 1 100012 1420576922643
17810599 1 100011 1420576922643
10069612 1 100004 1420576922643
15907716 1 100005 1420576922643
394078527 2 100011 1420576982643
17698956 1 100003 1420576982643
174890917 1 100008 1420576982643
89787221 2 100014 1420576982643
824157 1 100001 1420576982643
10069612 1 100004 1420576982643
17698956 1 100003 1420577042643
394078527 1 100011 1420577042643
174890917 2 100008 1420577042643
89787221 1 100014 1420577042643
12273252 1 100012 1420577042643
17604456 1 100005 1420577042643
10069612 1 100004 1420577042643
19964088 1 100047 1420577102643
174890917 1 100008 1420577102643
21104725 1 100015 1420577102643
25368027 1 100050 1420577102643
17604456 1 100005 1420577102643
19964088 1 100047 1420577162643
174890917 1 100008 1420577162643
89787221 1 100014 1420577162643
20263526 1 100054 1420577162643
10069612 2 100004 1420577162643
15601977 1 100001 1420577162643
25368027 2 100050 1420577162643
17698956 1 100003 1420577222643
174890917 1 100008 1420577222643
89787221 1 100014 1420577222643
20263526 1 100054 1420577222643
25368027 2 100050 1420577222643
24705687 1 100003 1420577222643
10069612 1 100004 1420577222643
17047743 1 100040 1420577222643
17698956 1 100003 1420577282643
174890917 1 100008 1420577282643
824157 1 100001 1420577282643
25368027 2 100050 1420577282643
24705687 1 100003 1420577282643
10069612 1 100004 1420577282643
174890917 1 100008 1420577342643
25368027 1 100050 1420577342643
10069612 1 100004 1420577342643
174890917 1 100008 1420577402643
25368027 1 100050 1420577402643
12273252 2 100012 1420577402643
202777395 1 100012 1420577402643
14745100 1 100006 1420577402643
10069612 2 100004 1420577402643
89787221 1 100014 1420577462643
25368027 1 100050 1420577462643
12273252 2 100012 1420577462643
202777395 1 100012 1420577462643
14745100 1 100006 1420577462643
18964685 1 100004 1420577462643
10069612 1 100004 1420577462643
17698956 1 100003 1420577522643
824157 2 100001 1420577522643
25368027 2 100050 1420577522643
12273252 1 100012 1420577522643
174890917 2 100008 1420577582643
824157 1 100001 1420577582643
25368027 2 100050 1420577582643
10069612 2 100004 1420577582643
174890917 2 100008 1420577642643
824157 1 100001 1420577642643
21104725 1 100015 1420577642643
25368027 2 100050 1420577642643
10069612 1 100004 1420577642643
174890917 2 100008 1420577702643
824157 2 100001 1420577702643
21104725 1 100015 1420577702643
25368027 1 100050 1420577702643
199358175 1 100017 1420577702643
174890917 2 100008 1420577762643
824157 1 100001 1420577762643
12273252 1 100012 1420577762643
174890917 2 100008 1420577822643
824157 2 100001 1420577822643
21104725 1 100015 1420577822643
25368027 1 100050 1420577822643
12273252 1 100012 1420577822643
174890917 2 100008 1420577882643
89787221 1 100014 1420577882643
824157 1 100001 1420577882643
25368027 1 100050 1420577882643
17965433 1 100005 1420577882643
17698956 1 100003 1420577942643
174890917 2 100008 1420577942643
89787221 1 100014 1420577942643
824157 1 100001 1420577942643
20263526 1 100054 1420577942643
17965433 1 100005 1420577942643
10069612 1 100004 1420577942643
20096207 1 100021 1420577942643
17698956 1 100003 1420578002643
382230093 1 100007 1420578002643
174890917 1 100008 1420578002643
824157 1 100001 1420578002643
20263526 1 100054 1420578002643
12273252 2 100012 1420578002643
14745100 1 100006 1420578002643
10069612 2 100004 1420578002643
20096207 1 100021 1420578002643
382230093 1 100007 1420578062643
89787221 1 100014 1420578062643
824157 2 100001 1420578062643
12273252 1 100012 1420578062643
14745100 1 100006 1420578062643
24705687 1 100003 1420578062643
10069612 1 100004 1420578062643
174890917 1 100008 1420578122643
89787221 1 100014 1420578122643
824157 2 100001 1420578122643
10069612 1 100004 1420578122643
36767344 1 100004 1420578182643
19964088 1 100047 1420578182643
174890917 1 100008 1420578182643
824157 1 100001 1420578182643
12273252 1 100012 1420578182643
10069612 2 100004 1420578182643
36767344 1 100004 1420578242643
19964088 1 100047 1420578242643
12273252 1 100012 1420578242643
10069612 2 100004 1420578242643
10069612 1 100004 1420578302643
89787221 1 100014 1420578362643
25368027 1 100050 1420578362643
23624581 1 100010 1420578362643
89787221 1 100014 1420578422643
25368027 1 100050 1420578422643
12273252 1 100012 1420578422643
131003396 1 100003 1420578482643
89787221 1 100014 1420578482643
12273252 1 100012 1420578482643
18964685 1 100004 1420578482643
131003396 1 100003 1420578542643
74578857 1 100009 1420578542643
12273252 1 100012 1420578542643
18964685 1 100004 1420578542643
12273252 1 100012 1420578602643
89787221 1 100014 1420578662643
89787221 1 100014 1420578722643
25368027 1 100050 1420578722643
12273252 1 100012 1420578722643
17604456 1 100005 1420578722643
22192440 1 100005 1420578722643
28516164 1 100013 1420578722643
17604456 1 100005 1420578782643
22192440 1 100005 1420578782643
28516164 1 100013 1420578782643
22192440 2 100005 1420578842643
824157 1 100001 1420578842643
25368027 1 100050 1420578842643
824157 1 100001 1420578902643
12273252 1 100012 1420578902643
22192440 1 100005 1420578902643
10069612 1 100004 1420578962643
12273252 2 100012 1420578962643
25368027 1 100050 1420579022643
12273252 1 100012 1420579022643
17604456 1 100005 1420579022643
818340 1 100001 1420579022643
14745100 1 100006 1420579022643
18964685 1 100004 1420579022643
824157 1 100001 1420579082643
25368027 1 100050 1420579082643
17604456 1 100005 1420579082643
818340 1 100001 1420579082643
18964685 1 100004 1420579082643
384940104 2 100019 1420579082643
824157 2 100001 1420579142643
18964685 1 100004 1420579142643
384940104 1 100019 1420579142643
824157 1 100001 1420579202643
384940104 1 100019 1420579202643
174890917 1 100008 1420579262643
89787221 2 100014 1420579262643
824157 1 100001 1420579262643
12273252 1 100012 1420579262643
18964685 1 100004 1420579262643
17698956 1 100003 1420579322643
174890917 1 100008 1420579322643
89787221 2 100014 1420579322643
824157 1 100001 1420579322643
12273252 1 100012 1420579322643
18964685 1 100004 1420579322643
10069612 1 100004 1420579322643
17698956 1 100003 1420579382643
89787221 2 100014 1420579382643
18964685 1 100004 1420579382643
10069612 1 100004 1420579382643
174890917 1 100008 1420579442643
89787221 2 100014 1420579442643
25368027 1 100050 1420579442643
12273252 1 100012 1420579442643
25870048 1 100017 1420579442643
879521 1 100002 1420579442643
10069612 2 100004 1420579442643
384940104 1 100019 1420579442643
174890917 2 100008 1420579502643
89787221 2 100014 1420579502643
25368027 1 100050 1420579502643
12273252 2 100012 1420579502643
25870048 1 100017 1420579502643
879521 1 100002 1420579502643
10069612 1 100004 1420579502643
174890917 2 100008 1420579562643
89787221 2 100014 1420579562643
12273252 2 100012 1420579562643
25870048 1 100017 1420579562643
10069612 1 100004 1420579562643
174890917 2 100008 1420579622643
89787221 1 100014 1420579622643
12273252 2 100012 1420579622643
349227445 1 100029 1420579622643
10069612 1 100004 1420579622643
174890917 2 100008 1420579682643
12273252 1 100012 1420579682643
22192440 1 100005 1420579682643
18964685 1 100004 1420579682643
879521 1 100002 1420579682643
10069612 1 100004 1420579682643
174890917 1 100008 1420579742643
89787221 2 100014 1420579742643
824157 1 100001 1420579742643
17810599 1 100011 1420579742643
22192440 1 100005 1420579742643
18964685 1 100004 1420579742643
879521 1 100002 1420579742643
10069612 1 100004 1420579742643
174890917 2 100008 1420579802643
89787221 1 100014 1420579802643
118292510 1 100022 1420579802643
14745100 1 100006 1420579802643
879521 1 100002 1420579802643
10069612 1 100004 1420579802643
15907716 1 100005 1420579802643
174890917 2 100008 1420579862643
89787221 1 100014 1420579862643
12273252 1 100012 1420579862643
349227445 1 100029 1420579862643
879521 1 100002 1420579862643
10069612 1 100004 1420579862643
174890917 1 100008 1420579922643
89787221 1 100014 1420579922643
349227445 1 100029 1420579922643
14745100 1 100006 1420579922643
21986815 1 100003 1420579922643
21862217 1 100013 1420579982643
89787221 1 100014 1420579982643
21986815 1 100003 1420579982643
10069612 2 100004 1420579982643
555359654 1 100024 1420579982643
394078527 1 100011 1420580042643
21862217 1 100013 1420580042643
174890917 1 100008 1420580042643
89787221 1 100014 1420580042643
824157 1 100001 1420580042643
12273252 2 100012 1420580042643
17810599 1 100011 1420580042643
22192440 1 100005 1420580042643
10069612 1 100004 1420580042643
394078527 1 100011 1420580102643
174890917 1 100008 1420580102643
89787221 1 100014 1420580102643
824157 2 100001 1420580102643
118292510 1 100022 1420580102643
12273252 1 100012 1420580102643
17810599 1 100011 1420580102643
22192440 1 100005 1420580102643
18964685 1 100004 1420580102643
89787221 1 100014 1420580162643
824157 2 100001 1420580162643
74578857 1 100009 1420580162643
18964685 1 100004 1420580162643
10069612 1 100004 1420580162643
20096207 1 100021 1420580162643
394078527 1 100011 1420580222643
89787221 1 100014 1420580222643
824157 1 100001 1420580222643
74578857 1 100009 1420580222643
22192440 1 100005 1420580222643
394078527 1 100011 1420580282643
824157 1 100001 1420580282643
17810599 1 100011 1420580282643
22192440 1 100005 1420580282643
879521 1 100002 1420580282643
174890917 2 100008 1420580342643
89787221 1 100014 1420580342643
824157 1 100001 1420580342643
17810599 1 100011 1420580342643
384940104 1 100019 1420580342643
174890917 2 100008 1420580402643
89787221 2 100014 1420580402643
824157 1 100001 1420580402643
15601977 1 100001 1420580402643
25368027 1 100050 1420580402643
384940104 1 100019 1420580402643
174890917 2 100008 1420580462643
89787221 1 100014 1420580462643
824157 1 100001 1420580462643
15601977 1 100001 1420580462643
25368027 2 100050 1420580462643
17604456 1 100005 1420580462643
22192440 1 100005 1420580462643
394078527 1 100011 1420580522643
174890917 1 100008 1420580522643
824157 1 100001 1420580522643
25368027 1 100050 1420580522643
387220815 1 100011 1420580522643
12273252 1 100012 1420580522643
17604456 1 100005 1420580522643
22192440 1 100005 1420580522643
17047743 1 100040 1420580522643
394078527 1 100011 1420580582643
89787221 1 100014 1420580582643
824157 1 100001 1420580582643
15601977 2 100001 1420580582643
387220815 2 100011 1420580582643
12273252 1 100012 1420580582643
10069612 1 100004 1420580582643
17047743 1 100040 1420580582643
15601977 1 100001 1420580642643
387220815 2 100011 1420580642643
12273252 1 100012 1420580642643
17810599 1 100011 1420580642643
10069612 1 100004 1420580642643
174890917 1 100008 1420580702643
21104725 1 100015 1420580702643
387220815 1 100011 1420580702643
12273252 1 100012 1420580702643
23624581 1 100010 1420580702643
10069612 1 100004 1420580702643
174890917 1 100008 1420580762643
824157 1 100001 1420580762643
17810599 1 100011 1420580762643
22192440 1 100005 1420580762643
23624581 1 100010 1420580762643
10069612 1 100004 1420580762643
74578857 1 100009 1420580822643
12273252 1 100012 1420580822643
89787221 1 100014 1420580882643
824157 1 100001 1420580882643
12273252 2 100012 1420580882643
17604456 1 100005 1420580882643
89787221 1 100014 1420580942643
824157 1 100001 1420580942643
12273252 1 100012 1420580942643
17604456 1 100005 1420580942643
202777395 1 100012 1420580942643
10069612 1 100004 1420580942643
89787221 1 100014 1420581002643
12273252 2 100012 1420581002643
202777395 2 100012 1420581002643
10069612 1 100004 1420581002643
824157 1 100001 1420581062643
12273252 1 100012 1420581062643
202777395 1 100012 1420581062643
25368027 1 100050 1420581122643
12273252 1 100012 1420581122643
17698956 1 100003 1420581182643
21104725 1 100015 1420581182643
12273252 1 100012 1420581182643
25870048 1 100017 1420581182643
17698956 1 100003 1420581242643
21104725 1 100015 1420581242643
25368027 1 100050 1420581242643
202777395 1 100012 1420581242643
25870048 1 100017 1420581242643
23624581 1 100010 1420581242643
824157 1 100001 1420581302643
25368027 1 100050 1420581302643
202777395 1 100012 1420581302643
22192440 1 100005 1420581302643
824157 1 100001 1420581362643
12273252 2 100012 1420581362643
22192440 1 100005 1420581362643
18964685 1 100004 1420581362643
824157 1 100001 1420581422643
12273252 1 100012 1420581422643
18964685 1 100004 1420581422643
26207922 1 100003 1420581422643
818340 1 100001 1420581482643
17810599 1 100011 1420581482643
18964685 1 100004 1420581482643
23624581 1 100010 1420581482643
26207922 1 100003 1420581482643
89787221 1 100014 1420581542643
824157 1 100001 1420581542643
818340 1 100001 1420581542643
17810599 1 100011 1420581542643
23624581 1 100010 1420581542643
174890917 1 100008 1420581602643
89787221 2 100014 1420581602643
10069612 1 100004 1420581602643
174890917 1 100008 1420581662643
89787221 1 100014 1420581662643
10069612 1 100004 1420581662643
289794552 1 100006 1420581662643
17810599 1 100011 1420581722643
289794552 1 100006 1420581722643
17698956 1 100003 1420581782643
131003396 1 100003 1420581782643
824157 1 100001 1420581782643
17810599 1 100011 1420581782643
131003396 1 100003 1420581842643
89787221 1 100014 1420581842643
824157 1 100001 1420581842643
25368027 1 100050 1420581842643
17810599 1 100011 1420581842643
879521 1 100002 1420581842643
89787221 1 100014 1420581902643
25368027 1 100050 1420581902643
10069612 2 100004 1420581902643
89787221 1 100014 1420581962643
17810599 1 100011 1420581962643
18964685 1 100004 1420581962643
10069612 1 100004 1420581962643
89787221 1 100014 1420582022643
74578857 1 100009 1420582022643
25368027 1 100050 1420582022643
17810599 1 100011 1420582022643
18964685 1 100004 1420582022643
89787221 2 100014 1420582082643
25368027 1 100050 1420582082643
19964088 1 100047 1420582142643
89787221 1 100014 1420582142643
17604456 1 100005 1420582142643
394078527 1 100011 1420582202643
19964088 1 100047 1420582202643
89787221 1 100014 1420582202643
824157 2 100001 1420582202643
17604456 1 100005 1420582202643
394078527 1 100011 1420582262643
89787221 1 100014 1420582262643
824157 2 100001 1420582262643
25368027 1 100050 1420582262643
17604456 1 100005 1420582262643
24705687 1 100003 1420582262643
394078527 1 100011 1420582322643
17698956 1 100003 1420582322643
824157 2 100001 1420582322643
21104725 1 100015 1420582322643
25368027 2 100050 1420582322643
17604456 2 100005 1420582322643
10069612 1 100004 1420582322643
17698956 2 100003 1420582382643
174890917 1 100008 1420582382643
824157 1 100001 1420582382643
118292510 1 100022 1420582382643
25368027 1 100050 1420582382643
12273252 1 100012 1420582382643
17604456 1 100005 1420582382643
17698956 2 100003 1420582442643
174890917 1 100008 1420582442643
89787221 1 100014 1420582442643
118292510 1 100022 1420582442643
12273252 1 100012 1420582442643
17604456 1 100005 1420582442643
10069612 1 100004 1420582442643
17698956 2 100003 1420582502643
131003396 1 100003 1420582502643
89787221 1 100014 1420582502643
824157 1 100001 1420582502643
25368027 1 100050 1420582502643
10069612 1 100004 1420582502643
17698956 1 100003 1420582562643
89787221 1 100014 1420582562643
25368027 2 100050 1420582562643
10069612 1 100004 1420582562643
89787221 1 100014 1420582622643
25368027 1 100050 1420582622643
12273252 1 100012 1420582622643
17698956 2 100003 1420582682643
394078527 1 100011 1420582682643
118292510 1 100022 1420582682643
17604456 2 100005 1420582682643
202777395 1 100012 1420582682643
10069612 1 100004 1420582682643
384940104 2 100019 1420582682643
17698956 2 100003 1420582742643
394078527 1 100011 1420582742643
118292510 1 100022 1420582742643
12273252 1 100012 1420582742643
17604456 1 100005 1420582742643
384940104 1 100019 1420582742643
17698956 2 100003 1420582802643
89787221 1 100014 1420582802643
12273252 1 100012 1420582802643
17698956 1 100003 1420582862643
89787221 1 100014 1420582862643
15601977 1 100001 1420582862643
21986815 1 100003 1420582862643
384940104 1 100019 1420582862643
17698956 1 100003 1420582922643
174890917 1 100008 1420582922643
15601977 1 100001 1420582922643
25368027 1 100050 1420582922643
349227445 1 100029 1420582922643
21986815 1 100003 1420582922643
384940104 1 100019 1420582922643
20096207 1 100021 1420582922643
17698956 2 100003 1420582982643
174890917 1 100008 1420582982643
349227445 1 100029 1420582982643
20096207 1 100021 1420582982643
17698956 1 100003 1420583042643
824157 1 100001 1420583042643
12273252 2 100012 1420583042643
8923182 1 100014 1420583042643
199358175 1 100017 1420583042643
17698956 1 100003 1420583102643
824157 2 100001 1420583102643
12273252 2 100012 1420583102643
202777395 1 100012 1420583102643
17810599 1 100011 1420583102643
199358175 1 100017 1420583102643
17698956 2 100003 1420583162643
824157 1 100001 1420583162643
12273252 1 100012 1420583162643
17604456 1 100005 1420583162643
202777395 1 100012 1420583162643
384940104 1 100019 1420583162643
17698956 2 100003 1420583222643
17604456 1 100005 1420583222643
17698956 2 100003 1420583282643
17698956 2 100003 1420583342643
19964088 1 100047 1420583342643
824157 1 100001 1420583342643
15601977 1 100001 1420583342643
12273252 1 100012 1420583342643
10069612 1 100004 1420583342643
15907716 1 100005 1420583342643
384940104 1 100019 1420583342643
17698956 1 100003 1420583402643
19964088 1 100047 1420583402643
131003396 1 100003 1420583402643
15601977 2 100001 1420583402643
12273252 1 100012 1420583402643
10069612 1 100004 1420583402643
15601977 1 100001 1420583462643
12273252 1 100012 1420583462643
24705687 1 100003 1420583462643
10069612 2 100004 1420583462643
