104227735 2 24 1420574522643 9.2758616E7 1
7867072 2 23 1420574522643 9.1724136E7 2
12273252 2 19 1420574522643 8.7586208E7 3
140080129 2 18 1420574522643 8.6551728E7 4
326821147 2 17 1420574522643 8.551724E7 5
7867072 2 23 1420574582643 9.1724136E7 1
12273252 2 19 1420574582643 8.7586208E7 2
18964685 2 17 1420574582643 8.551724E7 3
14192680 2 13 1420574582643 8.1379304E7 4
15111389 2 12 1420574582643 8.0344824E7 5
73417273 2 24 1420574642643 9.2758616E7 1
7867072 2 23 1420574642643 9.1724136E7 2
27091328 2 23 1420574642643 9.1724136E7 3
12273252 2 19 1420574642643 8.7586208E7 4
12413892 2 24 1420574642643 8.448276E7 5
183807568 2 24 1420574702643 9.2758616E7 1
7867072 2 23 1420574702643 9.1724136E7 2
27091328 2 23 1420574702643 9.1724136E7 3
976147104 2 12 1420574702643 9.1724136E7 4
89787221 2 16 1420574702643 8.448276E7 5
7867072 2 23 1420574762643 9.1724136E7 1
11178672 2 23 1420574762643 9.1724136E7 2
27091328 2 23 1420574762643 9.1724136E7 3
17698956 2 20 1420574762643 8.8620688E7 4
92733433 2 17 1420574762643 8.551724E7 5
7867072 2 23 1420574822643 9.1724136E7 1
11178672 2 23 1420574822643 9.1724136E7 2
27091328 2 23 1420574822643 9.1724136E7 3
73417273 2 18 1420574822643 8.6551728E7 4
92733433 2 17 1420574822643 8.551724E7 5
7867072 2 23 1420574882643 9.1724136E7 1
11178672 2 23 1420574882643 9.1724136E7 2
27091328 2 23 1420574882643 9.1724136E7 3
21842357 2 14 1420574882643 9.0689656E7 4
12273252 2 12 1420574882643 8.7586208E7 5
92733433 2 24 1420574942643 9.2758616E7 1
21842357 2 14 1420574942643 9.0689656E7 2
17070252 2 22 1420574942643 8.9655176E7 3
12273252 2 12 1420574942643 8.7586208E7 4
7867072 2 18 1420574942643 8.6551728E7 5
7867072 2 18 1420575002643 9.1724136E7 1
73417273 2 18 1420575002643 8.344828E7 2
174890917 2 14 1420575002643 8.2413792E7 3
384479689 2 13 1420575002643 8.1379304E7 4
14192680 2 11 1420575002643 7.4137936E7 5
1381345892 2 24 1420575062643 9.2758616E7 1
89787221 2 24 1420575062643 9.2758616E7 2
7867072 2 18 1420575062643 9.1724136E7 3
27091328 2 23 1420575062643 9.1724136E7 4
174890917 2 14 1420575062643 8.2413792E7 5
1381345892 2 24 1420575122643 9.2758616E7 1
11178672 2 24 1420575122643 9.2758616E7 2
186222238 2 23 1420575122643 9.1724136E7 3
27091328 2 23 1420575122643 9.1724136E7 4
1051313198 2 17 1420575122643 8.551724E7 5
12413892 2 11 1420575182643 8.448276E7 1
384479689 2 13 1420575182643 8.1379304E7 2
89787221 2 24 1420575182643 7.9310344E7 3
140080129 2 7 1420575182643 7.5172416E7 4
11178672 1 24 1420575182643 2.1724138E7 5
12413892 2 11 1420575242643 8.448276E7 1
140080129 2 14 1420575242643 8.2413792E7 2
89787221 2 24 1420575242643 7.9310344E7 3
14192680 2 7 1420575242643 7.5172416E7 4
278093318 2 6 1420575242643 7.4137936E7 5
17070252 2 15 1420575302643 8.9655176E7 1
17604456 2 18 1420575302643 8.6551728E7 2
12413892 2 11 1420575302643 8.448276E7 3
174890917 2 14 1420575302643 8.2413792E7 4
384479689 2 13 1420575302643 8.1379304E7 5
1381345892 2 7 1420575362643 9.2758616E7 1
7867072 2 18 1420575362643 9.1724136E7 2
17070252 2 15 1420575362643 8.9655176E7 3
12273252 2 13 1420575362643 8.7586208E7 4
17604456 2 18 1420575362643 8.6551728E7 5
202777395 2 23 1420575422643 9.1724136E7 1
1618007706 2 22 1420575422643 9.0689656E7 2
17070252 2 15 1420575422643 8.9655176E7 3
140080129 2 16 1420575422643 8.448276E7 4
20745130 2 15 1420575422643 8.344828E7 5
17070252 2 15 1420575482643 8.9655176E7 1
89787221 2 20 1420575482643 8.8620688E7 2
140080129 2 15 1420575482643 8.344828E7 3
174890917 2 18 1420575482643 8.2413792E7 4
14192680 2 7 1420575482643 7.5172416E7 5
140080129 2 24 1420575542643 9.2758616E7 1
89787221 2 20 1420575542643 8.8620688E7 2
7867072 2 15 1420575542643 8.344828E7 3
174890917 2 18 1420575542643 8.2413792E7 4
278093318 2 5 1420575542643 7.3103448E7 5
89787221 2 20 1420575602643 8.8620688E7 1
140080129 2 15 1420575602643 8.344828E7 2
73417273 2 14 1420575602643 8.2413792E7 3
189107456 2 10 1420575602643 7.8275856E7 4
34541677 1 24 1420575602643 2.275862E7 5
89787221 2 20 1420575662643 8.8620688E7 1
15445129 2 19 1420575662643 8.7586208E7 2
140080129 2 19 1420575662643 8.7586208E7 3
73417273 2 14 1420575662643 8.2413792E7 4
92733433 2 13 1420575662643 8.1379304E7 5
69020299 2 23 1420575722643 9.1724136E7 1
140080129 2 19 1420575722643 8.7586208E7 2
21044502 2 15 1420575722643 8.344828E7 3
73417273 2 14 1420575722643 8.2413792E7 4
23354464 2 8 1420575722643 7.6206896E7 5
69020299 2 23 1420575782643 9.1724136E7 1
11178672 2 24 1420575782643 9.1724136E7 2
89787221 2 20 1420575782643 8.8620688E7 3
140080129 2 19 1420575782643 8.7586208E7 4
73417273 2 14 1420575782643 8.2413792E7 5
69020299 2 23 1420575842643 9.1724136E7 1
27091328 2 23 1420575842643 9.1724136E7 2
384479689 2 21 1420575842643 8.9655176E7 3
18964685 2 8 1420575842643 7.6206896E7 4
140080129 2 7 1420575842643 7.5172416E7 5
69020299 2 23 1420575902643 9.1724136E7 1
7867072 2 15 1420575902643 8.344828E7 2
21986815 2 7 1420575902643 7.5172416E7 3
140080129 2 7 1420575902643 7.5172416E7 4
92733433 2 7 1420575902643 7.5172416E7 5
140080129 2 24 1420575962643 9.2758616E7 1
69020299 2 23 1420575962643 9.1724136E7 2
11178672 2 24 1420575962643 9.1724136E7 3
92733433 2 7 1420575962643 7.5172416E7 4
278093318 1 24 1420575962643 2.275862E7 5
118292510 2 23 1420576022643 9.1724136E7 1
69020299 2 23 1420576022643 9.1724136E7 2
140080129 2 22 1420576022643 9.0689656E7 3
17698956 2 9 1420576022643 7.7241376E7 4
12273252 2 7 1420576022643 7.5172416E7 5
118292510 2 23 1420576082643 9.1724136E7 1
202777395 2 23 1420576082643 9.1724136E7 2
69020299 2 23 1420576082643 9.1724136E7 3
140080129 2 22 1420576082643 9.0689656E7 4
15601977 2 6 1420576082643 7.4137936E7 5
278093318 2 24 1420576142643 9.2758616E7 1
69020299 2 23 1420576142643 9.1724136E7 2
140080129 2 22 1420576142643 9.0689656E7 3
14192680 2 16 1420576142643 8.448276E7 4
174890917 2 18 1420576142643 8.2413792E7 5
17698956 2 25 1420576202643 9.3793104E7 1
69020299 2 23 1420576202643 9.1724136E7 2
27091328 2 23 1420576202643 9.1724136E7 3
7867072 2 12 1420576202643 8.0344824E7 4
23354464 2 8 1420576202643 7.6206896E7 5
27091328 2 24 1420576262643 9.2758616E7 1
15856366 2 22 1420576262643 9.0689656E7 2
384479689 2 21 1420576262643 8.9655176E7 3
14845376 2 9 1420576262643 7.7241376E7 4
12413892 2 9 1420576262643 7.7241376E7 5
69020299 2 23 1420576322643 9.1724136E7 1
12413892 2 9 1420576322643 7.7241376E7 2
19200736 1 24 1420576322643 2.275862E7 3
180026716 1 24 1420576322643 2.275862E7 4
27091328 1 24 1420576322643 2.275862E7 5
17698956 2 22 1420576382643 9.0689656E7 1
12413892 2 9 1420576382643 7.7241376E7 2
118292510 1 23 1420576382643 2.1724138E7 3
69020299 1 23 1420576382643 2.1724138E7 4
384479689 1 21 1420576382643 1.9655172E7 5
278093318 2 15 1420576442643 8.344828E7 1
44426926 2 13 1420576442643 8.1379304E7 2
12413892 2 9 1420576442643 7.7241376E7 3
487535749 2 8 1420576442643 7.6206896E7 4
69020299 1 23 1420576442643 2.1724138E7 5
69020299 2 23 1420576502643 9.1724136E7 1
17698956 2 22 1420576502643 9.0689656E7 2
140080129 2 22 1420576502643 9.0689656E7 3
278093318 2 15 1420576502643 8.344828E7 4
8861752 2 9 1420576502643 7.7241376E7 5
12413892 2 24 1420576562643 9.2758616E7 1
69020299 2 23 1420576562643 9.1724136E7 2
824157 2 12 1420576562643 8.0344824E7 3
17698956 2 12 1420576562643 8.0344824E7 4
23354464 2 12 1420576562643 8.0344824E7 5
69020299 2 23 1420576622643 9.1724136E7 1
326821147 2 17 1420576622643 8.551724E7 2
8861752 2 9 1420576622643 7.7241376E7 3
19200736 1 24 1420576622643 2.275862E7 4
27091328 1 24 1420576622643 2.275862E7 5
19200736 2 24 1420576682643 9.2758616E7 1
69020299 2 23 1420576682643 9.1724136E7 2
278093318 2 8 1420576682643 7.6206896E7 3
7867072 2 6 1420576682643 7.4137936E7 4
1618007706 1 23 1420576682643 2.1724138E7 5
140080129 2 19 1420576742643 8.7586208E7 1
24849868 2 18 1420576742643 8.6551728E7 2
17698956 2 12 1420576742643 8.0344824E7 3
69020299 2 9 1420576742643 7.7241376E7 4
8861752 2 9 1420576742643 7.7241376E7 5
89787221 2 24 1420576802643 9.2758616E7 1
18964685 2 23 1420576802643 9.1724136E7 2
61292961 2 22 1420576802643 9.0689656E7 3
174890917 2 20 1420576802643 8.8620688E7 4
140080129 2 19 1420576802643 8.7586208E7 5
89787221 2 24 1420576862643 9.2758616E7 1
57333521 2 23 1420576862643 9.1724136E7 2
140080129 2 19 1420576862643 8.7586208E7 3
17810599 2 19 1420576862643 8.7586208E7 4
12273252 2 18 1420576862643 8.6551728E7 5
57333521 2 23 1420576922643 9.1724136E7 1
140080129 2 21 1420576922643 8.9655176E7 2
49437246 2 11 1420576922643 7.9310344E7 3
14192680 2 9 1420576922643 7.7241376E7 4
12413892 1 24 1420576922643 2.275862E7 5
89787221 2 24 1420576982643 9.2758616E7 1
61292961 2 22 1420576982643 9.0689656E7 2
394078527 2 13 1420576982643 8.1379304E7 3
49437246 2 11 1420576982643 7.9310344E7 4
14192680 2 9 1420576982643 7.7241376E7 5
27091328 2 24 1420577042643 9.2758616E7 1
174890917 2 20 1420577042643 8.8620688E7 2
1618007706 2 15 1420577042643 8.344828E7 3
23354464 2 12 1420577042643 8.0344824E7 4
7867072 2 6 1420577042643 7.4137936E7 5
8861752 2 23 1420577102643 9.1724136E7 1
14845376 2 21 1420577102643 8.9655176E7 2
195897346 2 17 1420577102643 8.551724E7 3
23354464 2 12 1420577102643 8.0344824E7 4
7867072 2 6 1420577102643 7.4137936E7 5
10069612 2 23 1420577162643 9.1724136E7 1
25368027 2 23 1420577162643 9.1724136E7 2
24849868 2 22 1420577162643 9.0689656E7 3
175295203 2 21 1420577162643 8.9655176E7 4
14845376 2 21 1420577162643 8.9655176E7 5
25368027 2 23 1420577222643 9.1724136E7 1
24849868 2 22 1420577222643 9.0689656E7 2
14845376 2 21 1420577222643 8.9655176E7 3
14192680 2 9 1420577222643 7.7241376E7 4
20263526 1 24 1420577222643 2.275862E7 5
25368027 2 23 1420577282643 9.1724136E7 1
14192680 2 22 1420577282643 9.0689656E7 2
14845376 2 21 1420577282643 8.9655176E7 3
1381345892 2 15 1420577282643 8.344828E7 4
69020299 2 9 1420577282643 7.7241376E7 5
14845376 2 21 1420577342643 8.9655176E7 1
1381345892 2 15 1420577342643 8.344828E7 2
23354464 2 12 1420577342643 8.0344824E7 3
27091328 1 24 1420577342643 2.275862E7 4
278093318 1 23 1420577342643 2.1724138E7 5
10069612 2 23 1420577402643 9.1724136E7 1
14845376 2 21 1420577402643 8.9655176E7 2
23354464 2 12 1420577402643 8.0344824E7 3
34541677 2 7 1420577402643 7.5172416E7 4
226606138 2 5 1420577402643 7.3103448E7 5
14192680 2 22 1420577462643 9.0689656E7 1
12273252 2 18 1420577462643 8.6551728E7 2
8861752 2 15 1420577462643 8.344828E7 3
14845376 2 11 1420577462643 7.9310344E7 4
23354464 2 9 1420577462643 7.7241376E7 5
25368027 2 23 1420577522643 9.1724136E7 1
824157 2 13 1420577522643 8.1379304E7 2
14845376 2 11 1420577522643 7.9310344E7 3
23354464 2 9 1420577522643 7.7241376E7 4
7867072 1 23 1420577522643 2.1724138E7 5
7867072 2 23 1420577582643 9.1724136E7 1
25368027 2 23 1420577582643 9.1724136E7 2
40996128 2 22 1420577582643 9.0689656E7 3
10069612 2 22 1420577582643 9.0689656E7 4
174890917 2 20 1420577582643 8.8620688E7 5
140080129 2 24 1420577642643 9.2758616E7 1
44426926 2 24 1420577642643 9.2758616E7 2
25368027 2 23 1420577642643 9.1724136E7 3
174890917 2 20 1420577642643 8.8620688E7 4
8861752 2 15 1420577642643 8.344828E7 5
1381345892 2 24 1420577702643 9.2758616E7 1
174890917 2 24 1420577702643 9.2758616E7 2
140080129 2 20 1420577702643 8.8620688E7 3
824157 2 15 1420577702643 8.344828E7 4
14845376 2 11 1420577702643 7.9310344E7 5
1381345892 2 24 1420577762643 9.2758616E7 1
174890917 2 24 1420577762643 9.2758616E7 2
7867072 2 23 1420577762643 9.1724136E7 3
140080129 2 20 1420577762643 8.8620688E7 4
14845376 2 11 1420577762643 7.9310344E7 5
1381345892 2 24 1420577822643 9.2758616E7 1
174890917 2 24 1420577822643 9.2758616E7 2
7867072 2 23 1420577822643 9.1724136E7 3
278093318 2 16 1420577822643 8.448276E7 4
824157 2 15 1420577822643 8.344828E7 5
1381345892 2 24 1420577882643 9.2758616E7 1
174890917 2 24 1420577882643 9.2758616E7 2
17145499 2 17 1420577882643 8.551724E7 3
278093318 2 16 1420577882643 8.448276E7 4
8312862 2 13 1420577882643 8.1379304E7 5
140080129 2 24 1420577942643 9.2758616E7 1
174890917 2 24 1420577942643 9.2758616E7 2
278093318 2 16 1420577942643 8.448276E7 3
14845376 2 11 1420577942643 7.9310344E7 4
18360000 2 11 1420577942643 7.9310344E7 5
140080129 2 24 1420578002643 9.2758616E7 1
16045956 2 23 1420578002643 9.1724136E7 2
109013694 2 22 1420578002643 9.0689656E7 3
14845376 2 22 1420578002643 9.0689656E7 4
10069612 2 22 1420578002643 9.0689656E7 5
140080129 2 24 1420578062643 9.2758616E7 1
16045956 2 23 1420578062643 9.1724136E7 2
14845376 2 22 1420578062643 9.0689656E7 3
278093318 2 16 1420578062643 8.448276E7 4
824157 2 15 1420578062643 8.344828E7 5
16045956 2 23 1420578122643 9.1724136E7 1
14845376 2 22 1420578122643 9.0689656E7 2
24849868 2 20 1420578122643 8.8620688E7 3
278093318 2 16 1420578122643 8.448276E7 4
824157 2 15 1420578122643 8.344828E7 5
16045956 2 23 1420578182643 9.1724136E7 1
278093318 2 23 1420578182643 9.1724136E7 2
14845376 2 22 1420578182643 9.0689656E7 3
10069612 2 22 1420578182643 9.0689656E7 4
21842357 2 20 1420578182643 8.8620688E7 5
16045956 2 23 1420578242643 9.1724136E7 1
278093318 2 23 1420578242643 9.1724136E7 2
109013694 2 22 1420578242643 9.0689656E7 3
14845376 2 22 1420578242643 9.0689656E7 4
10069612 2 21 1420578242643 8.9655176E7 5
16045956 2 23 1420578302643 9.1724136E7 1
1618007706 2 21 1420578302643 8.9655176E7 2
73417273 2 17 1420578302643 8.551724E7 3
22948692 2 16 1420578302643 8.448276E7 4
23354464 2 13 1420578302643 8.1379304E7 5
1381345892 2 24 1420578362643 9.2758616E7 1
14845376 2 13 1420578362643 9.0689656E7 2
22948692 2 16 1420578362643 8.448276E7 3
23354464 2 13 1420578362643 8.1379304E7 4
384479689 2 11 1420578362643 7.9310344E7 5
1381345892 2 24 1420578422643 9.2758616E7 1
16045956 2 23 1420578422643 9.1724136E7 2
14845376 2 13 1420578422643 9.0689656E7 3
22948692 2 16 1420578422643 8.448276E7 4
57333521 2 14 1420578422643 8.2413792E7 5
1381345892 2 24 1420578482643 9.2758616E7 1
278093318 2 23 1420578482643 9.1724136E7 2
14845376 2 13 1420578482643 9.0689656E7 3
23354464 2 13 1420578482643 8.1379304E7 4
14192680 2 10 1420578482643 7.8275856E7 5
567341777 2 24 1420578542643 9.2758616E7 1
14845376 2 13 1420578542643 9.0689656E7 2
92733433 2 15 1420578542643 8.344828E7 3
23354464 2 13 1420578542643 8.1379304E7 4
89316412 2 13 1420578542643 8.1379304E7 5
14845376 2 13 1420578602643 9.0689656E7 1
195897346 2 22 1420578602643 9.0689656E7 2
23354464 2 13 1420578602643 8.1379304E7 3
89316412 2 13 1420578602643 8.1379304E7 4
92791146 2 8 1420578602643 7.6206896E7 5
16045956 2 23 1420578662643 9.1724136E7 1
14845376 2 13 1420578662643 9.0689656E7 2
195897346 2 22 1420578662643 9.0689656E7 3
23354464 2 13 1420578662643 8.1379304E7 4
14192680 2 10 1420578662643 7.8275856E7 5
14845376 2 13 1420578722643 9.0689656E7 1
23354464 2 13 1420578722643 8.1379304E7 2
7867072 2 7 1420578722643 7.5172416E7 3
278093318 2 5 1420578722643 7.3103448E7 4
567341777 1 24 1420578722643 2.275862E7 5
567341777 2 24 1420578782643 9.2758616E7 1
14845376 2 18 1420578782643 8.6551728E7 2
467431144 2 18 1420578782643 8.6551728E7 3
23354464 2 13 1420578782643 8.1379304E7 4
278093318 2 5 1420578782643 7.3103448E7 5
14845376 2 18 1420578842643 8.6551728E7 1
23354464 2 13 1420578842643 8.1379304E7 2
22192440 2 10 1420578842643 7.8275856E7 3
567341777 1 24 1420578842643 2.275862E7 4
15856366 1 24 1420578842643 2.275862E7 5
140080129 2 20 1420578902643 8.8620688E7 1
14845376 2 18 1420578902643 8.6551728E7 2
15856366 1 24 1420578902643 2.275862E7 3
567341777 1 23 1420578902643 2.1724138E7 4
195897346 1 22 1420578902643 2.0689656E7 5
15856366 2 24 1420578962643 9.2758616E7 1
140080129 2 20 1420578962643 8.8620688E7 2
14845376 2 18 1420578962643 8.6551728E7 3
23354464 2 13 1420578962643 8.1379304E7 4
12273252 2 13 1420578962643 8.1379304E7 5
195897346 2 22 1420579022643 9.0689656E7 1
23354464 2 13 1420579022643 8.1379304E7 2
160890393 2 13 1420579022643 8.1379304E7 3
15856366 1 24 1420579022643 2.275862E7 4
20133051 1 23 1420579022643 2.1724138E7 5
14845376 2 18 1420579082643 8.6551728E7 1
23354464 2 13 1420579082643 8.1379304E7 2
160890393 2 13 1420579082643 8.1379304E7 3
27091328 2 10 1420579082643 7.8275856E7 4
384940104 2 6 1420579082643 7.4137936E7 5
140080129 2 20 1420579142643 8.8620688E7 1
14192680 2 13 1420579142643 8.1379304E7 2
23354464 2 13 1420579142643 8.1379304E7 3
824157 2 11 1420579142643 7.9310344E7 4
22948692 1 24 1420579142643 2.275862E7 5
15856366 2 24 1420579202643 9.2758616E7 1
73417273 2 22 1420579202643 9.0689656E7 2
50023090 2 15 1420579202643 8.344828E7 3
14192680 2 13 1420579202643 8.1379304E7 4
92733433 2 13 1420579202643 8.1379304E7 5
278093318 2 21 1420579262643 8.9655176E7 1
14845376 2 18 1420579262643 8.6551728E7 2
89787221 2 15 1420579262643 8.344828E7 3
14192680 2 13 1420579262643 8.1379304E7 4
92733433 2 13 1420579262643 8.1379304E7 5
14845376 2 22 1420579322643 9.0689656E7 1
278093318 2 22 1420579322643 9.0689656E7 2
140080129 2 21 1420579322643 8.9655176E7 3
4282171 2 19 1420579322643 8.7586208E7 4
89787221 2 15 1420579322643 8.344828E7 5
14845376 2 22 1420579382643 9.0689656E7 1
140080129 2 21 1420579382643 8.9655176E7 2
89787221 2 15 1420579382643 8.344828E7 3
23354464 2 8 1420579382643 7.6206896E7 4
567341777 1 23 1420579382643 2.1724138E7 5
14845376 2 22 1420579442643 9.0689656E7 1
278093318 2 22 1420579442643 9.0689656E7 2
7867072 2 22 1420579442643 9.0689656E7 3
89787221 2 15 1420579442643 8.344828E7 4
14192680 2 13 1420579442643 8.1379304E7 5
14192680 2 24 1420579502643 9.2758616E7 1
278093318 2 22 1420579502643 9.0689656E7 2
7867072 2 22 1420579502643 9.0689656E7 3
8861752 2 22 1420579502643 9.0689656E7 4
174890917 2 19 1420579502643 8.7586208E7 5
325220198 2 23 1420579562643 9.1724136E7 1
14845376 2 22 1420579562643 9.0689656E7 2
278093318 2 22 1420579562643 9.0689656E7 3
7867072 2 22 1420579562643 9.0689656E7 4
174890917 2 19 1420579562643 8.7586208E7 5
23742474 2 23 1420579622643 9.1724136E7 1
34541677 2 22 1420579622643 9.0689656E7 2
278093318 2 22 1420579622643 9.0689656E7 3
1618007706 2 22 1420579622643 9.0689656E7 4
174890917 2 19 1420579622643 8.7586208E7 5
34541677 2 22 1420579682643 9.0689656E7 1
7867072 2 22 1420579682643 9.0689656E7 2
8861752 2 22 1420579682643 9.0689656E7 3
140080129 2 21 1420579682643 8.9655176E7 4
17070252 2 20 1420579682643 8.8620688E7 5
14845376 2 22 1420579742643 9.0689656E7 1
8861752 2 22 1420579742643 9.0689656E7 2
4282171 2 19 1420579742643 8.7586208E7 3
89787221 2 15 1420579742643 8.344828E7 4
27091328 2 10 1420579742643 7.8275856E7 5
8861752 2 22 1420579802643 9.0689656E7 1
1381345892 2 19 1420579802643 8.7586208E7 2
384479689 2 19 1420579802643 8.7586208E7 3
174890917 2 19 1420579802643 8.7586208E7 4
27103822 2 14 1420579802643 8.2413792E7 5
14192680 2 24 1420579862643 9.2758616E7 1
8861752 2 22 1420579862643 9.0689656E7 2
384479689 2 19 1420579862643 8.7586208E7 3
186222238 2 19 1420579862643 8.7586208E7 4
174890917 2 19 1420579862643 8.7586208E7 5
1381345892 2 19 1420579922643 8.7586208E7 1
186222238 2 19 1420579922643 8.7586208E7 2
14845376 2 10 1420579922643 7.8275856E7 3
16045956 2 6 1420579922643 7.4137936E7 4
1581203119 2 6 1420579922643 7.4137936E7 5
14192680 2 24 1420579982643 9.2758616E7 1
7867072 2 22 1420579982643 9.0689656E7 2
1618007706 2 22 1420579982643 9.0689656E7 3
1381345892 2 19 1420579982643 8.7586208E7 4
186222238 2 19 1420579982643 8.7586208E7 5
384479689 2 19 1420580042643 8.7586208E7 1
186222238 2 19 1420580042643 8.7586208E7 2
1618007706 2 13 1420580042643 8.1379304E7 3
309220197 2 10 1420580042643 7.8275856E7 4
12273252 2 7 1420580042643 7.5172416E7 5
8861752 2 24 1420580102643 9.2758616E7 1
824157 2 13 1420580102643 8.1379304E7 2
1618007706 2 13 1420580102643 8.1379304E7 3
14192680 2 12 1420580102643 8.0344824E7 4
12413892 2 6 1420580102643 7.4137936E7 5
8861752 2 24 1420580162643 9.2758616E7 1
23354464 2 22 1420580162643 9.0689656E7 2
824157 2 13 1420580162643 8.1379304E7 3
14845376 2 10 1420580162643 7.8275856E7 4
17348724 2 7 1420580162643 7.5172416E7 5
45710831 2 24 1420580222643 9.2758616E7 1
384479689 2 19 1420580222643 8.7586208E7 2
14845376 2 10 1420580222643 7.8275856E7 3
17348724 2 7 1420580222643 7.5172416E7 4
92733433 2 6 1420580222643 7.4137936E7 5
278093318 2 8 1420580282643 7.6206896E7 1
92733433 2 6 1420580282643 7.4137936E7 2
45710831 1 24 1420580282643 2.275862E7 3
879521 1 24 1420580282643 2.275862E7 4
8861752 1 24 1420580282643 2.275862E7 5
45710831 2 24 1420580342643 9.2758616E7 1
174890917 2 19 1420580342643 8.7586208E7 2
69020299 2 18 1420580342643 8.6551728E7 3
7867072 2 13 1420580342643 8.1379304E7 4
278093318 2 8 1420580342643 7.6206896E7 5
89787221 2 21 1420580402643 8.9655176E7 1
174890917 2 19 1420580402643 8.7586208E7 2
7867072 2 13 1420580402643 8.1379304E7 3
278093318 2 8 1420580402643 7.6206896E7 4
27103822 1 24 1420580402643 2.275862E7 5
45710831 2 24 1420580462643 9.2758616E7 1
22948692 2 21 1420580462643 8.9655176E7 2
34541677 2 14 1420580462643 8.2413792E7 3
7867072 2 13 1420580462643 8.1379304E7 4
14845376 2 11 1420580462643 7.9310344E7 5
45710831 2 24 1420580522643 9.2758616E7 1
278093318 2 16 1420580522643 8.448276E7 2
14845376 2 11 1420580522643 7.9310344E7 3
140080129 2 8 1420580522643 7.6206896E7 4
1381345892 2 7 1420580522643 7.5172416E7 5
45710831 2 24 1420580582643 9.2758616E7 1
195897346 2 20 1420580582643 8.8620688E7 2
278093318 2 16 1420580582643 8.448276E7 3
14845376 2 11 1420580582643 7.9310344E7 4
15601977 2 11 1420580582643 7.9310344E7 5
45710831 2 24 1420580642643 9.2758616E7 1
195897346 2 20 1420580642643 8.8620688E7 2
15520253 2 19 1420580642643 8.7586208E7 3
1381345892 2 19 1420580642643 8.7586208E7 4
278093318 2 16 1420580642643 8.448276E7 5
45710831 2 24 1420580702643 9.2758616E7 1
278093318 2 16 1420580702643 8.448276E7 2
14845376 2 11 1420580702643 7.9310344E7 3
57333521 2 6 1420580702643 7.4137936E7 4
15856366 1 24 1420580702643 2.275862E7 5
14845376 2 24 1420580762643 9.2758616E7 1
45710831 2 24 1420580762643 9.2758616E7 2
23354464 2 22 1420580762643 9.0689656E7 3
4282171 2 19 1420580762643 8.7586208E7 4
140080129 2 18 1420580762643 8.6551728E7 5
14845376 2 24 1420580822643 9.2758616E7 1
140080129 2 18 1420580822643 8.6551728E7 2
21842357 2 8 1420580822643 7.6206896E7 3
57333521 2 6 1420580822643 7.4137936E7 4
34541677 1 24 1420580822643 2.275862E7 5
14845376 2 24 1420580882643 9.2758616E7 1
21842357 2 8 1420580882643 7.6206896E7 2
57333521 2 6 1420580882643 7.4137936E7 3
12273252 2 5 1420580882643 7.3103448E7 4
45710831 1 24 1420580882643 2.275862E7 5
14845376 2 24 1420580942643 9.2758616E7 1
45710831 2 23 1420580942643 9.1724136E7 2
278093318 2 6 1420580942643 7.4137936E7 3
202777395 1 24 1420580942643 2.275862E7 4
7867072 1 23 1420580942643 2.1724138E7 5
14845376 2 24 1420581002643 9.2758616E7 1
202777395 2 24 1420581002643 9.2758616E7 2
45710831 2 23 1420581002643 9.1724136E7 3
8861752 2 19 1420581002643 8.7586208E7 4
19934731 2 12 1420581002643 8.0344824E7 5
34541677 2 24 1420581062643 9.2758616E7 1
14845376 2 24 1420581062643 9.2758616E7 2
45710831 2 23 1420581062643 9.1724136E7 3
140080129 2 18 1420581062643 8.6551728E7 4
19934731 2 12 1420581062643 8.0344824E7 5
14845376 2 24 1420581122643 9.2758616E7 1
45710831 2 23 1420581122643 9.1724136E7 2
140080129 2 18 1420581122643 8.6551728E7 3
34541677 1 24 1420581122643 2.275862E7 4
7867072 1 23 1420581122643 2.1724138E7 5
14845376 2 24 1420581182643 9.2758616E7 1
140080129 2 18 1420581182643 8.6551728E7 2
45710831 1 23 1420581182643 2.1724138E7 3
188077169 1 22 1420581182643 2.0689656E7 4
21104725 1 22 1420581182643 2.0689656E7 5
188077169 2 22 1420581242643 9.0689656E7 1
140080129 2 18 1420581242643 8.6551728E7 2
92791146 2 8 1420581242643 7.6206896E7 3
14845376 2 6 1420581242643 7.4137936E7 4
57333521 2 6 1420581242643 7.4137936E7 5
140080129 2 18 1420581302643 8.6551728E7 1
14845376 2 6 1420581302643 7.4137936E7 2
57333521 2 6 1420581302643 7.4137936E7 3
824157 1 24 1420581302643 2.275862E7 4
202777395 1 24 1420581302643 2.275862E7 5
45710831 2 23 1420581362643 9.1724136E7 1
140080129 2 18 1420581362643 8.6551728E7 2
46213956 2 12 1420581362643 8.0344824E7 3
14192680 2 11 1420581362643 7.9310344E7 4
12273252 2 11 1420581362643 7.9310344E7 5
45710831 2 23 1420581422643 9.1724136E7 1
14192680 2 11 1420581422643 7.9310344E7 2
14845376 2 6 1420581422643 7.4137936E7 3
824157 1 24 1420581422643 2.275862E7 4
31634255 1 24 1420581422643 2.275862E7 5
45710831 2 23 1420581482643 9.1724136E7 1
17166894 2 19 1420581482643 8.7586208E7 2
140080129 2 16 1420581482643 8.448276E7 3
21842357 2 15 1420581482643 8.344828E7 4
259637983 2 12 1420581482643 8.0344824E7 5
1454742764 2 18 1420581542643 8.6551728E7 1
140080129 2 16 1420581542643 8.448276E7 2
21842357 2 15 1420581542643 8.344828E7 3
57333521 2 10 1420581542643 7.8275856E7 4
14845376 2 6 1420581542643 7.4137936E7 5
140080129 2 16 1420581602643 8.448276E7 1
21842357 2 15 1420581602643 8.344828E7 2
14192680 2 11 1420581602643 7.9310344E7 3
57333521 2 10 1420581602643 7.8275856E7 4
89787221 2 9 1420581602643 7.7241376E7 5
34541677 2 24 1420581662643 9.2758616E7 1
17166894 2 19 1420581662643 8.7586208E7 2
1381345892 2 15 1420581662643 8.344828E7 3
384479689 2 12 1420581662643 8.0344824E7 4
17070252 2 12 1420581662643 8.0344824E7 5
140140890 2 19 1420581722643 8.7586208E7 1
1381345892 2 15 1420581722643 8.344828E7 2
57333521 2 10 1420581722643 7.8275856E7 3
15646547 2 9 1420581722643 7.7241376E7 4
14845376 2 6 1420581722643 7.4137936E7 5
7867072 2 24 1420581782643 9.2758616E7 1
12413892 2 24 1420581782643 9.2758616E7 2
1381345892 2 15 1420581782643 8.344828E7 3
15111389 2 13 1420581782643 8.1379304E7 4
24773493 2 6 1420581782643 7.4137936E7 5
12413892 2 24 1420581842643 9.2758616E7 1
1381345892 2 15 1420581842643 8.344828E7 2
15111389 2 13 1420581842643 8.1379304E7 3
24773493 2 6 1420581842643 7.4137936E7 4
7867072 1 24 1420581842643 2.275862E7 5
7867072 2 24 1420581902643 9.2758616E7 1
23742474 2 22 1420581902643 9.0689656E7 2
1381345892 2 20 1420581902643 8.8620688E7 3
14787749 2 13 1420581902643 8.1379304E7 4
10069612 2 7 1420581902643 7.5172416E7 5
7867072 2 24 1420581962643 9.2758616E7 1
1381345892 2 20 1420581962643 8.8620688E7 2
14787749 2 13 1420581962643 8.1379304E7 3
14845376 2 6 1420581962643 7.4137936E7 4
188077169 1 23 1420581962643 2.1724138E7 5
7867072 2 24 1420582022643 9.2758616E7 1
1381345892 2 20 1420582022643 8.8620688E7 2
24773493 2 10 1420582022643 7.8275856E7 3
188077169 1 23 1420582022643 2.1724138E7 4
16220541 1 23 1420582022643 2.1724138E7 5
57333521 2 25 1420582082643 9.3793104E7 1
7867072 2 24 1420582082643 9.2758616E7 2
1381345892 2 20 1420582082643 8.8620688E7 3
8312862 2 15 1420582082643 8.344828E7 4
24773493 2 10 1420582082643 7.8275856E7 5
57333521 2 25 1420582142643 9.3793104E7 1
1381345892 2 20 1420582142643 8.8620688E7 2
8312862 2 15 1420582142643 8.344828E7 3
23354464 2 10 1420582142643 7.8275856E7 4
24773493 2 10 1420582142643 7.8275856E7 5
824157 2 24 1420582202643 9.2758616E7 1
92733433 2 21 1420582202643 8.9655176E7 2
8312862 2 15 1420582202643 8.344828E7 3
23354464 2 10 1420582202643 7.8275856E7 4
180026716 2 10 1420582202643 7.8275856E7 5
824157 2 24 1420582262643 9.2758616E7 1
92733433 2 21 1420582262643 8.9655176E7 2
1618007706 2 12 1420582262643 8.0344824E7 3
19934731 2 12 1420582262643 8.0344824E7 4
180026716 2 10 1420582262643 7.8275856E7 5
57333521 2 25 1420582322643 9.3793104E7 1
824157 2 24 1420582322643 9.2758616E7 2
193232854 2 20 1420582322643 8.8620688E7 3
17604456 2 20 1420582322643 8.8620688E7 4
16045956 2 17 1420582322643 8.551724E7 5
57333521 2 25 1420582382643 9.3793104E7 1
15646547 2 21 1420582382643 8.9655176E7 2
34541677 2 15 1420582382643 8.344828E7 3
46213956 2 12 1420582382643 8.0344824E7 4
278093318 2 11 1420582382643 7.9310344E7 5
57333521 2 25 1420582442643 9.3793104E7 1
34541677 2 17 1420582442643 8.551724E7 2
24849868 2 17 1420582442643 8.551724E7 3
17698956 2 15 1420582442643 8.344828E7 4
7867072 2 14 1420582442643 8.2413792E7 5
57333521 2 25 1420582502643 9.3793104E7 1
34541677 2 17 1420582502643 8.551724E7 2
24849868 2 17 1420582502643 8.551724E7 3
17698956 2 15 1420582502643 8.344828E7 4
7867072 2 14 1420582502643 8.2413792E7 5
34541677 2 17 1420582562643 8.551724E7 1
25368027 2 14 1420582562643 8.2413792E7 2
15484266 2 11 1420582562643 7.9310344E7 3
1381345892 2 7 1420582562643 7.5172416E7 4
57333521 1 25 1420582562643 2.3793104E7 5
193232854 2 20 1420582622643 8.8620688E7 1
34541677 2 17 1420582622643 8.551724E7 2
186222238 2 9 1420582622643 7.7241376E7 3
27103822 2 8 1420582622643 7.6206896E7 4
134772528 1 24 1420582622643 2.275862E7 5
14845376 2 20 1420582682643 8.8620688E7 1
17604456 2 20 1420582682643 8.8620688E7 2
34541677 2 17 1420582682643 8.551724E7 3
384940104 2 16 1420582682643 8.448276E7 4
17698956 2 15 1420582682643 8.344828E7 5
34541677 2 17 1420582742643 8.551724E7 1
24206345 2 15 1420582742643 8.344828E7 2
17698956 2 11 1420582742643 7.9310344E7 3
1381345892 2 10 1420582742643 7.8275856E7 4
24773493 2 10 1420582742643 7.8275856E7 5
14845376 2 20 1420582802643 8.8620688E7 1
152341106 2 18 1420582802643 8.6551728E7 2
34541677 2 17 1420582802643 8.551724E7 3
17698956 2 11 1420582802643 7.9310344E7 4
1381345892 2 10 1420582802643 7.8275856E7 5
14845376 2 20 1420582862643 8.8620688E7 1
34541677 2 17 1420582862643 8.551724E7 2
1381345892 2 10 1420582862643 7.8275856E7 3
180026716 2 10 1420582862643 7.8275856E7 4
24773493 2 10 1420582862643 7.8275856E7 5
14845376 2 20 1420582922643 8.8620688E7 1
96184837 2 20 1420582922643 8.8620688E7 2
152341106 2 18 1420582922643 8.6551728E7 3
34541677 2 17 1420582922643 8.551724E7 4
384479689 2 17 1420582922643 8.551724E7 5
96184837 2 20 1420582982643 8.8620688E7 1
14192680 2 19 1420582982643 8.7586208E7 2
180026716 2 12 1420582982643 8.0344824E7 3
17698956 2 11 1420582982643 7.9310344E7 4
24773493 2 10 1420582982643 7.8275856E7 5
96184837 2 20 1420583042643 8.8620688E7 1
14192680 2 19 1420583042643 8.7586208E7 2
12273252 2 15 1420583042643 8.344828E7 3
180026716 2 12 1420583042643 8.0344824E7 4
1381345892 2 10 1420583042643 7.8275856E7 5
96184837 2 20 1420583102643 8.8620688E7 1
14192680 2 19 1420583102643 8.7586208E7 2
824157 2 17 1420583102643 8.551724E7 3
12273252 2 15 1420583102643 8.344828E7 4
180026716 2 12 1420583102643 8.0344824E7 5
96184837 2 20 1420583162643 8.8620688E7 1
17698956 2 15 1420583162643 8.344828E7 2
811303 2 14 1420583162643 8.2413792E7 3
1381345892 2 12 1420583162643 8.0344824E7 4
171716921 2 12 1420583162643 8.0344824E7 5
55252152 2 20 1420583222643 8.8620688E7 1
96184837 2 20 1420583222643 8.8620688E7 2
34541677 2 17 1420583222643 8.551724E7 3
17698956 2 15 1420583222643 8.344828E7 4
811303 2 14 1420583222643 8.2413792E7 5
278093318 2 21 1420583282643 8.9655176E7 1
96184837 2 20 1420583282643 8.8620688E7 2
17698956 2 15 1420583282643 8.344828E7 3
811303 2 14 1420583282643 8.2413792E7 4
15111389 2 12 1420583282643 8.0344824E7 5
525187154 2 24 1420583342643 9.2758616E7 1
278093318 2 21 1420583342643 8.9655176E7 2
96184837 2 20 1420583342643 8.8620688E7 3
17698956 2 15 1420583342643 8.344828E7 4
180026716 2 12 1420583342643 8.0344824E7 5
525187154 2 24 1420583402643 9.2758616E7 1
96184837 2 20 1420583402643 8.8620688E7 2
14192680 2 19 1420583402643 8.7586208E7 3
152341106 2 18 1420583402643 8.6551728E7 4
14787749 2 16 1420583402643 8.448276E7 5
525187154 2 24 1420583462643 9.2758616E7 1
10069612 2 22 1420583462643 9.0689656E7 2
278093318 2 21 1420583462643 8.9655176E7 3
96184837 2 20 1420583462643 8.8620688E7 4
14192680 2 19 1420583462643 8.7586208E7 5
