p, s, p&s, totalNumberOfCandidatesinML, numberOfExpiredCandidatesinML, numberOfExpiredCandidatesAfterTheMaintenanceinML, numberOfExpiredElementsInTheView, numberOfExpiredElementsInTheViewAfterTheMaintenance 
,39,4.0,4.0,19.0,19.0 
,41,4.0,3.0,46.0,45.0 
,32,2.0,1.0,63.0,62.0 
,30,2.0,1.0,68.0,67.0 
,30,7.0,4.0,78.0,75.0 
,32,5.0,3.0,97.0,95.0 
,30,9.0,7.0,118.0,116.0 
,27,7.0,5.0,133.0,131.0 
,29,9.0,7.0,148.0,146.0 
,31,10.0,7.0,176.0,173.0 
,30,13.0,7.0,197.0,191.0 
,30,13.0,7.0,217.0,211.0 
,29,16.0,9.0,234.0,227.0 
,27,12.0,7.0,235.0,230.0 
,37,15.0,10.0,240.0,235.0 
,39,20.0,15.0,271.0,266.0 
,26,11.0,4.0,289.0,282.0 
,22,13.0,7.0,301.0,295.0 
,25,11.0,4.0,317.0,310.0 
,26,18.0,13.0,341.0,336.0 
,41,26.0,20.0,359.0,353.0 
,40,27.0,21.0,358.0,352.0 
,42,26.0,19.0,357.0,350.0 
,32,21.0,15.0,361.0,355.0 
,23,14.0,7.0,356.0,349.0 
,21,11.0,5.0,358.0,352.0 
,34,22.0,15.0,352.0,345.0 
,36,21.0,14.0,345.0,338.0 
,37,24.0,17.0,346.0,339.0 
,38,23.0,16.0,351.0,344.0 
,28,16.0,10.0,357.0,351.0 
,25,15.0,9.0,351.0,345.0 
,29,21.0,14.0,366.0,359.0 
,27,15.0,8.0,360.0,353.0 
,34,19.0,12.0,354.0,347.0 
,32,16.0,9.0,356.0,349.0 
,26,13.0,6.0,354.0,347.0 
,32,17.0,10.0,350.0,343.0 
,28,21.0,15.0,358.0,352.0 
,38,26.0,19.0,353.0,346.0 
,33,18.0,12.0,351.0,345.0 
,27,13.0,8.0,350.0,345.0 
,31,21.0,14.0,358.0,351.0 
,30,18.0,13.0,352.0,347.0 
,24,13.0,8.0,357.0,352.0 
,30,17.0,10.0,360.0,353.0 
,26,13.0,6.0,354.0,347.0 
,25,14.0,7.0,356.0,349.0 
,26,16.0,9.0,359.0,352.0 
,29,17.0,12.0,358.0,353.0 
,24,12.0,6.0,353.0,347.0 
,31,21.0,14.0,361.0,354.0 
,28,16.0,11.0,356.0,351.0 
,23,14.0,7.0,355.0,348.0 
,27,13.0,8.0,353.0,348.0 
,38,18.0,13.0,354.0,349.0 
,34,11.0,7.0,349.0,345.0 
,33,19.0,12.0,359.0,352.0 
,39,24.0,17.0,361.0,354.0 
,39,26.0,19.0,363.0,356.0 
,43,29.0,23.0,363.0,357.0 
,42,25.0,19.0,360.0,354.0 
,33,19.0,12.0,355.0,348.0 
,30,12.0,8.0,349.0,345.0 
,30,24.0,17.0,366.0,359.0 
,33,22.0,15.0,360.0,353.0 
,34,22.0,15.0,353.0,346.0 
,30,20.0,13.0,357.0,350.0 
,31,21.0,14.0,361.0,354.0 
,32,21.0,14.0,362.0,355.0 
,30,19.0,12.0,358.0,351.0 
,22,11.0,6.0,353.0,348.0 
,23,15.0,8.0,354.0,347.0 
,28,13.0,8.0,348.0,343.0 
,24,10.0,4.0,344.0,338.0 
,31,20.0,13.0,351.0,344.0 
,34,16.0,9.0,346.0,339.0 
,36,27.0,20.0,367.0,360.0 
,33,25.0,18.0,363.0,356.0 
,36,25.0,19.0,357.0,351.0 
,36,27.0,20.0,362.0,355.0 
,32,27.0,20.0,363.0,356.0 
,37,29.0,22.0,367.0,360.0 
,37,25.0,19.0,364.0,358.0 
,31,18.0,11.0,359.0,352.0 
,32,20.0,13.0,353.0,346.0 
,31,15.0,9.0,358.0,352.0 
,38,23.0,16.0,355.0,348.0 
,33,19.0,13.0,350.0,344.0 
,35,16.0,9.0,344.0,337.0 
,33,24.0,18.0,361.0,355.0 
,34,23.0,16.0,361.0,354.0 
,35,22.0,16.0,356.0,350.0 
,39,23.0,17.0,350.0,344.0 
,35,26.0,19.0,351.0,344.0 
,36,19.0,12.0,346.0,339.0 
,36,24.0,17.0,367.0,360.0 
,33,19.0,13.0,365.0,359.0 
,40,23.0,16.0,364.0,357.0 
,38,22.0,15.0,358.0,351.0 
,30,12.0,6.0,350.0,344.0 
,26,13.0,7.0,346.0,340.0 
,31,16.0,9.0,353.0,346.0 
,30,21.0,14.0,369.0,362.0 
,26,14.0,7.0,362.0,355.0 
,26,13.0,9.0,360.0,356.0 
,30,19.0,12.0,366.0,359.0 
,32,19.0,12.0,363.0,356.0 
,26,6.0,3.0,356.0,353.0 
,30,17.0,10.0,364.0,357.0 
,25,10.0,5.0,357.0,352.0 
,31,21.0,14.0,358.0,351.0 
,26,22.0,15.0,366.0,359.0 
,26,15.0,9.0,359.0,353.0 
,33,19.0,12.0,354.0,347.0 
,27,15.0,10.0,365.0,360.0 
,24,11.0,6.0,361.0,356.0 
,34,19.0,12.0,359.0,352.0 
,33,23.0,16.0,362.0,355.0 
,41,28.0,21.0,356.0,349.0 
,34,23.0,16.0,360.0,353.0 
,30,17.0,11.0,355.0,349.0 
,33,22.0,16.0,362.0,356.0 
,35,19.0,12.0,357.0,350.0 
,29,14.0,10.0,353.0,349.0 
,32,17.0,10.0,356.0,349.0 
,26,10.0,4.0,347.0,341.0 
,30,17.0,11.0,354.0,348.0 
,35,28.0,21.0,368.0,361.0 
,32,21.0,15.0,369.0,363.0 
,34,23.0,16.0,362.0,355.0 
,35,23.0,16.0,355.0,348.0 
,30,16.0,9.0,349.0,342.0 
,30,12.0,5.0,341.0,334.0 
,37,19.0,12.0,349.0,342.0 
,40,21.0,17.0,350.0,346.0 
,36,20.0,15.0,346.0,341.0 
,36,23.0,16.0,356.0,349.0 
,32,13.0,6.0,348.0,341.0 
,37,21.0,14.0,358.0,351.0 
,41,19.0,13.0,350.0,344.0 
,31,18.0,12.0,361.0,355.0 
,29,20.0,13.0,367.0,360.0 
,33,22.0,15.0,363.0,356.0 
,31,20.0,13.0,370.0,363.0 
,31,24.0,17.0,372.0,365.0 
,36,21.0,14.0,365.0,358.0 
,39,22.0,15.0,361.0,354.0 
,37,18.0,13.0,354.0,349.0 
,39,27.0,20.0,361.0,354.0 
