p, s, p&s, totalNumberOfCandidatesinML, numberOfExpiredCandidatesinML, numberOfExpiredCandidatesAfterTheMaintenanceinML, numberOfExpiredElementsInTheView, numberOfExpiredElementsInTheViewAfterTheMaintenance 
,39,9.0,3.0,94.0,88.0 
,41,11.0,7.0,155.0,151.0 
,32,5.0,2.0,190.0,187.0 
,30,4.0,0.0,200.0,196.0 
,30,5.0,2.0,247.0,244.0 
,32,17.0,9.0,273.0,265.0 
,30,13.0,4.0,294.0,285.0 
,27,11.0,4.0,307.0,300.0 
,29,18.0,4.0,328.0,314.0 
,31,14.0,7.0,330.0,323.0 
,30,14.0,6.0,339.0,331.0 
,30,14.0,2.0,344.0,332.0 
,29,14.0,5.0,346.0,337.0 
,27,7.0,1.0,345.0,339.0 
,37,19.0,11.0,347.0,339.0 
,39,22.0,10.0,352.0,340.0 
,26,10.0,4.0,353.0,347.0 
,22,7.0,0.0,350.0,343.0 
,25,11.0,4.0,354.0,347.0 
,26,16.0,2.0,353.0,339.0 
,41,22.0,12.0,354.0,344.0 
,40,22.0,13.0,355.0,346.0 
,42,23.0,16.0,353.0,346.0 
,32,14.0,4.0,353.0,343.0 
,23,10.0,4.0,358.0,352.0 
,21,14.0,4.0,367.0,357.0 
,34,16.0,8.0,360.0,352.0 
,36,15.0,8.0,357.0,350.0 
,37,19.0,5.0,357.0,343.0 
,38,20.0,8.0,357.0,345.0 
,28,13.0,2.0,360.0,349.0 
,25,15.0,1.0,358.0,344.0 
,29,12.0,4.0,352.0,344.0 
,27,10.0,4.0,355.0,349.0 
,34,15.0,4.0,354.0,343.0 
,32,12.0,5.0,352.0,345.0 
,26,13.0,3.0,353.0,343.0 
,32,11.0,4.0,348.0,341.0 
,28,13.0,5.0,357.0,349.0 
,38,22.0,5.0,362.0,345.0 
,33,13.0,2.0,352.0,341.0 
,27,9.0,5.0,354.0,350.0 
,31,14.0,4.0,354.0,344.0 
,30,15.0,6.0,352.0,343.0 
,24,9.0,2.0,350.0,343.0 
,30,12.0,6.0,350.0,344.0 
,26,10.0,6.0,352.0,348.0 
,25,11.0,4.0,356.0,349.0 
,26,15.0,1.0,357.0,343.0 
,29,11.0,2.0,355.0,346.0 
,24,11.0,3.0,358.0,350.0 
,31,15.0,8.0,361.0,354.0 
,28,12.0,3.0,362.0,353.0 
,23,8.0,5.0,355.0,352.0 
,27,17.0,4.0,359.0,346.0 
,38,17.0,9.0,354.0,346.0 
,34,18.0,7.0,359.0,348.0 
,33,13.0,4.0,353.0,344.0 
,39,19.0,7.0,358.0,346.0 
,39,17.0,7.0,354.0,344.0 
,43,21.0,14.0,349.0,342.0 
,42,19.0,10.0,350.0,341.0 
,33,10.0,3.0,349.0,342.0 
,30,8.0,3.0,353.0,348.0 
,30,13.0,3.0,352.0,342.0 
,33,14.0,2.0,351.0,339.0 
,34,13.0,1.0,345.0,333.0 
,30,13.0,5.0,347.0,339.0 
,31,17.0,5.0,356.0,344.0 
,32,13.0,5.0,354.0,346.0 
,30,14.0,3.0,356.0,345.0 
,22,7.0,1.0,355.0,349.0 
,23,11.0,1.0,359.0,349.0 
,28,10.0,6.0,353.0,349.0 
,24,10.0,4.0,354.0,348.0 
,31,15.0,5.0,352.0,342.0 
,34,15.0,5.0,353.0,343.0 
,36,18.0,6.0,356.0,344.0 
,33,15.0,6.0,353.0,344.0 
,36,14.0,6.0,351.0,343.0 
,36,19.0,6.0,352.0,339.0 
,32,13.0,3.0,345.0,335.0 
,37,18.0,8.0,348.0,338.0 
,37,19.0,8.0,353.0,342.0 
,31,13.0,2.0,345.0,334.0 
,32,12.0,7.0,340.0,335.0 
,31,14.0,5.0,342.0,333.0 
,38,17.0,6.0,347.0,336.0 
,33,16.0,8.0,347.0,339.0 
,35,15.0,8.0,353.0,346.0 
,33,21.0,8.0,358.0,345.0 
,34,18.0,6.0,353.0,341.0 
,35,12.0,3.0,344.0,335.0 
,39,18.0,6.0,343.0,331.0 
,35,20.0,2.0,344.0,326.0 
,36,14.0,3.0,337.0,326.0 
,36,10.0,4.0,341.0,335.0 
,33,13.0,4.0,342.0,333.0 
,40,20.0,7.0,342.0,329.0 
,38,16.0,7.0,342.0,333.0 
,30,11.0,4.0,346.0,339.0 
,26,9.0,1.0,344.0,336.0 
,31,13.0,4.0,345.0,336.0 
,30,16.0,3.0,349.0,336.0 
,26,10.0,6.0,348.0,344.0 
,26,15.0,4.0,354.0,343.0 
,30,15.0,3.0,353.0,341.0 
,32,17.0,5.0,351.0,339.0 
,26,8.0,2.0,354.0,348.0 
,30,11.0,6.0,356.0,351.0 
,25,11.0,2.0,364.0,355.0 
,31,20.0,8.0,366.0,354.0 
,26,15.0,3.0,361.0,349.0 
,26,15.0,2.0,360.0,347.0 
,33,20.0,8.0,356.0,344.0 
,27,10.0,2.0,352.0,344.0 
,24,13.0,1.0,351.0,339.0 
,34,18.0,3.0,348.0,333.0 
,33,14.0,5.0,342.0,333.0 
,41,21.0,10.0,347.0,336.0 
,34,17.0,5.0,348.0,336.0 
,30,14.0,4.0,345.0,335.0 
,33,14.0,3.0,346.0,335.0 
,35,12.0,5.0,342.0,335.0 
,29,12.0,2.0,342.0,332.0 
,32,18.0,7.0,347.0,336.0 
,26,8.0,2.0,351.0,345.0 
,30,12.0,2.0,353.0,343.0 
,35,17.0,8.0,352.0,343.0 
,32,17.0,7.0,350.0,340.0 
,34,15.0,5.0,349.0,339.0 
,35,18.0,10.0,354.0,346.0 
,30,18.0,4.0,359.0,345.0 
,30,9.0,2.0,355.0,348.0 
,37,18.0,9.0,357.0,348.0 
,40,20.0,9.0,351.0,340.0 
,36,15.0,8.0,345.0,338.0 
,36,21.0,7.0,350.0,336.0 
,32,15.0,4.0,347.0,336.0 
,37,19.0,6.0,346.0,333.0 
,41,18.0,7.0,344.0,333.0 
,31,19.0,7.0,351.0,339.0 
,29,14.0,2.0,351.0,339.0 
,33,17.0,7.0,350.0,340.0 
,31,10.0,3.0,347.0,340.0 
,31,16.0,3.0,347.0,334.0 
,36,19.0,8.0,346.0,335.0 
,39,21.0,7.0,343.0,329.0 
,37,15.0,7.0,339.0,331.0 
,39,21.0,10.0,346.0,335.0 
