104227735 2 17 1420574522643 8.9615384E7 1
140080129 2 6 1420574522643 7.692308E7 2
278093318 2 0 1420574522643 7.0E7 3
12273252 2 0 1420574522643 7.0E7 4
89787221 2 0 1420574522643 7.0E7 5
15111389 2 9 1420574582643 8.0384616E7 1
14192680 2 0 1420574582643 7.0E7 2
23354464 2 0 1420574582643 7.0E7 3
7867072 2 0 1420574582643 7.0E7 4
89787221 2 0 1420574582643 7.0E7 5
27091328 2 19 1420574642643 9.1923072E7 1
7867072 2 0 1420574642643 7.0E7 2
12413892 2 0 1420574642643 7.0E7 3
89787221 2 0 1420574642643 7.0E7 4
12273252 2 0 1420574642643 7.0E7 5
27091328 2 19 1420574702643 9.1923072E7 1
23354464 2 0 1420574702643 7.0E7 2
7867072 2 0 1420574702643 7.0E7 3
73417273 2 0 1420574702643 7.0E7 4
89787221 2 0 1420574702643 7.0E7 5
278093318 2 23 1420574762643 9.6538464E7 1
27091328 2 19 1420574762643 9.1923072E7 2
183807568 2 0 1420574762643 7.0E7 3
73417273 2 0 1420574762643 7.0E7 4
92733433 2 0 1420574762643 7.0E7 5
27091328 2 19 1420574822643 9.1923072E7 1
38702668 2 11 1420574822643 8.2692304E7 2
73417273 2 0 1420574822643 7.0E7 3
11178672 2 0 1420574822643 7.0E7 4
89787221 2 0 1420574822643 7.0E7 5
27091328 2 19 1420574882643 9.1923072E7 1
384479689 2 0 1420574882643 7.0E7 2
11178672 2 0 1420574882643 7.0E7 3
12273252 2 0 1420574882643 7.0E7 4
92733433 2 0 1420574882643 7.0E7 5
73417273 2 18 1420574942643 9.0769232E7 1
14192680 2 0 1420574942643 7.0E7 2
21842357 2 0 1420574942643 7.0E7 3
174890917 2 0 1420574942643 7.0E7 4
12273252 2 0 1420574942643 7.0E7 5
14192680 2 0 1420575002643 7.0E7 1
384479689 2 0 1420575002643 7.0E7 2
7867072 2 0 1420575002643 7.0E7 3
174890917 2 0 1420575002643 7.0E7 4
73417273 2 18 1420575002643 7.0E7 5
27091328 2 19 1420575062643 9.1923072E7 1
12273252 2 16 1420575062643 8.8461544E7 2
1381345892 2 8 1420575062643 7.9230768E7 3
7867072 2 0 1420575062643 7.0E7 4
89787221 2 12 1420575062643 7.0E7 5
27091328 2 19 1420575122643 9.1923072E7 1
1381345892 2 8 1420575122643 7.9230768E7 2
11178672 2 0 1420575122643 7.0E7 3
8861752 2 0 1420575122643 7.0E7 4
89787221 2 12 1420575122643 7.0E7 5
140080129 2 24 1420575182643 9.7692312E7 1
384479689 2 0 1420575182643 7.0E7 2
12413892 2 0 1420575182643 7.0E7 3
89787221 2 12 1420575182643 7.0E7 4
16621805 1 24 1420575182643 2.769231E7 5
278093318 2 23 1420575242643 9.6538464E7 1
140080129 2 24 1420575242643 7.692308E7 2
14192680 2 0 1420575242643 7.0E7 3
12413892 2 0 1420575242643 7.0E7 4
89787221 2 12 1420575242643 7.0E7 5
384479689 2 0 1420575302643 7.0E7 1
17604456 2 0 1420575302643 7.0E7 2
17070252 2 0 1420575302643 7.0E7 3
12413892 2 0 1420575302643 7.0E7 4
174890917 2 0 1420575302643 7.0E7 5
1381345892 2 8 1420575362643 7.9230768E7 1
17604456 2 0 1420575362643 7.0E7 2
17070252 2 0 1420575362643 7.0E7 3
7867072 2 0 1420575362643 7.0E7 4
73417273 2 18 1420575362643 7.0E7 5
140080129 2 24 1420575422643 7.692308E7 1
278093318 2 5 1420575422643 7.5769224E7 2
20745130 2 0 1420575422643 7.0E7 3
17070252 2 0 1420575422643 7.0E7 4
1618007706 2 0 1420575422643 7.0E7 5
278093318 2 5 1420575482643 9.6538464E7 1
140080129 2 24 1420575482643 7.692308E7 2
14192680 2 0 1420575482643 7.0E7 3
17070252 2 0 1420575482643 7.0E7 4
89787221 2 12 1420575482643 7.0E7 5
278093318 2 5 1420575542643 9.6538464E7 1
140080129 2 24 1420575542643 7.692308E7 2
7867072 2 0 1420575542643 7.0E7 3
174890917 2 0 1420575542643 7.0E7 4
89787221 2 12 1420575542643 7.0E7 5
140080129 2 24 1420575602643 7.692308E7 1
189107456 2 0 1420575602643 7.0E7 2
73417273 2 18 1420575602643 7.0E7 3
89787221 2 12 1420575602643 7.0E7 4
278093318 1 5 1420575602643 2.6538462E7 5
140080129 2 24 1420575662643 7.692308E7 1
326821147 2 0 1420575662643 7.0E7 2
15445129 2 0 1420575662643 7.0E7 3
89787221 2 12 1420575662643 7.0E7 4
92733433 2 0 1420575662643 7.0E7 5
21044502 2 22 1420575722643 9.5384616E7 1
140080129 2 24 1420575722643 7.692308E7 2
23354464 2 0 1420575722643 7.0E7 3
69020299 2 0 1420575722643 7.0E7 4
73417273 2 18 1420575722643 7.0E7 5
278093318 2 5 1420575782643 9.6538464E7 1
140080129 2 24 1420575782643 7.692308E7 2
69020299 2 0 1420575782643 7.0E7 3
73417273 2 18 1420575782643 7.0E7 4
89787221 2 12 1420575782643 7.0E7 5
27091328 2 19 1420575842643 9.1923072E7 1
140080129 2 24 1420575842643 7.692308E7 2
384479689 2 0 1420575842643 7.0E7 3
69020299 2 0 1420575842643 7.0E7 4
15601977 2 0 1420575842643 7.0E7 5
140080129 2 14 1420575902643 8.6153848E7 1
21986815 2 0 1420575902643 7.0E7 2
69020299 2 0 1420575902643 7.0E7 3
7867072 2 0 1420575902643 7.0E7 4
92733433 2 0 1420575902643 7.0E7 5
140080129 2 14 1420575962643 7.692308E7 1
69020299 2 0 1420575962643 7.0E7 2
11178672 2 0 1420575962643 7.0E7 3
92733433 2 0 1420575962643 7.0E7 4
278093318 1 5 1420575962643 2.6538462E7 5
140080129 2 14 1420576022643 7.692308E7 1
118292510 2 0 1420576022643 7.0E7 2
15601977 2 0 1420576022643 7.0E7 3
12273252 2 16 1420576022643 7.0E7 4
92733433 2 0 1420576022643 7.0E7 5
140080129 2 14 1420576082643 7.692308E7 1
118292510 2 0 1420576082643 7.0E7 2
202777395 2 0 1420576082643 7.0E7 3
69020299 2 0 1420576082643 7.0E7 4
15601977 2 0 1420576082643 7.0E7 5
278093318 2 5 1420576142643 9.6538464E7 1
1381345892 2 8 1420576142643 7.9230768E7 2
140080129 2 14 1420576142643 7.692308E7 3
174890917 2 0 1420576142643 7.0E7 4
12273252 2 16 1420576142643 7.0E7 5
27091328 2 19 1420576202643 9.1923072E7 1
17698956 2 18 1420576202643 7.0E7 2
15601977 2 0 1420576202643 7.0E7 3
7867072 2 0 1420576202643 7.0E7 4
92733433 2 0 1420576202643 7.0E7 5
14845376 2 20 1420576262643 9.5384616E7 1
27091328 2 19 1420576262643 9.1923072E7 2
384479689 2 0 1420576262643 7.0E7 3
12413892 2 0 1420576262643 7.0E7 4
15856366 2 0 1420576262643 7.0E7 5
69020299 2 5 1420576322643 7.5769224E7 1
12413892 2 0 1420576322643 7.0E7 2
278093318 1 5 1420576322643 2.6538462E7 3
14845376 1 20 1420576322643 2.5384616E7 4
27091328 1 19 1420576322643 2.1923078E7 5
17698956 2 18 1420576382643 7.0E7 1
12413892 2 0 1420576382643 7.0E7 2
14192680 1 18 1420576382643 2.0769232E7 3
44426926 1 18 1420576382643 2.0769232E7 4
38702668 1 11 1420576382643 1.2692308E7 5
278093318 2 5 1420576442643 9.6538464E7 1
487535749 2 21 1420576442643 9.4230768E7 2
44426926 2 18 1420576442643 9.0769232E7 3
12413892 2 0 1420576442643 7.0E7 4
14845376 1 20 1420576442643 2.5384616E7 5
278093318 2 5 1420576502643 9.6538464E7 1
140080129 2 14 1420576502643 7.692308E7 2
17698956 2 18 1420576502643 7.0E7 3
69020299 2 5 1420576502643 7.0E7 4
8861752 2 0 1420576502643 7.0E7 5
824157 2 7 1420576562643 7.0E7 1
17698956 2 18 1420576562643 7.0E7 2
23354464 2 0 1420576562643 7.0E7 3
69020299 2 5 1420576562643 7.0E7 4
12413892 2 0 1420576562643 7.0E7 5
326821147 2 18 1420576622643 7.0E7 1
69020299 2 5 1420576622643 7.0E7 2
8861752 2 0 1420576622643 7.0E7 3
278093318 1 5 1420576622643 2.6538462E7 4
61292961 1 20 1420576622643 2.3076924E7 5
278093318 2 5 1420576682643 9.6538464E7 1
19200736 2 10 1420576682643 8.1538464E7 2
69020299 2 5 1420576682643 7.0E7 3
7867072 2 0 1420576682643 7.0E7 4
44426926 1 6 1420576682643 2.0769232E7 5
278093318 2 5 1420576742643 9.6538464E7 1
140080129 2 14 1420576742643 7.692308E7 2
69020299 2 5 1420576742643 7.0E7 3
24849868 2 0 1420576742643 7.0E7 4
8861752 2 0 1420576742643 7.0E7 5
61292961 2 20 1420576802643 9.307692E7 1
44426926 2 6 1420576802643 9.0769232E7 2
140080129 2 14 1420576802643 7.692308E7 3
69020299 2 5 1420576802643 7.0E7 4
89787221 2 12 1420576802643 7.0E7 5
23354464 2 13 1420576862643 8.5E7 1
140080129 2 14 1420576862643 7.692308E7 2
57333521 2 0 1420576862643 7.0E7 3
12273252 2 16 1420576862643 7.0E7 4
89787221 2 12 1420576862643 7.0E7 5
140080129 2 14 1420576922643 7.692308E7 1
14192680 2 18 1420576922643 7.0E7 2
57333521 2 0 1420576922643 7.0E7 3
49437246 2 0 1420576922643 7.0E7 4
61292961 1 20 1420576922643 2.3076924E7 5
61292961 2 20 1420576982643 9.307692E7 1
49437246 2 15 1420576982643 8.7307688E7 2
14192680 2 18 1420576982643 7.0E7 3
394078527 2 9 1420576982643 7.0E7 4
89787221 2 12 1420576982643 7.0E7 5
27091328 2 19 1420577042643 9.1923072E7 1
23354464 2 13 1420577042643 7.0E7 2
7867072 2 0 1420577042643 7.0E7 3
174890917 2 0 1420577042643 7.0E7 4
1618007706 2 7 1420577042643 7.0E7 5
14845376 2 20 1420577102643 9.5384616E7 1
23354464 2 13 1420577102643 7.0E7 2
7867072 2 0 1420577102643 7.0E7 3
8861752 2 0 1420577102643 7.0E7 4
195897346 2 0 1420577102643 7.0E7 5
14845376 2 20 1420577162643 9.5384616E7 1
25368027 2 16 1420577162643 9.307692E7 2
175295203 2 0 1420577162643 7.0E7 3
10069612 2 0 1420577162643 7.0E7 4
24849868 2 0 1420577162643 7.0E7 5
14845376 2 20 1420577222643 9.5384616E7 1
25368027 2 16 1420577222643 9.307692E7 2
14192680 2 18 1420577222643 7.0E7 3
24849868 2 0 1420577222643 7.0E7 4
22990521 1 23 1420577222643 2.6538462E7 5
14845376 2 20 1420577282643 9.5384616E7 1
25368027 2 16 1420577282643 9.307692E7 2
1381345892 2 8 1420577282643 7.9230768E7 3
14192680 2 18 1420577282643 7.0E7 4
69020299 2 5 1420577282643 7.0E7 5
14845376 2 20 1420577342643 9.5384616E7 1
1381345892 2 8 1420577342643 7.9230768E7 2
23354464 2 13 1420577342643 7.0E7 3
278093318 1 5 1420577342643 2.6538462E7 4
149157068 1 23 1420577342643 2.6538462E7 5
14845376 2 20 1420577402643 9.5384616E7 1
34541677 2 14 1420577402643 7.0E7 2
23354464 2 13 1420577402643 7.0E7 3
10069612 2 0 1420577402643 7.0E7 4
12273252 2 16 1420577402643 7.0E7 5
14845376 2 20 1420577462643 9.5384616E7 1
14192680 2 18 1420577462643 7.0E7 2
23354464 2 13 1420577462643 7.0E7 3
8861752 2 0 1420577462643 7.0E7 4
12273252 2 16 1420577462643 7.0E7 5
14845376 2 20 1420577522643 9.5384616E7 1
25368027 2 16 1420577522643 9.307692E7 2
824157 2 7 1420577522643 7.0E7 3
23354464 2 13 1420577522643 7.0E7 4
11129062 1 21 1420577522643 2.423077E7 5
14845376 2 20 1420577582643 9.5384616E7 1
51220493 2 19 1420577582643 9.4230768E7 2
25368027 2 16 1420577582643 9.307692E7 3
10069612 2 0 1420577582643 7.0E7 4
7867072 2 0 1420577582643 7.0E7 5
14845376 2 20 1420577642643 9.5384616E7 1
25368027 2 16 1420577642643 9.307692E7 2
44426926 2 6 1420577642643 9.0769232E7 3
140080129 2 14 1420577642643 7.692308E7 4
174890917 2 0 1420577642643 7.0E7 5
14845376 2 20 1420577702643 9.5384616E7 1
1381345892 2 18 1420577702643 9.0769232E7 2
140080129 2 14 1420577702643 7.692308E7 3
23354464 2 13 1420577702643 7.0E7 4
73417273 2 9 1420577702643 7.0E7 5
14845376 2 20 1420577762643 9.5384616E7 1
1381345892 2 18 1420577762643 7.9230768E7 2
140080129 2 14 1420577762643 7.692308E7 3
23354464 2 13 1420577762643 7.0E7 4
174890917 2 0 1420577762643 7.0E7 5
278093318 2 5 1420577822643 9.6538464E7 1
14845376 2 20 1420577822643 9.5384616E7 2
8312862 2 7 1420577822643 8.2692304E7 3
1381345892 2 18 1420577822643 7.9230768E7 4
824157 2 7 1420577822643 7.0E7 5
278093318 2 5 1420577882643 9.6538464E7 1
14845376 2 20 1420577882643 9.5384616E7 2
8312862 2 7 1420577882643 8.2692304E7 3
1381345892 2 18 1420577882643 7.9230768E7 4
23354464 2 13 1420577882643 7.0E7 5
278093318 2 5 1420577942643 9.6538464E7 1
14845376 2 20 1420577942643 9.5384616E7 2
140080129 2 14 1420577942643 7.692308E7 3
384479689 2 0 1420577942643 7.0E7 4
23354464 2 13 1420577942643 7.0E7 5
278093318 2 5 1420578002643 9.6538464E7 1
14845376 2 20 1420578002643 9.5384616E7 2
140080129 2 14 1420578002643 7.692308E7 3
23354464 2 13 1420578002643 7.0E7 4
12273252 2 16 1420578002643 7.0E7 5
278093318 2 5 1420578062643 9.6538464E7 1
14845376 2 20 1420578062643 9.5384616E7 2
1381345892 2 18 1420578062643 7.9230768E7 3
140080129 2 14 1420578062643 7.692308E7 4
16045956 2 0 1420578062643 7.0E7 5
278093318 2 5 1420578122643 9.6538464E7 1
14845376 2 20 1420578122643 9.5384616E7 2
1381345892 2 18 1420578122643 7.9230768E7 3
23354464 2 13 1420578122643 7.0E7 4
22948692 2 6 1420578122643 7.0E7 5
278093318 2 5 1420578182643 9.6538464E7 1
14845376 2 20 1420578182643 9.5384616E7 2
276554601 2 14 1420578182643 8.6153848E7 3
1381345892 2 18 1420578182643 7.9230768E7 4
10069612 2 0 1420578182643 7.0E7 5
278093318 2 5 1420578242643 9.6538464E7 1
14845376 2 20 1420578242643 9.5384616E7 2
109013694 2 15 1420578242643 7.0E7 3
23354464 2 13 1420578242643 7.0E7 4
7867072 2 0 1420578242643 7.0E7 5
14845376 2 20 1420578302643 9.5384616E7 1
16045956 2 0 1420578302643 7.0E7 2
23354464 2 13 1420578302643 7.0E7 3
73417273 2 9 1420578302643 7.0E7 4
1618007706 2 7 1420578302643 7.0E7 5
14845376 2 20 1420578362643 9.5384616E7 1
1381345892 2 18 1420578362643 7.9230768E7 2
384479689 2 23 1420578362643 7.0E7 3
23354464 2 13 1420578362643 7.0E7 4
22948692 2 6 1420578362643 7.0E7 5
14845376 2 20 1420578422643 9.5384616E7 1
1381345892 2 18 1420578422643 7.9230768E7 2
16045956 2 0 1420578422643 7.0E7 3
23354464 2 13 1420578422643 7.0E7 4
57333521 2 0 1420578422643 7.0E7 5
278093318 2 5 1420578482643 9.6538464E7 1
14845376 2 20 1420578482643 9.5384616E7 2
1381345892 2 18 1420578482643 7.9230768E7 3
14192680 2 18 1420578482643 7.0E7 4
23354464 2 13 1420578482643 7.0E7 5
278093318 2 5 1420578542643 9.6538464E7 1
14845376 2 20 1420578542643 9.5384616E7 2
567341777 2 0 1420578542643 7.0E7 3
23354464 2 13 1420578542643 7.0E7 4
92791146 2 0 1420578542643 7.0E7 5
278093318 2 5 1420578602643 9.6538464E7 1
14845376 2 20 1420578602643 9.5384616E7 2
92791146 2 0 1420578602643 7.0E7 3
89316412 2 0 1420578602643 7.0E7 4
195897346 2 0 1420578602643 7.0E7 5
278093318 2 5 1420578662643 9.6538464E7 1
14845376 2 20 1420578662643 9.5384616E7 2
23354464 2 13 1420578662643 7.0E7 3
7867072 2 0 1420578662643 7.0E7 4
22948692 2 6 1420578662643 7.0E7 5
278093318 2 5 1420578722643 9.6538464E7 1
14845376 2 20 1420578722643 9.5384616E7 2
23354464 2 13 1420578722643 7.0E7 3
7867072 2 0 1420578722643 7.0E7 4
25368027 1 16 1420578722643 2.3076924E7 5
14845376 2 20 1420578782643 9.5384616E7 1
278093318 2 17 1420578782643 8.9615384E7 2
567341777 2 0 1420578782643 7.0E7 3
467431144 2 0 1420578782643 7.0E7 4
23354464 2 13 1420578782643 7.0E7 5
14845376 2 20 1420578842643 9.5384616E7 1
23354464 2 13 1420578842643 7.0E7 2
22192440 2 0 1420578842643 7.0E7 3
278093318 1 17 1420578842643 2.6538462E7 4
25368027 1 16 1420578842643 2.3076924E7 5
140080129 2 24 1420578902643 9.7692312E7 1
14845376 2 20 1420578902643 9.5384616E7 2
44426926 1 6 1420578902643 2.0769232E7 3
104227735 1 11 1420578902643 1.9615384E7 4
19200736 1 14 1420578902643 1.1538462E7 5
14845376 2 20 1420578962643 9.5384616E7 1
140080129 2 24 1420578962643 7.692308E7 2
23354464 2 13 1420578962643 7.0E7 3
15856366 2 0 1420578962643 7.0E7 4
12273252 2 6 1420578962643 7.0E7 5
23354464 2 13 1420579022643 7.0E7 1
160890393 2 0 1420579022643 7.0E7 2
195897346 2 0 1420579022643 7.0E7 3
278093318 1 17 1420579022643 2.6538462E7 4
14845376 1 20 1420579022643 2.5384616E7 5
14845376 2 20 1420579082643 9.5384616E7 1
27091328 2 24 1420579082643 9.1923072E7 2
23354464 2 13 1420579082643 7.0E7 3
384940104 2 0 1420579082643 7.0E7 4
160890393 2 0 1420579082643 7.0E7 5
140080129 2 24 1420579142643 7.692308E7 1
14192680 2 18 1420579142643 7.0E7 2
824157 2 7 1420579142643 7.0E7 3
23354464 2 13 1420579142643 7.0E7 4
14845376 1 20 1420579142643 2.5384616E7 5
50023090 2 18 1420579202643 9.0769232E7 1
14192680 2 18 1420579202643 7.0E7 2
73417273 2 9 1420579202643 7.0E7 3
15856366 2 0 1420579202643 7.0E7 4
92733433 2 0 1420579202643 7.0E7 5
278093318 2 17 1420579262643 9.6538464E7 1
14845376 2 20 1420579262643 9.5384616E7 2
14192680 2 18 1420579262643 7.0E7 3
7867072 2 0 1420579262643 7.0E7 4
41644754 2 0 1420579262643 7.0E7 5
278093318 2 17 1420579322643 9.6538464E7 1
14845376 2 20 1420579322643 9.5384616E7 2
89787221 2 16 1420579322643 8.8461544E7 3
1381345892 2 18 1420579322643 7.9230768E7 4
140080129 2 24 1420579322643 7.692308E7 5
14845376 2 20 1420579382643 9.5384616E7 1
140080129 2 24 1420579382643 7.692308E7 2
23354464 2 13 1420579382643 7.0E7 3
89787221 2 16 1420579382643 7.0E7 4
278093318 1 17 1420579382643 2.6538462E7 5
278093318 2 17 1420579442643 9.6538464E7 1
14845376 2 11 1420579442643 8.2692304E7 2
14192680 2 18 1420579442643 7.0E7 3
7867072 2 0 1420579442643 7.0E7 4
89787221 2 16 1420579442643 7.0E7 5
278093318 2 17 1420579502643 9.6538464E7 1
7867072 2 0 1420579502643 7.0E7 2
174890917 2 10 1420579502643 7.0E7 3
309220197 2 18 1420579502643 7.0E7 4
89787221 2 16 1420579502643 7.0E7 5
278093318 2 17 1420579562643 9.6538464E7 1
14845376 2 11 1420579562643 9.5384616E7 2
325220198 2 11 1420579562643 8.2692304E7 3
309220197 2 18 1420579562643 7.0E7 4
12273252 2 6 1420579562643 7.0E7 5
278093318 2 17 1420579622643 9.6538464E7 1
34541677 2 14 1420579622643 7.0E7 2
1618007706 2 8 1420579622643 7.0E7 3
57333521 2 0 1420579622643 7.0E7 4
12273252 2 6 1420579622643 7.0E7 5
140080129 2 24 1420579682643 7.692308E7 1
34541677 2 14 1420579682643 7.0E7 2
23354464 2 13 1420579682643 7.0E7 3
7867072 2 0 1420579682643 7.0E7 4
174890917 2 10 1420579682643 7.0E7 5
14845376 2 11 1420579742643 9.5384616E7 1
27091328 2 24 1420579742643 9.1923072E7 2
4282171 2 5 1420579742643 7.5769224E7 3
23354464 2 13 1420579742643 7.0E7 4
8861752 2 0 1420579742643 7.0E7 5
278093318 2 17 1420579802643 9.6538464E7 1
14845376 2 11 1420579802643 9.5384616E7 2
27091328 2 24 1420579802643 9.1923072E7 3
36573752 2 17 1420579802643 8.9615384E7 4
1381345892 2 18 1420579802643 7.9230768E7 5
278093318 2 17 1420579862643 9.6538464E7 1
14845376 2 11 1420579862643 9.5384616E7 2
1381345892 2 18 1420579862643 7.9230768E7 3
14192680 2 18 1420579862643 7.0E7 4
174890917 2 10 1420579862643 7.0E7 5
14845376 2 11 1420579922643 9.5384616E7 1
1381345892 2 18 1420579922643 7.9230768E7 2
16045956 2 0 1420579922643 7.0E7 3
1581203119 2 11 1420579922643 7.0E7 4
186222238 2 9 1420579922643 7.0E7 5
278093318 2 17 1420579982643 9.6538464E7 1
14845376 2 11 1420579982643 9.5384616E7 2
1381345892 2 18 1420579982643 7.9230768E7 3
10069612 2 0 1420579982643 7.0E7 4
186222238 2 9 1420579982643 7.0E7 5
384479689 2 23 1420580042643 7.0E7 1
186222238 2 9 1420580042643 7.0E7 2
12413892 2 0 1420580042643 7.0E7 3
309220197 2 18 1420580042643 7.0E7 4
12273252 2 6 1420580042643 7.0E7 5
14192680 2 18 1420580102643 7.0E7 1
824157 2 7 1420580102643 7.0E7 2
12413892 2 0 1420580102643 7.0E7 3
1618007706 2 8 1420580102643 7.0E7 4
8861752 2 0 1420580102643 7.0E7 5
14845376 2 11 1420580162643 9.5384616E7 1
23354464 2 13 1420580162643 7.0E7 2
16262688 2 9 1420580162643 7.0E7 3
17348724 2 0 1420580162643 7.0E7 4
8861752 2 0 1420580162643 7.0E7 5
14845376 2 11 1420580222643 9.5384616E7 1
20745130 2 6 1420580222643 7.692308E7 2
384479689 2 23 1420580222643 7.0E7 3
45710831 2 20 1420580222643 7.0E7 4
92733433 2 0 1420580222643 7.0E7 5
278093318 2 17 1420580282643 9.6538464E7 1
92733433 2 0 1420580282643 7.0E7 2
14845376 1 11 1420580282643 2.5384616E7 3
16262688 1 19 1420580282643 2.1923078E7 4
27091328 1 24 1420580282643 2.1923078E7 5
278093318 2 17 1420580342643 9.6538464E7 1
27091328 2 24 1420580342643 9.1923072E7 2
10005212 2 18 1420580342643 7.0E7 3
69020299 2 5 1420580342643 7.0E7 4
174890917 2 10 1420580342643 7.0E7 5
278093318 2 17 1420580402643 9.6538464E7 1
7867072 2 0 1420580402643 7.0E7 2
174890917 2 10 1420580402643 7.0E7 3
89787221 2 16 1420580402643 7.0E7 4
14845376 1 11 1420580402643 2.5384616E7 5
278093318 2 17 1420580462643 9.6538464E7 1
14845376 2 11 1420580462643 9.5384616E7 2
25368027 2 16 1420580462643 9.307692E7 3
1381345892 2 18 1420580462643 7.9230768E7 4
34541677 2 14 1420580462643 7.0E7 5
278093318 2 17 1420580522643 9.6538464E7 1
14845376 2 11 1420580522643 9.5384616E7 2
1381345892 2 18 1420580522643 7.9230768E7 3
140080129 2 24 1420580522643 7.692308E7 4
45710831 2 20 1420580522643 7.0E7 5
278093318 2 17 1420580582643 9.6538464E7 1
14845376 2 11 1420580582643 9.5384616E7 2
387220815 2 23 1420580582643 8.7307688E7 3
1381345892 2 18 1420580582643 7.9230768E7 4
140080129 2 24 1420580582643 7.692308E7 5
278093318 2 17 1420580642643 9.6538464E7 1
14845376 2 11 1420580642643 9.5384616E7 2
387220815 2 23 1420580642643 8.7307688E7 3
1381345892 2 18 1420580642643 7.9230768E7 4
140080129 2 24 1420580642643 7.692308E7 5
278093318 2 17 1420580702643 9.6538464E7 1
14845376 2 11 1420580702643 9.5384616E7 2
45710831 2 20 1420580702643 7.0E7 3
57333521 2 0 1420580702643 7.0E7 4
240818630 1 21 1420580702643 2.423077E7 5
278093318 2 17 1420580762643 9.6538464E7 1
14845376 2 11 1420580762643 9.5384616E7 2
140080129 2 24 1420580762643 7.692308E7 3
4282171 2 5 1420580762643 7.5769224E7 4
45710831 2 20 1420580762643 7.0E7 5
14845376 2 11 1420580822643 9.5384616E7 1
140080129 2 24 1420580822643 7.692308E7 2
21842357 2 0 1420580822643 7.0E7 3
57333521 2 0 1420580822643 7.0E7 4
278093318 1 17 1420580822643 2.6538462E7 5
14845376 2 11 1420580882643 9.5384616E7 1
21842357 2 0 1420580882643 7.0E7 2
57333521 2 0 1420580882643 7.0E7 3
12273252 2 6 1420580882643 7.0E7 4
278093318 1 17 1420580882643 2.6538462E7 5
278093318 2 17 1420580942643 9.6538464E7 1
14845376 2 11 1420580942643 9.5384616E7 2
45710831 2 20 1420580942643 7.0E7 3
8312862 1 22 1420580942643 2.5384616E7 4
44426926 1 23 1420580942643 2.0769232E7 5
14845376 2 11 1420581002643 9.5384616E7 1
202777395 2 0 1420581002643 7.0E7 2
19934731 2 0 1420581002643 7.0E7 3
12273252 2 6 1420581002643 7.0E7 4
8861752 2 0 1420581002643 7.0E7 5
14845376 2 11 1420581062643 9.5384616E7 1
140080129 2 24 1420581062643 7.692308E7 2
34541677 2 14 1420581062643 7.0E7 3
45710831 2 20 1420581062643 7.0E7 4
57333521 2 0 1420581062643 7.0E7 5
14845376 2 11 1420581122643 9.5384616E7 1
140080129 2 24 1420581122643 7.692308E7 2
45710831 2 20 1420581122643 7.0E7 3
278093318 1 17 1420581122643 2.6538462E7 4
25368027 1 16 1420581122643 2.3076924E7 5
14845376 2 11 1420581182643 9.5384616E7 1
140080129 2 24 1420581182643 7.692308E7 2
278093318 1 17 1420581182643 2.6538462E7 3
11178672 1 21 1420581182643 2.423077E7 4
61292961 1 20 1420581182643 2.3076924E7 5
14845376 2 11 1420581242643 9.5384616E7 1
140080129 2 24 1420581242643 7.692308E7 2
57333521 2 0 1420581242643 7.0E7 3
92791146 2 16 1420581242643 7.0E7 4
89316412 2 0 1420581242643 7.0E7 5
14845376 2 11 1420581302643 9.5384616E7 1
140080129 2 24 1420581302643 7.692308E7 2
57333521 2 0 1420581302643 7.0E7 3
25368027 1 16 1420581302643 2.3076924E7 4
17166894 1 20 1420581302643 2.3076924E7 5
14845376 2 11 1420581362643 9.5384616E7 1
140080129 2 24 1420581362643 7.692308E7 2
14192680 2 18 1420581362643 7.0E7 3
46213956 2 0 1420581362643 7.0E7 4
57333521 2 0 1420581362643 7.0E7 5
14845376 2 11 1420581422643 9.5384616E7 1
14192680 2 18 1420581422643 7.0E7 2
45710831 2 20 1420581422643 7.0E7 3
114872969 1 18 1420581422643 1.7307692E7 4
16101657 1 13 1420581422643 1.5000001E7 5
14845376 2 11 1420581482643 9.5384616E7 1
140080129 2 24 1420581482643 7.692308E7 2
14192680 2 18 1420581482643 7.0E7 3
259637983 2 8 1420581482643 7.0E7 4
21842357 2 0 1420581482643 7.0E7 5
14845376 2 11 1420581542643 9.5384616E7 1
140080129 2 24 1420581542643 7.692308E7 2
21842357 2 0 1420581542643 7.0E7 3
1454742764 2 8 1420581542643 7.0E7 4
57333521 2 0 1420581542643 7.0E7 5
14845376 2 11 1420581602643 9.5384616E7 1
140080129 2 24 1420581602643 7.692308E7 2
21842357 2 0 1420581602643 7.0E7 3
57333521 2 0 1420581602643 7.0E7 4
89787221 2 16 1420581602643 7.0E7 5
278093318 2 17 1420581662643 9.6538464E7 1
14845376 2 11 1420581662643 9.5384616E7 2
1381345892 2 18 1420581662643 7.9230768E7 3
34541677 2 14 1420581662643 7.0E7 4
384479689 2 23 1420581662643 7.0E7 5
14845376 2 11 1420581722643 9.5384616E7 1
1381345892 2 18 1420581722643 7.9230768E7 2
140140890 2 21 1420581722643 7.0E7 3
23354464 2 13 1420581722643 7.0E7 4
57333521 2 0 1420581722643 7.0E7 5
15111389 2 9 1420581782643 8.0384616E7 1
1381345892 2 18 1420581782643 7.9230768E7 2
23354464 2 13 1420581782643 7.0E7 3
12413892 2 0 1420581782643 7.0E7 4
24773493 2 10 1420581782643 7.0E7 5
15111389 2 9 1420581842643 8.0384616E7 1
1381345892 2 18 1420581842643 7.9230768E7 2
12413892 2 0 1420581842643 7.0E7 3
24773493 2 10 1420581842643 7.0E7 4
278093318 1 17 1420581842643 2.6538462E7 5
14787749 2 17 1420581902643 9.307692E7 1
1381345892 2 18 1420581902643 7.9230768E7 2
23742474 2 20 1420581902643 7.0E7 3
10069612 2 0 1420581902643 7.0E7 4
7867072 2 0 1420581902643 7.0E7 5
14845376 2 11 1420581962643 9.5384616E7 1
14787749 2 17 1420581962643 9.307692E7 2
1381345892 2 18 1420581962643 7.9230768E7 3
7867072 2 0 1420581962643 7.0E7 4
44426926 1 23 1420581962643 2.0769232E7 5
1381345892 2 18 1420582022643 7.9230768E7 1
7867072 2 0 1420582022643 7.0E7 2
24773493 2 10 1420582022643 7.0E7 3
14845376 1 11 1420582022643 2.5384616E7 4
25368027 1 16 1420582022643 2.3076924E7 5
8312862 2 22 1420582082643 8.2692304E7 1
1381345892 2 18 1420582082643 7.9230768E7 2
57333521 2 0 1420582082643 7.0E7 3
24773493 2 10 1420582082643 7.0E7 4
89787221 2 16 1420582082643 7.0E7 5
8312862 2 22 1420582142643 8.2692304E7 1
1381345892 2 18 1420582142643 7.9230768E7 2
23354464 2 13 1420582142643 7.0E7 3
57333521 2 0 1420582142643 7.0E7 4
24773493 2 10 1420582142643 7.0E7 5
8312862 2 22 1420582202643 8.2692304E7 1
824157 2 23 1420582202643 7.0E7 2
23354464 2 13 1420582202643 7.0E7 3
180026716 2 22 1420582202643 7.0E7 4
24773493 2 10 1420582202643 7.0E7 5
824157 2 23 1420582262643 7.0E7 1
180026716 2 22 1420582262643 7.0E7 2
1618007706 2 8 1420582262643 7.0E7 3
19934731 2 0 1420582262643 7.0E7 4
92733433 2 0 1420582262643 7.0E7 5
278093318 2 17 1420582322643 9.6538464E7 1
25368027 2 16 1420582322643 9.307692E7 2
193232854 2 11 1420582322643 8.1538464E7 3
1381345892 2 18 1420582322643 7.9230768E7 4
15856366 2 21 1420582322643 7.0E7 5
278093318 2 17 1420582382643 9.6538464E7 1
34541677 2 21 1420582382643 9.4230768E7 2
180026716 2 22 1420582382643 7.0E7 3
57333521 2 0 1420582382643 7.0E7 4
15856366 2 21 1420582382643 7.0E7 5
278093318 2 17 1420582442643 9.6538464E7 1
14787749 2 17 1420582442643 9.307692E7 2
1381345892 2 18 1420582442643 7.9230768E7 3
34541677 2 21 1420582442643 7.0E7 4
17698956 2 6 1420582442643 7.0E7 5
17698956 2 6 1420582502643 7.0E7 1
34541677 2 21 1420582502643 7.0E7 2
180026716 2 22 1420582502643 7.0E7 3
7867072 2 0 1420582502643 7.0E7 4
19934731 2 0 1420582502643 7.0E7 5
25368027 2 16 1420582562643 9.307692E7 1
1381345892 2 18 1420582562643 7.9230768E7 2
34541677 2 21 1420582562643 7.0E7 3
15484266 2 0 1420582562643 7.0E7 4
14787749 1 17 1420582562643 2.3076924E7 5
193232854 2 11 1420582622643 8.1538464E7 1
34541677 2 21 1420582622643 7.0E7 2
27103822 2 15 1420582622643 7.0E7 3
186222238 2 6 1420582622643 7.0E7 4
278093318 1 17 1420582622643 2.6538462E7 5
14845376 2 11 1420582682643 9.5384616E7 1
17698956 2 6 1420582682643 7.0E7 2
23354464 2 6 1420582682643 7.0E7 3
180026716 2 22 1420582682643 7.0E7 4
24773493 2 10 1420582682643 7.0E7 5
1381345892 2 18 1420582742643 7.9230768E7 1
17698956 2 6 1420582742643 7.0E7 2
34541677 2 21 1420582742643 7.0E7 3
24206345 2 0 1420582742643 7.0E7 4
24773493 2 10 1420582742643 7.0E7 5
14845376 2 11 1420582802643 9.5384616E7 1
152341106 2 20 1420582802643 9.307692E7 2
1381345892 2 18 1420582802643 7.9230768E7 3
34541677 2 21 1420582802643 7.0E7 4
24773493 2 10 1420582802643 7.0E7 5
14845376 2 11 1420582862643 9.5384616E7 1
1381345892 2 18 1420582862643 7.9230768E7 2
34541677 2 21 1420582862643 7.0E7 3
180026716 2 22 1420582862643 7.0E7 4
24773493 2 10 1420582862643 7.0E7 5
14845376 2 11 1420582922643 9.5384616E7 1
152341106 2 23 1420582922643 9.307692E7 2
384479689 2 23 1420582922643 7.0E7 3
259637983 2 8 1420582922643 7.0E7 4
96184837 2 0 1420582922643 7.0E7 5
14192680 2 18 1420582982643 7.0E7 1
17698956 2 6 1420582982643 7.0E7 2
180026716 2 22 1420582982643 7.0E7 3
96184837 2 0 1420582982643 7.0E7 4
24773493 2 10 1420582982643 7.0E7 5
1381345892 2 18 1420583042643 7.9230768E7 1
14192680 2 18 1420583042643 7.0E7 2
180026716 2 22 1420583042643 7.0E7 3
96184837 2 0 1420583042643 7.0E7 4
12273252 2 6 1420583042643 7.0E7 5
1381345892 2 18 1420583102643 7.9230768E7 1
824157 2 23 1420583102643 7.0E7 2
180026716 2 22 1420583102643 7.0E7 3
96184837 2 0 1420583102643 7.0E7 4
12273252 2 6 1420583102643 7.0E7 5
171716921 2 12 1420583162643 8.3846152E7 1
1381345892 2 18 1420583162643 7.9230768E7 2
384479689 2 23 1420583162643 7.0E7 3
811303 2 0 1420583162643 7.0E7 4
96184837 2 0 1420583162643 7.0E7 5
1381345892 2 18 1420583222643 7.9230768E7 1
34541677 2 21 1420583222643 7.0E7 2
55252152 2 0 1420583222643 7.0E7 3
96184837 2 0 1420583222643 7.0E7 4
92733433 2 0 1420583222643 7.0E7 5
278093318 2 17 1420583282643 9.6538464E7 1
15111389 2 9 1420583282643 8.0384616E7 2
17698956 2 6 1420583282643 7.0E7 3
188077169 2 24 1420583282643 7.0E7 4
96184837 2 0 1420583282643 7.0E7 5
278093318 2 17 1420583342643 9.6538464E7 1
15111389 2 9 1420583342643 8.0384616E7 2
17698956 2 6 1420583342643 7.0E7 3
180026716 2 22 1420583342643 7.0E7 4
96184837 2 0 1420583342643 7.0E7 5
14845376 2 11 1420583402643 9.5384616E7 1
14787749 2 17 1420583402643 9.307692E7 2
152341106 2 23 1420583402643 9.307692E7 3
15111389 2 9 1420583402643 8.0384616E7 4
1381345892 2 18 1420583402643 7.9230768E7 5
278093318 2 17 1420583462643 9.6538464E7 1
14845376 2 11 1420583462643 9.5384616E7 2
14787749 2 17 1420583462643 9.307692E7 3
1381345892 2 18 1420583462643 7.9230768E7 4
525187154 2 16 1420583462643 7.0E7 5
