89787221 2 18 1420574522643 9.0769232E7 1
104227735 2 17 1420574522643 8.9615384E7 2
7867072 2 10 1420574522643 8.1538464E7 3
326821147 2 9 1420574522643 8.0384616E7 4
140080129 2 6 1420574522643 7.692308E7 5
14192680 2 18 1420574582643 9.0769232E7 1
89787221 2 18 1420574582643 9.0769232E7 2
7867072 2 10 1420574582643 8.1538464E7 3
15111389 2 9 1420574582643 8.0384616E7 4
18964685 2 8 1420574582643 7.9230768E7 5
27091328 2 19 1420574642643 9.1923072E7 1
89787221 2 18 1420574642643 9.0769232E7 2
7867072 2 10 1420574642643 8.1538464E7 3
12413892 2 0 1420574642643 7.0E7 4
12273252 2 0 1420574642643 7.0E7 5
27091328 2 19 1420574702643 9.1923072E7 1
89787221 2 18 1420574702643 9.0769232E7 2
7867072 2 10 1420574702643 8.1538464E7 3
23354464 2 0 1420574702643 7.0E7 4
73417273 2 0 1420574702643 7.0E7 5
27091328 2 19 1420574762643 9.1923072E7 1
89787221 2 18 1420574762643 9.0769232E7 2
183807568 2 13 1420574762643 8.5E7 3
7867072 2 10 1420574762643 8.1538464E7 4
11178672 2 8 1420574762643 7.9230768E7 5
38702668 2 22 1420574822643 9.5384616E7 1
384479689 2 20 1420574822643 9.307692E7 2
27091328 2 19 1420574822643 9.1923072E7 3
89787221 2 18 1420574822643 9.0769232E7 4
11178672 2 15 1420574822643 8.7307688E7 5
21842357 2 21 1420574882643 9.4230768E7 1
384479689 2 20 1420574882643 9.307692E7 2
27091328 2 19 1420574882643 9.1923072E7 3
12273252 2 16 1420574882643 8.8461544E7 4
11178672 2 15 1420574882643 8.7307688E7 5
21842357 2 21 1420574942643 9.4230768E7 1
14192680 2 18 1420574942643 9.0769232E7 2
174890917 2 18 1420574942643 9.0769232E7 3
73417273 2 18 1420574942643 9.0769232E7 4
12273252 2 16 1420574942643 8.8461544E7 5
384479689 2 20 1420575002643 9.307692E7 1
73417273 2 19 1420575002643 9.1923072E7 2
14192680 2 18 1420575002643 9.0769232E7 3
174890917 2 13 1420575002643 8.5E7 4
7867072 2 10 1420575002643 8.1538464E7 5
27091328 2 21 1420575062643 9.4230768E7 1
384479689 2 20 1420575062643 9.307692E7 2
174890917 2 18 1420575062643 9.0769232E7 3
12273252 2 16 1420575062643 8.8461544E7 4
89787221 2 12 1420575062643 8.3846152E7 5
27091328 2 21 1420575122643 9.4230768E7 1
384479689 2 20 1420575122643 9.307692E7 2
11178672 2 15 1420575122643 8.7307688E7 3
8861752 2 15 1420575122643 8.7307688E7 4
89787221 2 12 1420575122643 8.3846152E7 5
140080129 2 24 1420575182643 9.7692312E7 1
384479689 2 20 1420575182643 9.307692E7 2
89787221 2 12 1420575182643 8.3846152E7 3
12413892 2 0 1420575182643 7.0E7 4
27091328 1 24 1420575182643 2.769231E7 5
140080129 2 24 1420575242643 9.7692312E7 1
14192680 2 18 1420575242643 9.0769232E7 2
89787221 2 12 1420575242643 8.3846152E7 3
278093318 2 5 1420575242643 7.5769224E7 4
12413892 2 0 1420575242643 7.0E7 5
174890917 2 24 1420575302643 9.7692312E7 1
384479689 2 20 1420575302643 9.307692E7 2
17604456 2 16 1420575302643 8.8461544E7 3
17070252 2 7 1420575302643 7.807692E7 4
12413892 2 0 1420575302643 7.0E7 5
73417273 2 22 1420575362643 9.5384616E7 1
1381345892 2 21 1420575362643 9.4230768E7 2
17604456 2 16 1420575362643 8.8461544E7 3
18970044 2 16 1420575362643 8.8461544E7 4
12273252 2 14 1420575362643 8.6153848E7 5
140080129 2 21 1420575422643 9.4230768E7 1
14192680 2 18 1420575422643 9.0769232E7 2
24773493 2 16 1420575422643 8.8461544E7 3
17070252 2 8 1420575422643 7.9230768E7 4
20745130 2 7 1420575422643 7.807692E7 5
140080129 2 21 1420575482643 9.4230768E7 1
14192680 2 18 1420575482643 9.0769232E7 2
174890917 2 17 1420575482643 8.9615384E7 3
89787221 2 12 1420575482643 8.3846152E7 4
17070252 2 7 1420575482643 7.807692E7 5
140080129 2 21 1420575542643 9.4230768E7 1
7867072 2 19 1420575542643 9.1923072E7 2
174890917 2 17 1420575542643 8.9615384E7 3
89787221 2 17 1420575542643 8.9615384E7 4
278093318 2 5 1420575542643 7.5769224E7 5
73417273 2 22 1420575602643 9.5384616E7 1
140080129 2 21 1420575602643 9.4230768E7 2
89787221 2 17 1420575602643 8.9615384E7 3
189107456 2 13 1420575602643 8.5E7 4
12413892 1 23 1420575602643 2.6538462E7 5
73417273 2 22 1420575662643 9.5384616E7 1
92733433 2 21 1420575662643 9.4230768E7 2
140080129 2 12 1420575662643 8.3846152E7 3
15445129 2 11 1420575662643 8.2692304E7 4
89787221 2 10 1420575662643 8.1538464E7 5
73417273 2 22 1420575722643 9.5384616E7 1
140080129 2 12 1420575722643 8.3846152E7 2
23354464 2 11 1420575722643 8.2692304E7 3
21044502 2 8 1420575722643 7.9230768E7 4
69020299 2 7 1420575722643 7.807692E7 5
140080129 2 22 1420575782643 9.5384616E7 1
73417273 2 22 1420575782643 9.5384616E7 2
89787221 2 22 1420575782643 9.5384616E7 3
11178672 2 8 1420575782643 7.9230768E7 4
69020299 2 7 1420575782643 7.807692E7 5
18964685 2 23 1420575842643 9.6538464E7 1
15601977 2 21 1420575842643 9.4230768E7 2
140080129 2 14 1420575842643 8.6153848E7 3
69020299 2 7 1420575842643 7.807692E7 4
384479689 2 6 1420575842643 7.692308E7 5
92733433 2 23 1420575902643 9.6538464E7 1
21986815 2 21 1420575902643 9.4230768E7 2
7867072 2 19 1420575902643 9.1923072E7 3
140080129 2 14 1420575902643 8.6153848E7 4
69020299 2 7 1420575902643 7.807692E7 5
92733433 2 23 1420575962643 9.6538464E7 1
140080129 2 14 1420575962643 8.6153848E7 2
11178672 2 14 1420575962643 8.6153848E7 3
69020299 2 7 1420575962643 7.807692E7 4
17698956 1 25 1420575962643 2.8846154E7 5
92733433 2 23 1420576022643 9.6538464E7 1
118292510 2 21 1420576022643 9.4230768E7 2
15601977 2 20 1420576022643 9.307692E7 3
140080129 2 14 1420576022643 8.6153848E7 4
12273252 2 14 1420576022643 8.6153848E7 5
118292510 2 21 1420576082643 9.4230768E7 1
15601977 2 20 1420576082643 9.307692E7 2
140080129 2 14 1420576082643 8.6153848E7 3
69020299 2 13 1420576082643 8.5E7 4
202777395 2 7 1420576082643 7.807692E7 5
278093318 2 21 1420576142643 9.4230768E7 1
7867072 2 20 1420576142643 9.307692E7 2
14192680 2 18 1420576142643 9.0769232E7 3
140080129 2 14 1420576142643 8.6153848E7 4
12273252 2 14 1420576142643 8.6153848E7 5
15601977 2 20 1420576202643 9.307692E7 1
7867072 2 20 1420576202643 9.307692E7 2
92733433 2 19 1420576202643 9.1923072E7 3
69020299 2 18 1420576202643 9.0769232E7 4
27091328 2 18 1420576202643 9.0769232E7 5
27091328 2 18 1420576262643 9.0769232E7 1
15856366 2 17 1420576262643 8.9615384E7 2
15601977 2 13 1420576262643 8.5E7 3
12413892 2 8 1420576262643 7.9230768E7 4
14845376 2 5 1420576262643 7.5769224E7 5
12413892 2 16 1420576322643 8.8461544E7 1
69020299 2 5 1420576322643 7.5769224E7 2
17698956 1 24 1420576322643 2.769231E7 3
20096207 1 22 1420576322643 2.5384616E7 4
16785615 1 22 1420576322643 2.5384616E7 5
17698956 2 24 1420576382643 9.7692312E7 1
12413892 2 8 1420576382643 7.9230768E7 2
118292510 1 22 1420576382643 2.5384616E7 3
16785615 1 22 1420576382643 2.5384616E7 4
487535749 1 21 1420576382643 2.423077E7 5
487535749 2 21 1420576442643 9.4230768E7 1
44426926 2 13 1420576442643 8.5E7 2
278093318 2 11 1420576442643 8.2692304E7 3
12413892 2 8 1420576442643 7.9230768E7 4
73417273 1 22 1420576442643 2.5384616E7 5
17698956 2 22 1420576502643 9.5384616E7 1
278093318 2 11 1420576502643 8.2692304E7 2
140080129 2 11 1420576502643 8.2692304E7 3
12413892 2 8 1420576502643 7.9230768E7 4
8861752 2 7 1420576502643 7.807692E7 5
17698956 2 22 1420576562643 9.5384616E7 1
818340 2 21 1420576562643 9.4230768E7 2
309220197 2 18 1420576562643 9.0769232E7 3
23354464 2 14 1420576562643 8.6153848E7 4
69020299 2 12 1420576562643 8.3846152E7 5
326821147 2 18 1420576622643 9.0769232E7 1
69020299 2 12 1420576622643 8.3846152E7 2
8861752 2 7 1420576622643 7.807692E7 3
14811775 1 24 1420576622643 2.769231E7 4
17698956 1 22 1420576622643 2.5384616E7 5
19200736 2 18 1420576682643 9.0769232E7 1
69020299 2 12 1420576682643 8.3846152E7 2
278093318 2 11 1420576682643 8.2692304E7 3
7867072 2 11 1420576682643 8.2692304E7 4
188077169 1 24 1420576682643 2.769231E7 5
17698956 2 22 1420576742643 9.5384616E7 1
818340 2 21 1420576742643 9.4230768E7 2
8861752 2 21 1420576742643 9.4230768E7 3
140080129 2 17 1420576742643 8.9615384E7 4
69020299 2 12 1420576742643 8.3846152E7 5
17698956 2 22 1420576802643 9.5384616E7 1
24849868 2 21 1420576802643 9.4230768E7 2
140080129 2 17 1420576802643 8.9615384E7 3
18964685 2 17 1420576802643 8.9615384E7 4
23354464 2 13 1420576802643 8.5E7 5
12273252 2 23 1420576862643 9.6538464E7 1
17810599 2 21 1420576862643 9.4230768E7 2
140080129 2 17 1420576862643 8.9