7867072 2 23 1420574522643 9.5555552E7 1
12273252 2 19 1420574522643 9.1111112E7 2
140080129 2 18 1420574522643 9.0E7 3
278093318 2 14 1420574522643 8.5555552E7 4
104227735 2 0 1420574522643 7.0E7 5
326821147 2 0 1420574522643 7.0E7 6
89787221 2 0 1420574522643 7.0E7 7
61292961 1 23 1420574522643 2.5555558E7 8
11178672 1 23 1420574522643 2.5555558E7 9
149157068 1 22 1420574522643 2.4444444E7 10
7867072 2 23 1420574582643 9.5555552E7 1
12273252 2 19 1420574582643 9.1111112E7 2
15111389 2 12 1420574582643 8.3333328E7 3
14192680 2 0 1420574582643 7.0E7 4
23354464 2 0 1420574582643 7.0E7 5
18964685 2 0 1420574582643 7.0E7 6
89787221 2 0 1420574582643 7.0E7 7
12413892 1 24 1420574582643 2.6666668E7 8
11178672 1 23 1420574582643 2.5555558E7 9
27091328 1 23 1420574582643 2.5555558E7 10
27091328 2 23 1420574642643 9.5555552E7 1
12273252 2 19 1420574642643 9.1111112E7 2
12413892 2 24 1420574642643 8.7777776E7 3
7867072 2 15 1420574642643 8.6666664E7 4
73417273 2 0 1420574642643 7.0E7 5
89787221 2 0 1420574642643 7.0E7 6
15520253 1 25 1420574642643 2.777778E7 7
183807568 1 24 1420574642643 2.6666668E7 8
114872969 1 20 1420574642643 2.2222222E7 9
1381345892 1 18 1420574642643 2.0000002E7 10
183807568 2 24 1420574702643 9.6666672E7 1
7867072 2 15 1420574702643 9.5555552E7 2
27091328 2 23 1420574702643 9.5555552E7 3
384479689 2 0 1420574702643 7.0E7 4
23354464 2 0 1420574702643 7.0E7 5
73417273 2 0 1420574702643 7.0E7 6
976147104 2 0 1420574702643 7.0E7 7
89787221 2 0 1420574702643 7.0E7 8
11178672 1 23 1420574702643 2.5555558E7 9
12273252 1 19 1420574702643 2.1111112E7 10
183807568 2 24 1420574762643 9.6666672E7 1
7867072 2 15 1420574762643 9.5555552E7 2
11178672 2 23 1420574762643 9.5555552E7 3
27091328 2 23 1420574762643 9.5555552E7 4
384479689 2 19 1420574762643 9.1111112E7 5
89787221 2 19 1420574762643 9.1111112E7 6
17698956 2 13 1420574762643 8.4444448E7 7
278093318 2 11 1420574762643 8.2222224E7 8
73417273 2 0 1420574762643 7.0E7 9
92733433 2 0 1420574762643 7.0E7 10
7867072 2 15 1420574822643 9.5555552E7 1
11178672 2 23 1420574822643 9.5555552E7 2
27091328 2 23 1420574822643 9.5555552E7 3
92733433 2 20 1420574822643 9.2222216E7 4
38702668 2 9 1420574822643 7.555556E7 5
384479689 2 19 1420574822643 7.0E7 6
73417273 2 0 1420574822643 7.0E7 7
89787221 2 19 1420574822643 7.0E7 8
309220197 1 23 1420574822643 2.5555558E7 9
16253142 1 22 1420574822643 2.4444444E7 10
7867072 2 15 1420574882643 9.5555552E7 1
11178672 2 23 1420574882643 9.5555552E7 2
27091328 2 23 1420574882643 9.5555552E7 3
12273252 2 19 1420574882643 9.1111112E7 4
384479689 2 19 1420574882643 7.0E7 5
21842357 2 0 1420574882643 7.0E7 6
92733433 2 20 1420574882643 7.0E7 7
183807568 1 16 1420574882643 2.6666668E7 8
818340 1 24 1420574882643 2.6666668E7 9
23354464 1 21 1420574882643 2.3333334E7 10
7867072 2 15 1420574942643 9.5555552E7 1
12273252 2 19 1420574942643 9.1111112E7 2
14192680 2 0 1420574942643 7.0E7 3
23354464 2 21 1420574942643 7.0E7 4
21842357 2 0 1420574942643 7.0E7 5
17070252 2 6 1420574942643 7.0E7 6
174890917 2 0 1420574942643 7.0E7 7
73417273 2 0 1420574942643 7.0E7 8
18964685 2 0 1420574942643 7.0E7 9
976147104 2 0 1420574942643 7.0E7 10
7867072 2 15 1420575002643 9.5555552E7 1
14192680 2 0 1420575002643 7.0E7 2
384479689 2 19 1420575002643 7.0E7 3
174890917 2 0 1420575002643 7.0E7 4
73417273 2 0 1420575002643 7.0E7 5
27091328 1 23 1420575002643 2.5555558E7 6
12413892 1 22 1420575002643 2.4444444E7 7
824157 1 21 1420575002643 2.3333334E7 8
49437246 1 20 1420575002643 2.2222222E7 9
14811775 1 19 1420575002643 2.1111112E7 10
27091328 2 24 1420575062643 9.6666672E7 1
7867072 2 15 1420575062643 9.5555552E7 2
12273252 2 19 1420575062643 9.1111112E7 3
1381345892 2 18 1420575062643 9.0E7 4
384479689 2 13 1420575062643 8.4444448E7 5
174890917 2 5 1420575062643 7.555556E7 6
89787221 2 19 1420575062643 7.0E7 7
16253142 1 22 1420575062643 2.4444444E7 8
824157 1 21 1420575062643 2.3333334E7 9
46358463 1 19 1420575062643 2.1111112E7 10
186222238 2 23 1420575122643 9.5555552E7 1
11178672 2 23 1420575122643 9.5555552E7 2
27091328 2 24 1420575122643 9.5555552E7 3
1381345892 2 18 1420575122643 9.0E7 4
8861752 2 12 1420575122643 8.3333328E7 5
384479689 2 13 1420575122643 7.0E7 6
1051313198 2 13 1420575122643 7.0E7 7
89787221 2 19 1420575122643 7.0E7 8
7867072 1 15 1420575122643 2.5555558E7 9
16253142 1 22 1420575122643 2.4444444E7 10
140080129 2 21 1420575182643 9.3333336E7 1
12413892 2 11 1420575182643 8.7777776E7 2
384479689 2 13 1420575182643 7.0E7 3
89787221 2 19 1420575182643 7.0E7 4
61292961 1 19 1420575182643 2.5555558E7 5
11178672 1 23 1420575182643 2.5555558E7 6
27091328 1 24 1420575182643 2.5555558E7 7
1618007706 1 22 1420575182643 2.4444444E7 8
824157 1 21 1420575182643 2.3333334E7 9
12273252 1 19 1420575182643 2.1111112E7 10
140080129 2 21 1420575242643 9.3333336E7 1
278093318 2 17 1420575242643 8.8888888E7 2
12413892 2 11 1420575242643 8.7777776E7 3
14192680 2 11 1420575242643 7.0E7 4
89787221 2 19 1420575242643 7.0E7 5
92733433 2 20 1420575242643 7.0E7 6
16045956 1 19 1420575242643 2.5555558E7 7
7867072 1 15 1420575242643 2.5555558E7 8
27091328 1 24 1420575242643 2.5555558E7 9
55252152 1 21 1420575242643 2.3333334E7 10
17604456 2 18 1420575302643 9.0E7 1
12413892 2 11 1420575302643 8.7777776E7 2
384479689 2 13 1420575302643 7.0E7 3
17070252 2 14 1420575302643 7.0E7 4
174890917 2 5 1420575302643 7.0E7 5
11178672 1 23 1420575302643 2.5555558E7 6
27091328 1 24 1420575302643 2.5555558E7 7
4380591 1 22 1420575302643 2.4444444E7 8
140080129 1 21 1420575302643 2.3333334E7 9
12273252 1 18 1420575302643 2.1111112E7 10
7867072 2 15 1420575362643 9.5555552E7 1
12273252 2 18 1420575362643 9.1111112E7 2
1381345892 2 18 1420575362643 9.0E7 3
17604456 2 18 1420575362643 9.0E7 4
17070252 2 14 1420575362643 7.0E7 5
73417273 2 15 1420575362643 7.0E7 6
18970044 2 0 1420575362643 7.0E7 7
12413892 1 23 1420575362643 2.5555558E7 8
11178672 1 23 1420575362643 2.5555558E7 9
4380591 1 22 1420575362643 2.4444444E7 10
20745130 2 24 1420575422643 9.6666672E7 1
140080129 2 21 1420575422643 9.3333336E7 2
278093318 2 15 1420575422643 8.8888888E7 3
17070252 2 16 1420575422643 8.7777776E7 4
1618007706 2 12 1420575422643 8.3333328E7 5
24773493 2 7 1420575422643 7.7777776E7 6
14192680 2 11 1420575422643 7.0E7 7
202777395 2 5 1420575422643 7.0E7 8
11178672 1 23 1420575422643 2.5555558E7 9
309220197 1 23 1420575422643 2.5555558E7 10
278093318 2 15 1420575482643 8.8888888E7 1
140080129 2 15 1420575482643 8.6666664E7 2
14192680 2 11 1420575482643 7.0E7 3
17070252 2 16 1420575482643 7.0E7 4
174890917 2 5 1420575482643 7.0E7 5
89787221 2 19 1420575482643 7.0E7 6
20745130 1 24 1420575482643 2.6666668E7 7
309220197 1 23 1420575482643 2.5555558E7 8
27091328 1 24 1420575482643 2.5555558E7 9
16220541 1 21 1420575482643 2.3333334E7 10
140080129 2 24 1420575542643 9.6666672E7 1
7867072 2 19 1420575542643 9.5555552E7 2
278093318 2 15 1420575542643 8.8888888E7 3
174890917 2 15 1420575542643 8.6666664E7 4
89787221 2 5 1420575542643 7.555556E7 5
61292961 1 19 1420575542643 2.5555558E7 6
384479689 1 19 1420575542643 2.1111112E7 7
12413892 1 19 1420575542643 2.1111112E7 8
12273252 1 16 1420575542643 1.7777778E7 9
19964088 1 10 1420575542643 1.1111111E7 10
140080129 2 24 1420575602643 9.6666672E7 1
189107456 2 5 1420575602643 7.555556E7 2
73417273 2 15 1420575602643 7.0E7 3
89787221 2 5 1420575602643 7.0E7 4
34541677 1 24 1420575602643 2.6666668E7 5
61292961 1 19 1420575602643 2.5555558E7 6
7867072 1 19 1420575602643 2.5555558E7 7
4380591 1 23 1420575602643 2.5555558E7 8
27091328 1 6 1420575602643 2.5555558E7 9
40996128 1 22 1420575602643 2.4444444E7 10
140080129 2 24 1420575662643 9.6666672E7 1
15445129 2 14 1420575662643 9.1111112E7 2
326821147 2 15 1420575662643 7.0E7 3
73417273 2 15 1420575662643 7.0E7 4
89787221 2 5 1420575662643 7.0E7 5
92733433 2 10 1420575662643 7.0E7 6
1566741842 1 24 1420575662643 2.6666668E7 7
259637983 1 24 1420575662643 2.6666668E7 8
11178672 1 14 1420575662643 2.5555558E7 9
27091328 1 6 1420575662643 2.5555558E7 10
140080129 2 24 1420575722643 9.6666672E7 1
21044502 2 15 1420575722643 8.6666664E7 2
69020299 2 7 1420575722643 7.7777776E7 3
23354464 2 9 1420575722643 7.0E7 4
73417273 2 15 1420575722643 7.0E7 5
259637983 1 24 1420575722643 2.6666668E7 6
193232854 1 23 1420575722643 2.5555558E7 7
7867072 1 19 1420575722643 2.5555558E7 8
11178672 1 14 1420575722643 2.5555558E7 9
27091328 1 6 1420575722643 2.5555558E7 10
140080129 2 24 1420575782643 9.6666672E7 1
11178672 2 14 1420575782643 9.5555552E7 2
278093318 2 15 1420575782643 8.8888888E7 3
69020299 2 7 1420575782643 7.7777776E7 4
73417273 2 15 1420575782643 7.0E7 5
89787221 2 5 1420575782643 7.0E7 6
27091328 1 6 1420575782643 2.5555558E7 7
4380591 1 23 1420575782643 2.4444444E7 8
14745100 1 21 1420575782643 2.3333334E7 9
31634255 1 21 1420575782643 2.3333334E7 10
140080129 2 24 1420575842643 9.6666672E7 1
27091328 2 6 1420575842643 9.5555552E7 2
69020299 2 7 1420575842643 7.7777776E7 3
384479689 2 19 1420575842643 7.0E7 4
15601977 2 0 1420575842643 7.0E7 5
18964685 2 17 1420575842643 7.0E7 6
525187154 1 25 1420575842643 2.777778E7 7
487535749 1 24 1420575842643 2.6666668E7 8
7867072 1 19 1420575842643 2.5555558E7 9
24177962 1 23 1420575842643 2.5555558E7 10
7867072 2 19 1420575902643 9.5555552E7 1
140080129 2 20 1420575902643 9.2222216E7 2
69020299 2 7 1420575902643 7.7777776E7 3
21986815 2 9 1420575902643 7.6666664E7 4
92733433 2 10 1420575902643 7.0E7 5
525187154 1 25 1420575902643 2.777778E7 6
276554601 1 24 1420575902643 2.6666668E7 7
487535749 1 24 1420575902643 2.6666668E7 8
17348724 1 23 1420575902643 2.5555558E7 9
27091328 1 6 1420575902643 2.5555558E7 10
11178672 2 14 1420575962643 9.5555552E7 1
140080129 2 20 1420575962643 9.2222216E7 2
69020299 2 7 1420575962643 7.7777776E7 3
92733433 2 10 1420575962643 7.0E7 4
17698956 1 24 1420575962643 2.6666668E7 5
16262688 1 23 1420575962643 2.5555558E7 6
7867072 1 19 1420575962643 2.5555558E7 7
17348724 1 23 1420575962643 2.5555558E7 8
27091328 1 6 1420575962643 2.5555558E7 9
12273252 1 9 1420575962643 2.1111112E7 10
118292510 2 23 1420576022643 9.5555552E7 1
140080129 2 20 1420576022643 9.2222216E7 2
17698956 2 9 1420576022643 8.0E7 3
69020299 2 7 1420576022643 7.7777776E7 4
12273252 2 7 1420576022643 7.7777776E7 5
15601977 2 0 1420576022643 7.0E7 6
92733433 2 10 1420576022643 7.0E7 7
394078527 1 10 1420576022643 2.5555558E7 8
7867072 1 19 1420576022643 2.5555558E7 9
11178672 1 14 1420576022643 2.5555558E7 10
118292510 2 23 1420576082643 9.5555552E7 1
140080129 2 20 1420576082643 9.2222216E7 2
69020299 2 7 1420576082643 7.7777776E7 3
202777395 2 16 1420576082643 7.0E7 4
15601977 2 0 1420576082643 7.0E7 5
14845376 1 24 1420576082643 2.6666668E7 6
7867072 1 19 1420576082643 2.5555558E7 7
27091328 1 18 1420576082643 2.5555558E7 8
40996128 1 22 1420576082643 2.4444444E7 9
11129062 1 19 1420576082643 2.1111112E7 10
7867072 2 19 1420576142643 9.5555552E7 1
140080129 2 20 1420576142643 9.2222216E7 2
12273252 2 7 1420576142643 9.1111112E7 3
278093318 2 15 1420576142643 8.8888888E7 4
12413892 2 19 1420576142643 8.7777776E7 5
1381345892 2 14 1420576142643 8.5555552E7 6
14192680 2 10 1420576142643 8.1111112E7 7
17698956 2 9 1420576142643 8.0E7 8
69020299 2 7 1420576142643 7.7777776E7 9
174890917 2 15 1420576142643 7.0E7 10
17698956 2 25 1420576202643 9.7777776E7 1
7867072 2 19 1420576202643 9.5555552E7 2
27091328 2 18 1420576202643 9.5555552E7 3
12273252 2 7 1420576202643 9.1111112E7 4
69020299 2 7 1420576202643 7.7777776E7 5
23354464 2 7 1420576202643 7.0E7 6
15601977 2 0 1420576202643 7.0E7 7
92733433 2 10 1420576202643 7.0E7 8
278093318 1 24 1420576202643 2.6666668E7 9
20745130 1 6 1420576202643 2.6666668E7 10
27091328 2 18 1420576262643 9.5555552E7 1
12413892 2 21 1420576262643 9.3333336E7 2
14845376 2 20 1420576262643 9.2222216E7 3
15856366 2 11 1420576262643 8.2222224E7 4
384479689 2 19 1420576262643 7.0E7 5
15601977 2 0 1420576262643 7.0E7 6
180026716 1 24 1420576262643 2.6666668E7 7
20745130 1 6 1420576262643 2.6666668E7 8
394078527 1 15 1420576262643 2.5555558E7 9
17698956 1 23 1420576262643 2.5555558E7 10
12413892 2 18 1420576322643 9.0E7 1
69020299 2 10 1420576322643 8.1111112E7 2
180026716 1 24 1420576322643 2.6666668E7 3
7867072 1 23 1420576322643 2.5555558E7 4
27091328 1 18 1420576322643 2.5555558E7 5
20096207 1 22 1420576322643 2.4444444E7 6
17810599 1 20 1420576322643 2.2222222E7 7
140080129 1 20 1420576322643 2.2222222E7 8
12273252 1 7 1420576322643 2.1111112E7 9
278093318 1 15 1420576322643 1.6666669E7 10
12413892 2 18 1420576382643 8.7777776E7 1
17698956 2 23 1420576382643 8.0E7 2
19034656 1 23 1420576382643 2.5555558E7 3
193232854 1 12 1420576382643 2.5555558E7 4
118292510 1 23 1420576382643 2.5555558E7 5
7867072 1 23 1420576382643 2.5555558E7 6
44426926 1 23 1420576382643 2.5555558E7 7
140080129 1 20 1420576382643 2.2222222E7 8
166715703 1 12 1420576382643 2.1111112E7 9
487535749 1 19 1420576382643 2.1111112E7 10
44426926 2 23 1420576442643 9.5555552E7 1
487535749 2 19 1420576442643 9.1111112E7 2
278093318 2 15 1420576442643 8.8888888E7 3
12413892 2 18 1420576442643 8.7777776E7 4
193232854 1 12 1420576442643 2.5555558E7 5
118292510 1 23 1420576442643 2.5555558E7 6
7867072 1 23 1420576442643 2.5555558E7 7
73417273 1 22 1420576442643 2.4444444E7 8
92733433 1 22 1420576442643 2.4444444E7 9
8861752 1 21 1420576442643 2.3333334E7 10
8861752 2 21 1420576502643 9.3333336E7 1
140080129 2 20 1420576502643 9.2222216E7 2
12413892 2 18 1420576502643 8.7777776E7 3
17698956 2 23 1420576502643 8.0E7 4
278093318 2 8 1420576502643 7.8888888E7 5
69020299 2 10 1420576502643 7.7777776E7 6
193232854 1 12 1420576502643 2.5555558E7 7
118292510 1 23 1420576502643 2.5555558E7 8
44426926 1 23 1420576502643 2.5555558E7 9
27091328 1 18 1420576502643 2.5555558E7 10
8861752 2 21 1420576562643 9.3333336E7 1
824157 2 20 1420576562643 9.2222216E7 2
12413892 2 18 1420576562643 8.7777776E7 3
818340 2 18 1420576562643 8.1111112E7 4
17698956 2 23 1420576562643 8.0E7 5
69020299 2 10 1420576562643 7.7777776E7 6
309220197 2 5 1420576562643 7.555556E7 7
23354464 2 12 1420576562643 7.0E7 8
1618007706 1 24 1420576562643 2.6666668E7 9
193232854 1 12 1420576562643 2.5555558E7 10
8861752 2 21 1420576622643 9.3333336E7 1
326821147 2 17 1420576622643 8.8888888E7 2
69020299 2 10 1420576622643 7.7777776E7 3
1618007706 1 24 1420576622643 2.6666668E7 4
193232854 1 12 1420576622643 2.5555558E7 5
27091328 1 18 1420576622643 2.5555558E7 6
20096207 1 22 1420576622643 2.4444444E7 7
824157 1 20 1420576622643 2.3333334E7 8
487535749 1 22 1420576622643 2.1111112E7 9
12273252 1 18 1420576622643 2.1111112E7 10
278093318 2 25 1420576682643 9.7777776E7 1
7867072 2 6 1420576682643 9.5555552E7 2
69020299 2 10 1420576682643 7.7777776E7 3
19200736 2 11 1420576682643 7.0E7 4
44426926 1 6 1420576682643 2.5555558E7 5
8861752 1 23 1420576682643 2.5555558E7 6
1618007706 1 20 1420576682643 2.2222222E7 7
14736904 1 19 1420576682643 2.1111112E7 8
487535749 1 22 1420576682643 2.1111112E7 9
18970044 1 18 1420576682643 2.0000002E7 10
8861752 2 23 1420576742643 9.3333336E7 1
24849868 2 18 1420576742643 9.0E7 2
278093318 2 25 1420576742643 8.8888888E7 3
140080129 2 15 1420576742643 8.6666664E7 4
818340 2 18 1420576742643 8.1111112E7 5
17698956 2 8 1420576742643 8.0E7 6
69020299 2 10 1420576742643 7.7777776E7 7
384479689 1 24 1420576742643 2.6666668E7 8
1618007706 1 20 1420576742643 2.6666668E7 9
44426926 1 6 1420576742643 2.5555558E7 10
44426926 2 6 1420576802643 9.5555552E7 1
24849868 2 18 1420576802643 9.0E7 2
18964685 2 16 1420576802643 8.7777776E7 3
140080129 2 15 1420576802643 8.6666664E7 4
89787221 2 12 1420576802643 8.3333328E7 5
61292961 2 10 1420576802643 8.1111112E7 6
17698956 2 8 1420576802643 8.0E7 7
174890917 2 9 1420576802643 8.0E7 8
69020299 2 10 1420576802643 7.7777776E7 9
384479689 2 24 1420576802643 7.0E7 10
7867072 2 6 1420576862643 9.5555552E7 1
57333521 2 23 1420576862643 9.5555552E7 2
12273252 2 5 1420576862643 9.1111112E7 3
140080129 2 15 1420576862643 8.6666664E7 4
89787221 2 12 1420576862643 8.3333328E7 5
23354464 2 12 1420576862643 7.0E7 6
17810599 2 20 1420576862643 7.0E7 7
183807568 1 23 1420576862643 2.5555558E7 8
44426926 1 6 1420576862643 2.5555558E7 9
17348724 1 23 1420576862643 2.5555558E7 10
57333521 2 23 1420576922643 9.5555552E7 1
140080129 2 15 1420576922643 8.6666664E7 2
14192680 2 7 1420576922643 8.1111112E7 3
49437246 2 8 1420576922643 7.8888888E7 4
1618007706 1 20 1420576922643 2.6666668E7 5
44426926 1 6 1420576922643 2.5555558E7 6
17348724 1 23 1420576922643 2.5555558E7 7
27091328 1 6 1420576922643 2.5555558E7 8
89316412 1 22 1420576922643 2.4444444E7 9
15980503 1 21 1420576922643 2.3333334E7 10
7867072 2 19 1420576982643 9.5555552E7 1
69020299 2 20 1420576982643 9.2222216E7 2
14192680 2 13 1420576982643 8.4444448E7 3
89787221 2 12 1420576982643 8.3333328E7 4
61292961 2 10 1420576982643 8.1111112E7 5
394078527 2 8 1420576982643 7.8888888E7 6
49437246 2 8 1420576982643 7.8888888E7 7
1618007706 1 20 1420576982643 2.6666668E7 8
17698956 1 23 1420576982643 2.5555558E7 9
44426926 1 6 1420576982643 2.5555558E7 10
1618007706 2 20 1420577042643 9.6666672E7 1
7867072 2 19 1420577042643 9.5555552E7 2
27091328 2 6 1420577042643 9.5555552E7 3
23354464 2 9 1420577042643 8.0E7 4
174890917 2 9 1420577042643 8.0E7 5
8861752 1 25 1420577042643 2.777778E7 6
17698956 1 23 1420577042643 2.5555558E7 7
316053072 1 23 1420577042643 2.5555558E7 8
44426926 1 6 1420577042643 2.5555558E7 9
96184837 1 23 1420577042643 2.5555558E7 10
8861752 2 25 1420577102643 9.7777776E7 1
7867072 2 19 1420577102643 9.5555552E7 2
195897346 2 15 1420577102643 8.6666664E7 3
14845376 2 6 1420577102643 7.6666664E7 4
23354464 2 9 1420577102643 7.0E7 5
1381345892 1 7 1420577102643 2.6666668E7 6
15445129 1 24 1420577102643 2.6666668E7 7
1618007706 1 20 1420577102643 2.6666668E7 8
278093318 1 23 1420577102643 2.5555558E7 9
57333521 1 23 1420577102643 2.5555558E7 10
10069612 2 23 1420577162643 9.5555552E7 1
24849868 2 8 1420577162643 9.0E7 2
25368027 2 13 1420577162643 8.4444448E7 3
14845376 2 6 1420577162643 7.6666664E7 4
175295203 2 0 1420577162643 7.0E7 5
278093318 1 23 1420577162643 2.5555558E7 6
7867072 1 19 1420577162643 2.5555558E7 7
57333521 1 23 1420577162643 2.5555558E7 8
73417273 1 20 1420577162643 2.2222222E7 9
16101657 1 20 1420577162643 2.2222222E7 10
24849868 2 8 1420577222643 9.0E7 1
14845376 2 15 1420577222643 8.6666664E7 2
25368027 2 13 1420577222643 8.4444448E7 3
14192680 2 13 1420577222643 8.1111112E7 4
1381345892 1 15 1420577222643 2.6666668E7 5
1618007706 1 20 1420577222643 2.6666668E7 6
17698956 1 23 1420577222643 2.5555558E7 7
7867072 1 19 1420577222643 2.5555558E7 8
10069612 1 23 1420577222643 2.3333334E7 9
16101657 1 20 1420577222643 2.3333334E7 10
1381345892 2 15 1420577282643 9.6666672E7 1
14192680 2 22 1420577282643 9.444444E7 2
25368027 2 13 1420577282643 8.4444448E7 3
69020299 2 20 1420577282643 7.7777776E7 4
14845376 2 15 1420577282643 7.6666664E7 5
17698956 1 23 1420577282643 2.5555558E7 6
278093318 1 23 1420577282643 2.5555558E7 7
7867072 1 19 1420577282643 2.5555558E7 8
824157 1 21 1420577282643 2.3333334E7 9
10069612 1 23 1420577282643 2.3333334E7 10
23354464 2 15 1420577342643 8.6666664E7 1
1381345892 2 6 1420577342643 7.6666664E7 2
14845376 2 15 1420577342643 7.6666664E7 3
1618007706 1 20 1420577342643 2.6666668E7 4
278093318 1 23 1420577342643 2.5555558E7 5
44426926 1 11 1420577342643 2.5555558E7 6
27091328 1 6 1420577342643 2.5555558E7 7
10069612 1 23 1420577342643 2.3333334E7 8
18725415 1 21 1420577342643 2.3333334E7 9
149157068 1 21 1420577342643 2.3333334E7 10
10069612 2 23 1420577402643 9.3333336E7 1
226606138 2 12 1420577402643 8.3333328E7 2
12273252 2 9 1420577402643 8.0E7 3
34541677 2 6 1420577402643 7.7777776E7 4
14845376 2 15 1420577402643 7.6666664E7 5
23354464 2 15 1420577402643 7.0E7 6
1381345892 1 6 1420577402643 2.6666668E7 7
384479689 1 23 1420577402643 2.5555558E7 8
278093318 1 23 1420577402643 2.5555558E7 9
14745100 1 21 1420577402643 2.3333334E7 10
8861752 2 25 1420577462643 9.7777776E7 1
12273252 2 18 1420577462643 9.0E7 2
195897346 2 15 1420577462643 8.6666664E7 3
14192680 2 14 1420577462643 8.1111112E7 4
14845376 2 15 1420577462643 7.6666664E7 5
23354464 2 15 1420577462643 7.0E7 6
1618007706 1 20 1420577462643 2.6666668E7 7
384479689 1 23 1420577462643 2.5555558E7 8
16220541 1 23 1420577462643 2.5555558E7 9
326821147 1 22 1420577462643 2.4444444E7 10
25368027 2 14 1420577522643 8.5555552E7 1
824157 2 8 1420577522643 7.8888888E7 2
14845376 2 15 1420577522643 7.6666664E7 3
23354464 2 15 1420577522643 7.0E7 4
8861752 1 25 1420577522643 2.777778E7 5
309220197 1 24 1420577522643 2.6666668E7 6
92733433 1 24 1420577522643 2.6666668E7 7
17698956 1 23 1420577522643 2.5555558E7 8
7867072 1 19 1420577522643 2.5555558E7 9
40996128 1 15 1420577522643 2.4444444E7 10
7867072 2 19 1420577582643 9.5555552E7 1
40996128 2 15 1420577582643 9.444444E7 2
10069612 2 17 1420577582643 9.3333336E7 3
25368027 2 14 1420577582643 8.4444448E7 4
51220493 2 9 1420577582643 8.0E7 5
174890917 2 16 1420577582643 8.0E7 6
15520253 2 5 1420577582643 7.7777776E7 7
69020299 2 20 1420577582643 7.7777776E7 8
14845376 2 15 1420577582643 7.6666664E7 9
23354464 2 15 1420577582643 7.0E7 10
8861752 2 25 1420577642643 9.7777776E7 1
140080129 2 24 1420577642643 9.6666672E7 2
44426926 2 12 1420577642643 9.5555552E7 3
25368027 2 14 1420577642643 8.4444448E7 4
174890917 2 16 1420577642643 8.0E7 5
14845376 2 15 1420577642643 7.6666664E7 6
23354464 2 15 1420577642643 7.0E7 7
1381345892 1 12 1420577642643 2.6666668E7 8
73417273 1 24 1420577642643 2.6666668E7 9
1618007706 1 20 1420577642643 2.6666668E7 10
1381345892 2 12 1420577702643 9.6666672E7 1
140080129 2 20 1420577702643 9.2222216E7 2
73417273 2 24 1420577702643 9.2222216E7 3
824157 2 15 1420577702643 8.6666664E7 4
174890917 2 16 1420577702643 8.0E7 5
14845376 2 15 1420577702643 7.6666664E7 6
23354464 2 15 1420577702643 7.0E7 7
8861752 1 25 1420577702643 2.777778E7 8
1618007706 1 20 1420577702643 2.6666668E7 9
20133051 1 23 1420577702643 2.5555558E7 10
1381345892 2 12 1420577762643 9.6666672E7 1
7867072 2 12 1420577762643 9.5555552E7 2
140080129 2 20 1420577762643 9.2222216E7 3
174890917 2 16 1420577762643 8.0E7 4
14845376 2 15 1420577762643 7.6666664E7 5
23354464 2 15 1420577762643 7.0E7 6
87290802 1 24 1420577762643 2.6666668E7 7
1618007706 1 20 1420577762643 2.6666668E7 8
20133051 1 23 1420577762643 2.5555558E7 9
27091328 1 8 1420577762643 2.5555558E7 10
1381345892 2 12 1420577822643 9.6666672E7 1
7867072 2 12 1420577822643 9.5555552E7 2
309220197 2 22 1420577822643 9.444444E7 3
824157 2 15 1420577822643 9.3333336E7 4
278093318 2 16 1420577822643 8.7777776E7 5
8312862 2 13 1420577822643 8.4444448E7 6
174890917 2 16 1420577822643 8.0E7 7
14845376 2 15 1420577822643 7.6666664E7 8
23354464 2 15 1420577822643 7.0E7 9
1618007706 1 20 1420577822643 2.6666668E7 10
1381345892 2 12 1420577882643 9.6666672E7 1
7867072 2 12 1420577882643 9.5555552E7 2
92791146 2 16 1420577882643 8.8888888E7 3
278093318 2 16 1420577882643 8.7777776E7 4
8312862 2 13 1420577882643 8.4444448E7 5
384479689 2 13 1420577882643 8.4444448E7 6
17145499 2 12 1420577882643 8.3333328E7 7
174890917 2 16 1420577882643 8.0E7 8
14845376 2 15 1420577882643 7.6666664E7 9
23354464 2 15 1420577882643 7.0E7 10
384479689 2 13 1420577942643 9.5555552E7 1
7867072 2 12 1420577942643 9.5555552E7 2
73417273 2 21 1420577942643 9.2222216E7 3
92791146 2 16 1420577942643 8.8888888E7 4
278093318 2 16 1420577942643 8.7777776E7 5
18360000 2 13 1420577942643 8.4444448E7 6
140080129 2 11 1420577942643 8.2222224E7 7
174890917 2 16 1420577942643 8.0E7 8
14845376 2 15 1420577942643 7.6666664E7 9
23354464 2 15 1420577942643 7.0E7 10
10069612 2 11 1420578002643 9.3333336E7 1
12273252 2 17 1420578002643 8.8888888E7 2
278093318 2 16 1420578002643 8.7777776E7 3
16045956 2 12 1420578002643 8.3333328E7 4
140080129 2 11 1420578002643 8.2222224E7 5
109013694 2 7 1420578002643 7.7777776E7 6
14845376 2 15 1420578002643 7.6666664E7 7
23354464 2 15 1420578002643 7.0E7 8
1051313198 1 24 1420578002643 2.6666668E7 9
316053072 1 23 1420578002643 2.5555558E7 10
1381345892 2 12 1420578062643 9.6666672E7 1
384479689 2 13 1420578062643 9.5555552E7 2
7867072 2 10 1420578062643 9.5555552E7 3
824157 2 16 1420578062643 8.7777776E7 4
278093318 2 16 1420578062643 8.7777776E7 5
16045956 2 12 1420578062643 8.3333328E7 6
14845376 2 15 1420578062643 7.6666664E7 7
140080129 2 5 1420578062643 7.555556E7 8
23354464 2 15 1420578062643 7.0E7 9
40996128 1 15 1420578062643 2.4444444E7 10
1381345892 2 12 1420578122643 9.6666672E7 1
384479689 2 13 1420578122643 9.5555552E7 2
824157 2 16 1420578122643 9.3333336E7 3
92733433 2 21 1420578122643 9.3333336E7 4
14845376 2 20 1420578122643 9.2222216E7 5
34541677 2 19 1420578122643 9.1111112E7 6
24849868 2 16 1420578122643 9.0E7 7
278093318 2 16 1420578122643 8.7777776E7 8
22948692 2 12 1420578122643 8.6666664E7 9
16045956 2 12 1420578122643 8.3333328E7 10
278093318 2 23 1420578182643 9.5555552E7 1
7867072 2 10 1420578182643 9.5555552E7 2
22948692 2 23 1420578182643 9.5555552E7 3
10069612 2 11 1420578182643 9.3333336E7 4
92733433 2 21 1420578182643 9.3333336E7 5
21842357 2 20 1420578182643 9.2222216E7 6
73417273 2 6 1420578182643 9.2222216E7 7
92791146 2 12 1420578182643 8.8888888E7 8
16045956 2 12 1420578182643 8.3333328E7 9
276554601 2 12 1420578182643 8.3333328E7 10
7867072 2 10 1420578242643 9.5555552E7 1
10069612 2 11 1420578242643 9.3333336E7 2
92733433 2 21 1420578242643 9.3333336E7 3
15520253 2 20 1420578242643 9.2222216E7 4
22948692 2 23 1420578242643 8.6666664E7 5
16045956 2 12 1420578242643 8.3333328E7 6
57333521 2 12 1420578242643 8.3333328E7 7
278093318 2 8 1420578242643 7.8888888E7 8
109013694 2 11 1420578242643 7.7777776E7 9
14845376 2 20 1420578242643 7.6666664E7 10
1618007706 2 20 1420578302643 9.6666672E7 1
7867072 2 22 1420578302643 9.444444E7 2
73417273 2 6 1420578302643 9.2222216E7 3
22948692 2 23 1420578302643 8.6666664E7 4
16045956 2 12 1420578302643 8.3333328E7 5
14845376 2 20 1420578302643 7.6666664E7 6
23354464 2 15 1420578302643 7.0E7 7
1381345892 1 24 1420578302643 2.6666668E7 8
17348724 1 12 1420578302643 2.5555558E7 9
27091328 1 8 1420578302643 2.5555558E7 10
1381345892 2 24 1420578362643 9.6666672E7 1
384479689 2 20 1420578362643 9.5555552E7 2
22948692 2 12 1420578362643 8.3333328E7 3
14845376 2 20 1420578362643 7.6666664E7 4
23354464 2 15 1420578362643 7.0E7 5
1618007706 1 25 1420578362643 2.777778E7 6
7867072 1 22 1420578362643 2.5555558E7 7
11178672 1 14 1420578362643 2.5555558E7 8
8861752 1 23 1420578362643 2.5555558E7 9
15646547 1 22 1420578362643 2.4444444E7 10
16045956 2 14 1420578422643 8.5555552E7 1
1381345892 2 12 1420578422643 8.3333328E7 2
57333521 2 12 1420578422643 8.3333328E7 3
22948692 2 10 1420578422643 8.1111112E7 4
14845376 2 20 1420578422643 7.6666664E7 5
23354464 2 15 1420578422643 7.0E7 6
384479689 1 20 1420578422643 2.5555558E7 7
11178672 1 14 1420578422643 2.5555558E7 8
17348724 1 12 1420578422643 2.5555558E7 9
8861752 1 23 1420578422643 2.5555558E7 10
1381345892 2 12 1420578482643 9.6666672E7 1
278093318 2 8 1420578482643 8.7777776E7 2
14192680 2 10 1420578482643 8.1111112E7 3
14845376 2 20 1420578482643 7.6666664E7 4
23354464 2 15 1420578482643 7.0E7 5
131003396 1 23 1420578482643 2.5555558E7 6
17348724 1 12 1420578482643 2.5555558E7 7
8861752 1 23 1420578482643 2.5555558E7 8
92733433 1 21 1420578482643 2.3333334E7 9
21842357 1 20 1420578482643 2.2222222E7 10
89316412 2 17 1420578542643 9.444444E7 1
92791146 2 12 1420578542643 8.8888888E7 2
278093318 2 8 1420578542643 8.7777776E7 3
23354464 2 8 1420578542643 7.8888888E7 4
14845376 2 20 1420578542643 7.6666664E7 5
92733433 2 5 1420578542643 7.555556E7 6
567341777 2 0 1420578542643 7.0E7 7
131003396 1 23 1420578542643 2.5555558E7 8
17348724 1 12 1420578542643 2.5555558E7 9
8861752 1 23 1420578542643 2.5555558E7 10
89316412 2 17 1420578602643 9.444444E7 1
92791146 2 12 1420578602643 8.8888888E7 2
278093318 2 8 1420578602643 8.7777776E7 3
195897346 2 11 1420578602643 8.6666664E7 4
14845376 2 20 1420578602643 7.6666664E7 5
23354464 2 8 1420578602643 7.0E7 6
384479689 1 20 1420578602643 2.5555558E7 7
17348724 1 12 1420578602643 2.5555558E7 8
567341777 1 21 1420578602643 2.3333334E7 9
92733433 1 5 1420578602643 2.3333334E7 10
7867072 2 22 1420578662643 9.5555552E7 1
278093318 2 8 1420578662643 8.7777776E7 2
73417273 2 16 1420578662643 8.7777776E7 3
195897346 2 11 1420578662643 8.6666664E7 4
16045956 2 14 1420578662643 8.3333328E7 5
14192680 2 10 1420578662643 8.1111112E7 6
22948692 2 8 1420578662643 7.8888888E7 7
14845376 2 20 1420578662643 7.6666664E7 8
23354464 2 8 1420578662643 7.0E7 9
140080129 1 26 1420578662643 2.888889E7 10
7867072 2 22 1420578722643 9.5555552E7 1
278093318 2 8 1420578722643 8.7777776E7 2
14845376 2 20 1420578722643 7.6666664E7 3
23354464 2 8 1420578722643 7.0E7 4
140080129 1 26 1420578722643 2.888889E7 5
1381345892 1 17 1420578722643 2.6666668E7 6
22192440 1 23 1420578722643 2.5555558E7 7
8861752 1 16 1420578722643 2.5555558E7 8
44426926 1 22 1420578722643 2.4444444E7 9
73417273 1 16 1420578722643 2.2222222E7 10
467431144 2 22 1420578782643 9.444444E7 1
278093318 2 8 1420578782643 8.7777776E7 2
14845376 2 20 1420578782643 7.6666664E7 3
567341777 2 21 1420578782643 7.0E7 4
23354464 2 8 1420578782643 7.0E7 5
1381345892 1 17 1420578782643 2.6666668E7 6
17472921 1 24 1420578782643 2.6666668E7 7
7867072 1 22 1420578782643 2.5555558E7 8
22192440 1 23 1420578782643 2.5555558E7 9
44426926 1 22 1420578782643 2.4444444E7 10
22192440 2 23 1420578842643 9.5555552E7 1
23354464 2 16 1420578842643 8.7777776E7 2
14845376 2 20 1420578842643 7.6666664E7 3
140080129 1 26 1420578842643 2.888889E7 4
17472921 1 24 1420578842643 2.6666668E7 5
824157 1 16 1420578842643 2.3333334E7 6
27091328 1 19 1420578842643 2.1111112E7 7
69020299 1 18 1420578842643 2.0000002E7 8
15920875 1 17 1420578842643 1.888889E7 9
278093318 1 8 1420578842643 1.7777778E7 10
140080129 2 26 1420578902643 9.8888888E7 1
14845376 2 20 1420578902643 7.6666664E7 2
16220541 1 24 1420578902643 2.6666668E7 3
7867072 1 22 1420578902643 2.5555558E7 4
22192440 1 23 1420578902643 2.5555558E7 5
44426926 1 22 1420578902643 2.4444444E7 6
14192680 1 21 1420578902643 2.3333334E7 7
104227735 1 21 1420578902643 2.3333334E7 8
824157 1 16 1420578902643 2.3333334E7 9
92733433 1 15 1420578902643 2.3333334E7 10
140080129 2 26 1420578962643 9.8888888E7 1
12273252 2 13 1420578962643 9.1111112E7 2
15856366 2 15 1420578962643 8.2222224E7 3
14845376 2 20 1420578962643 7.6666664E7 4
23354464 2 16 1420578962643 7.0E7 5
7867072 1 22 1420578962643 2.5555558E7 6
44426926 1 22 1420578962643 2.4444444E7 7
10069612 1 19 1420578962643 2.1111112E7 8
27091328 1 19 1420578962643 2.1111112E7 9
92791146 1 7 1420578962643 1.888889E7 10
195897346 2 15 1420579022643 8.6666664E7 1
23354464 2 16 1420579022643 7.0E7 2
160890393 2 0 1420579022643 7.0E7 3
140080129 1 26 1420579022643 2.888889E7 4
17604456 1 23 1420579022643 2.5555558E7 5
20133051 1 23 1420579022643 2.5555558E7 6
8861752 1 16 1420579022643 2.5555558E7 7
73417273 1 6 1420579022643 2.2222222E7 8
14745100 1 19 1420579022643 2.1111112E7 9
27091328 1 19 1420579022643 2.1111112E7 10
27091328 2 19 1420579082643 9.1111112E7 1
384940104 2 12 1420579082643 8.3333328E7 2
14845376 2 10 1420579082643 7.6666664E7 3
23354464 2 16 1420579082643 7.0E7 4
160890393 2 0 1420579082643 7.0E7 5
73417273 1 24 1420579082643 2.6666668E7 6
92733433 1 24 1420579082643 2.6666668E7 7
8312862 1 23 1420579082643 2.5555558E7 8
44426926 1 22 1420579082643 2.4444444E7 9
338262255 1 20 1420579082643 2.2222222E7 10
824157 2 15 1420579142643 9.3333336E7 1
140080129 2 18 1420579142643 9.0E7 2
14192680 2 21 1420579142643 8.1111112E7 3
23354464 2 16 1420579142643 7.0E7 4
17472921 1 24 1420579142643 2.6666668E7 5
8861752 1 16 1420579142643 2.5555558E7 6
373316165 1 22 1420579142643 2.4444444E7 7
309220197 1 22 1420579142643 2.4444444E7 8
44426926 1 22 1420579142643 2.4444444E7 9
338262255 1 20 1420579142643 2.2222222E7 10
73417273 2 22 1420579202643 9.444444E7 1
92733433 2 15 1420579202643 9.3333336E7 2
50023090 2 15 1420579202643 8.6666664E7 3
15856366 2 13 1420579202643 8.2222224E7 4
14192680 2 21 1420579202643 8.1111112E7 5
17472921 1 24 1420579202643 2.6666668E7 6
7867072 1 22 1420579202643 2.5555558E7 7
8861752 1 16 1420579202643 2.5555558E7 8
373316165 1 22 1420579202643 2.4444444E7 9
824157 1 15 1420579202643 2.3333334E7 10
7867072 2 22 1420579262643 9.5555552E7 1
92733433 2 15 1420579262643 9.3333336E7 2
12413892 2 7 1420579262643 9.0E7 3
278093318 2 8 1420579262643 8.7777776E7 4
89787221 2 15 1420579262643 8.6666664E7 5
14192680 2 21 1420579262643 8.1111112E7 6
384479689 2 8 1420579262643 7.8888888E7 7
41644754 2 15 1420579262643 7.8888888E7 8
14845376 2 10 1420579262643 7.6666664E7 9
824157 1 15 1420579262643 2.3333334E7 10
140080129 2 18 1420579322643 9.0E7 1
278093318 2 8 1420579322643 8.7777776E7 2
1381345892 2 15 1420579322643 8.6666664E7 3
89787221 2 15 1420579322643 8.6666664E7 4
1364403168 2 14 1420579322643 8.5555552E7 5
14845376 2 10 1420579322643 7.6666664E7 6
4282171 2 5 1420579322643 7.555556E7 7
23354464 2 16 1420579322643 7.0E7 8
7867072 1 22 1420579322643 2.5555558E7 9
8861752 1 11 1420579322643 2.5555558E7 10
140080129 2 18 1420579382643 9.0E7 1
89787221 2 15 1420579382643 8.6666664E7 2
14845376 2 10 1420579382643 7.6666664E7 3
23354464 2 16 1420579382643 7.0E7 4
17472921 1 24 1420579382643 2.6666668E7 5
49437246 1 24 1420579382643 2.6666668E7 6
1006922053 1 23 1420579382643 2.5555558E7 7
7867072 1 22 1420579382643 2.5555558E7 8
43216942 1 21 1420579382643 2.3333334E7 9
21842357 1 6 1420579382643 2.2222222E7 10
7867072 2 22 1420579442643 9.5555552E7 1
10069612 2 17 1420579442643 9.1111112E7 2
278093318 2 17 1420579442643 8.7777776E7 3
89787221 2 15 1420579442643 8.6666664E7 4
14192680 2 16 1420579442643 8.1111112E7 5
14845376 2 10 1420579442643 7.6666664E7 6
17472921 1 24 1420579442643 2.6666668E7 7
22990521 1 24 1420579442643 2.6666668E7 8
40996128 1 7 1420579442643 2.4444444E7 9
338262255 1 21 1420579442643 2.3333334E7 10
14192680 2 24 1420579502643 9.6666672E7 1
7867072 2 22 1420579502643 9.5555552E7 2
8861752 2 15 1420579502643 9.5555552E7 3
278093318 2 17 1420579502643 8.7777776E7 4
309220197 2 16 1420579502643 8.7777776E7 5
89787221 2 15 1420579502643 8.6666664E7 6
174890917 2 10 1420579502643 8.1111112E7 7
12273252 2 7 1420579502643 7.7777776E7 8
24849868 1 24 1420579502643 2.6666668E7 9
16220541 1 24 1420579502643 2.6666668E7 10
278093318 2 24 1420579562643 9.6666672E7 1
12273252 2 7 1420579562643 9.1111112E7 2
325220198 2 18 1420579562643 9.0E7 3
309220197 2 16 1420579562643 8.7777776E7 4
89787221 2 15 1420579562643 8.6666664E7 5
7867072 2 10 1420579562643 8.1111112E7 6
174890917 2 10 1420579562643 8.1111112E7 7
14845376 2 10 1420579562643 7.6666664E7 8
8861752 1 15 1420579562643 2.5555558E7 9
384479689 1 20 1420579562643 2.2222222E7 10
34541677 2 3 1420579622643 9.1111112E7 1
12273252 2 7 1420579622643 9.1111112E7 2
23742474 2 13 1420579622643 8.7777776E7 3
278093318 2 24 1420579622643 8.7777776E7 4
174890917 2 10 1420579622643 8.1111112E7 5
1618007706 2 5 1420579622643 7.6666664E7 6
57333521 2 6 1420579622643 7.6666664E7 7
23354464 2 16 1420579622643 7.0E7 8
17070252 1 23 1420579622643 2.5555558E7 9
8861752 1 15 1420579622643 2.5555558E7 10
7867072 2 10 1420579682643 9.5555552E7 1
17070252 2 23 1420579682643 9.5555552E7 2
8861752 2 15 1420579682643 9.5555552E7 3
34541677 2 3 1420579682643 9.1111112E7 4
140080129 2 18 1420579682643 9.0E7 5
174890917 2 10 1420579682643 8.1111112E7 6
23354464 2 16 1420579682643 7.0E7 7
22192440 1 23 1420579682643 2.5555558E7 8
17348724 1 22 1420579682643 2.4444444E7 9
27091328 1 17 1420579682643 2.1111112E7 10
8861752 2 25 1420579742643 9.7777776E7 1
27091328 2 17 1420579742643 9.1111112E7 2
23354464 2 15 1420579742643 8.6666664E7 3
89787221 2 15 1420579742643 8.6666664E7 4
4282171 2 7 1420579742643 7.7777776E7 5
14845376 2 10 1420579742643 7.6666664E7 6
7867072 1 10 1420579742643 2.5555558E7 7
17070252 1 23 1420579742643 2.5555558E7 8
22192440 1 23 1420579742643 2.5555558E7 9
19274498 1 22 1420579742643 2.4444444E7 10
8861752 2 25 1420579802643 9.5555552E7 1
27103822 2 22 1420579802643 9.444444E7 2
27091328 2 17 1420579802643 9.1111112E7 3
14845376 2 17 1420579802643 8.8888888E7 4
278093318 2 24 1420579802643 8.7777776E7 5
36573752 2 11 1420579802643 8.2222224E7 6
24773493 2 11 1420579802643 8.2222224E7 7
174890917 2 10 1420579802643 8.1111112E7 8
1381345892 2 9 1420579802643 8.0E7 9
384479689 2 20 1420579802643 7.8888888E7 10
8861752 2 25 1420579862643 9.5555552E7 1
278093318 2 24 1420579862643 8.7777776E7 2
1381345892 2 9 1420579862643 8.6666664E7 3
14192680 2 11 1420579862643 8.1111112E7 4
174890917 2 10 1420579862643 8.1111112E7 5
384479689 2 20 1420579862643 7.8888888E7 6
14845376 2 17 1420579862643 7.6666664E7 7
186222238 2 5 1420579862643 7.555556E7 8
1454742764 1 23 1420579862643 2.5555558E7 9
17348724 1 22 1420579862643 2.4444444E7 10
186222238 2 5 1420579922643 9.1111112E7 1
1581203119 2 15 1420579922643 8.6666664E7 2
1381345892 2 9 1420579922643 8.6666664E7 3
16045956 2 13 1420579922643 8.3333328E7 4
14845376 2 17 1420579922643 7.6666664E7 5
21986815 1 23 1420579922643 2.5555558E7 6
7867072 1 6 1420579922643 2.5555558E7 7
1454742764 1 23 1420579922643 2.5555558E7 8
8861752 1 25 1420579922643 2.5555558E7 9
384479689 1 21 1420579922643 2.3333334E7 10
7867072 2 6 1420579982643 9.5555552E7 1
1618007706 2 23 1420579982643 9.5555552E7 2
10069612 2 17 1420579982643 9.1111112E7 3
186222238 2 5 1420579982643 9.1111112E7 4
278093318 2 16 1420579982643 8.7777776E7 5
1381345892 2 9 1420579982643 8.6666664E7 6
16045956 2 13 1420579982643 8.3333328E7 7
14192680 2 10 1420579982643 8.1111112E7 8
14845376 2 17 1420579982643 7.6666664E7 9
24849868 1 24 1420579982643 2.6666668E7 10
1618007706 2 23 1420580042643 9.5555552E7 1
186222238 2 5 1420580042643 9.1111112E7 2
12273252 2 7 1420580042643 9.1111112E7 3
12413892 2 22 1420580042643 9.0E7 4
309220197 2 10 1420580042643 8.1111112E7 5
384479689 2 21 1420580042643 7.8888888E7 6
24849868 1 24 1420580042643 2.6666668E7 7
17070252 1 5 1420580042643 2.5555558E7 8
7867072 1 6 1420580042643 2.5555558E7 9
1454742764 1 23 1420580042643 2.5555558E7 10
1618007706 2 23 1420580102643 9.5555552E7 1
8861752 2 15 1420580102643 9.5555552E7 2
824157 2 21 1420580102643 9.0E7 3
12413892 2 22 1420580102643 9.0E7 4
14192680 2 10 1420580102643 8.1111112E7 5
17472921 1 24 1420580102643 2.6666668E7 6
17070252 1 5 1420580102643 2.5555558E7 7
22192440 1 11 1420580102643 2.5555558E7 8
15980503 1 22 1420580102643 2.4444444E7 9
21842357 1 22 1420580102643 2.4444444E7 10
8861752 2 15 1420580162643 9.5555552E7 1
17348724 2 22 1420580162643 9.444444E7 2
824157 2 21 1420580162643 9.0E7 3
14845376 2 18 1420580162643 9.0E7 4
16262688 2 19 1420580162643 8.6666664E7 5
23354464 2 15 1420580162643 7.0E7 6
808721557 1 25 1420580162643 2.777778E7 7
17472921 1 24 1420580162643 2.6666668E7 8
45710831 1 24 1420580162643 2.6666668E7 9
120985729 1 24 1420580162643 2.6666668E7 10
45710831 2 24 1420580222643 9.6666672E7 1
17348724 2 22 1420580222643 9.444444E7 2
16262688 2 19 1420580222643 8.6666664E7 3
92733433 2 10 1420580222643 8.1111112E7 4
384479689 2 21 1420580222643 7.8888888E7 5
14845376 2 18 1420580222643 7.6666664E7 6
20745130 2 5 1420580222643 7.555556E7 7
18970044 1 24 1420580222643 2.6666668E7 8
22192440 1 11 1420580222643 2.5555558E7 9
8861752 1 15 1420580222643 2.5555558E7 10
278093318 2 16 1420580282643 8.7777776E7 1
92733433 2 10 1420580282643 8.1111112E7 2
45710831 1 24 1420580282643 2.6666668E7 3
18970044 1 24 1420580282643 2.6666668E7 4
7867072 1 8 1420580282643 2.5555558E7 5
17070252 1 22 1420580282643 2.5555558E7 6
1454742764 1 23 1420580282643 2.5555558E7 7
22192440 1 11 1420580282643 2.5555558E7 8
8861752 1 15 1420580282643 2.5555558E7 9
17348724 1 22 1420580282643 2.4444444E7 10
45710831 2 24 1420580342643 9.6666672E7 1
27091328 2 24 1420580342643 9.6666672E7 2
7867072 2 8 1420580342643 9.5555552E7 3
10005212 2 12 1420580342643 8.8888888E7 4
69020299 2 16 1420580342643 8.7777776E7 5
174890917 2 14 1420580342643 8.1111112E7 6
278093318 2 8 1420580342643 7.8888888E7 7
40329236 1 24 1420580342643 2.6666668E7 8
384940104 1 24 1420580342643 2.6666668E7 9
17070252 1 22 1420580342643 2.5555558E7 10
7867072 2 8 1420580402643 9.5555552E7 1
278093318 2 8 1420580402643 8.7777776E7 2
89787221 2 15 1420580402643 8.6666664E7 3
174890917 2 14 1420580402643 8.1111112E7 4
45710831 1 24 1420580402643 2.6666668E7 5
384940104 1 24 1420580402643 2.6666668E7 6
152341106 1 23 1420580402643 2.5555558E7 7
1618007706 1 7 1420580402643 2.5555558E7 8
61733092 1 22 1420580402643 2.4444444E7 9
22948692 1 21 1420580402643 2.3333334E7 10
45710831 2 24 1420580462643 9.6666672E7 1
7867072 2 22 1420580462643 9.444444E7 2
22948692 2 21 1420580462643 9.3333336E7 3
1381345892 2 16 1420580462643 8.7777776E7 4
278093318 2 16 1420580462643 8.7777776E7 5
34541677 2 12 1420580462643 8.3333328E7 6
174890917 2 14 1420580462643 8.1111112E7 7
25368027 2 6 1420580462643 7.6666664E7 8
14845376 2 5 1420580462643 7.555556E7 9
22192440 1 11 1420580462643 2.5555558E7 10
45710831 2 24 1420580522643 9.6666672E7 1
14845376 2 23 1420580522643 9.5555552E7 2
140080129 2 21 1420580522643 9.3333336E7 3
278093318 2 16 1420580522643 8.7777776E7 4
1381345892 2 16 1420580522643 8.6666664E7 5
387220815 1 24 1420580522643 2.6666668E7 6
69020299 1 23 1420580522643 2.5555558E7 7
7867072 1 22 1420580522643 2.5555558E7 8
1454742764 1 18 1420580522643 2.5555558E7 9
22192440 1 11 1420580522643 2.5555558E7 10
45710831 2 24 1420580582643 9.6666672E7 1
387220815 2 24 1420580582643 9.6666672E7 2
1454742764 2 18 1420580582643 9.5555552E7 3
140080129 2 21 1420580582643 9.3333336E7 4
21842357 2 22 1420580582643 9.2222216E7 5
195897346 2 19 1420580582643 9.1111112E7 6
10005212 2 12 1420580582643 8.8888888E7 7
278093318 2 16 1420580582643 8.7777776E7 8
1381345892 2 16 1420580582643 8.6666664E7 9
15601977 2 11 1420580582643 8.2222224E7 10
45710831 2 24 1420580642643 9.6666672E7 1
387220815 2 24 1420580642643 9.6666672E7 2
140080129 2 21 1420580642643 9.3333336E7 3
15520253 2 19 1420580642643 9.1111112E7 4
195897346 2 19 1420580642643 9.1111112E7 5
278093318 2 16 1420580642643 8.7777776E7 6
1381345892 2 16 1420580642643 8.6666664E7 7
14845376 2 23 1420580642643 7.6666664E7 8
108039570 1 24 1420580642643 2.6666668E7 9
19943507 1 24 1420580642643 2.6666668E7 10
45710831 2 24 1420580702643 9.6666672E7 1
278093318 2 16 1420580702643 8.7777776E7 2
14845376 2 23 1420580702643 7.6666664E7 3
57333521 2 15 1420580702643 7.6666664E7 4
19943507 1 24 1420580702643 2.6666668E7 5
20745130 1 24 1420580702643 2.6666668E7 6
811303 1 24 1420580702643 2.6666668E7 7
387220815 1 24 1420580702643 2.6666668E7 8
7867072 1 22 1420580702643 2.5555558E7 9
1618007706 1 9 1420580702643 2.5555558E7 10
14845376 2 24 1420580762643 9.6666672E7 1
45710831 2 24 1420580762643 9.6666672E7 2
140080129 2 23 1420580762643 9.5555552E7 3
278093318 2 16 1420580762643 8.7777776E7 4
23354464 2 14 1420580762643 8.5555552E7 5
4282171 2 7 1420580762643 7.555556E7 6
811303 1 24 1420580762643 2.6666668E7 7
7867072 1 22 1420580762643 2.5555558E7 8
22192440 1 11 1420580762643 2.5555558E7 9
31634255 1 22 1420580762643 2.4444444E7 10
21842357 2 24 1420580822643 9.6666672E7 1
140080129 2 23 1420580822643 9.5555552E7 2
14845376 2 17 1420580822643 8.8888888E7 3
57333521 2 15 1420580822643 7.6666664E7 4
108039570 1 20 1420580822643 2.6666668E7 5
45710831 1 24 1420580822643 2.6666668E7 6
31634255 1 22 1420580822643 2.4444444E7 7
24773493 1 21 1420580822643 2.3333334E7 8
14811775 1 20 1420580822643 2.2222222E7 9
34541677 1 12 1420580822643 2.1111112E7 10
21842357 2 24 1420580882643 9.2222216E7 1
14845376 2 14 1420580882643 8.5555552E7 2
12273252 2 8 1420580882643 7.8888888E7 3
57333521 2 15 1420580882643 7.6666664E7 4
19943507 1 9 1420580882643 2.6666668E7 5
45710831 1 24 1420580882643 2.6666668E7 6
140080129 1 23 1420580882643 2.5555558E7 7
17070252 1 10 1420580882643 2.5555558E7 8
1454742764 1 5 1420580882643 2.5555558E7 9
12413892 1 21 1420580882643 2.3333334E7 10
45710831 2 24 1420580942643 9.6666672E7 1
278093318 2 19 1420580942643 8.7777776E7 2
14845376 2 14 1420580942643 7.6666664E7 3
19943507 1 9 1420580942643 2.6666668E7 4
7867072 1 22 1420580942643 2.5555558E7 5
8861752 1 23 1420580942643 2.5555558E7 6
8312862 1 21 1420580942643 2.3333334E7 7
384479689 1 21 1420580942643 2.3333334E7 8
46213956 1 21 1420580942643 2.3333334E7 9
12413892 1 21 1420580942643 2.3333334E7 10
8861752 2 23 1420581002643 9.5555552E7 1
45710831 2 16 1420581002643 8.7777776E7 2
202777395 2 14 1420581002643 8.5555552E7 3
19934731 2 12 1420581002643 8.3333328E7 4
12273252 2 8 1420581002643 7.8888888E7 5
14845376 2 14 1420581002643 7.6666664E7 6
46213956 1 21 1420581002643 2.3333334E7 7
206276555 1 20 1420581002643 2.2222222E7 8
14811775 1 20 1420581002643 2.2222222E7 9
34541677 1 12 1420581002643 2.1111112E7 10
45710831 2 16 1420581062643 9.6666672E7 1
34541677 2 12 1420581062643 9.1111112E7 2
140080129 2 18 1420581062643 9.0E7 3
19934731 2 12 1420581062643 8.3333328E7 4
14845376 2 7 1420581062643 7.7777776E7 5
57333521 2 15 1420581062643 7.6666664E7 6
19943507 1 19 1420581062643 2.6666668E7 7
152341106 1 23 1420581062643 2.5555558E7 8
8861752 1 23 1420581062643 2.5555558E7 9
10005212 1 21 1420581062643 2.3333334E7 10
45710831 2 16 1420581122643 9.6666672E7 1
14845376 2 21 1420581122643 9.3333336E7 2
140080129 2 9 1420581122643 8.0E7 3
34541677 1 24 1420581122643 2.6666668E7 4
19943507 1 19 1420581122643 2.6666668E7 5
152341106 1 23 1420581122643 2.5555558E7 6
7867072 1 18 1420581122643 2.5555558E7 7
195897346 1 23 1420581122643 2.5555558E7 8
21842357 1 24 1420581122643 2.2222222E7 9
186222238 1 22 1420581122643 2.1111112E7 10
140080129 2 9 1420581182643 8.0E7 1
14845376 2 21 1420581182643 7.6666664E7 2
808721557 1 24 1420581182643 2.6666668E7 3
45710831 1 16 1420581182643 2.6666668E7 4
17698956 1 21 1420581182643 2.3333334E7 5
21104725 1 20 1420581182643 2.2222222E7 6
21842357 1 24 1420581182643 2.2222222E7 7
1618007706 1 20 1420581182643 2.2222222E7 8
276554601 1 19 1420581182643 2.1111112E7 9
186222238 1 22 1420581182643 2.1111112E7 10
89316412 2 18 1420581242643 9.0E7 1
188077169 2 8 1420581242643 8.3333328E7 2
140080129 2 9 1420581242643 8.0E7 3
14845376 2 6 1420581242643 7.6666664E7 4
57333521 2 15 1420581242643 7.6666664E7 5
92791146 2 17 1420581242643 7.555556E7 6
40329236 1 24 1420581242643 2.6666668E7 7
7867072 1 23 1420581242643 2.5555558E7 8
92733433 1 23 1420581242643 2.5555558E7 9
259637983 1 21 1420581242643 2.3333334E7 10
57333521 2 18 1420581302643 9.0E7 1
140080129 2 9 1420581302643 8.0E7 2
14845376 2 6 1420581302643 7.6666664E7 3
23973187 1 25 1420581302643 2.777778E7 4
824157 1 24 1420581302643 2.6666668E7 5
40329236 1 24 1420581302643 2.6666668E7 6
45710831 1 16 1420581302643 2.6666668E7 7
24849868 1 24 1420581302643 2.6666668E7 8
18971670 1 23 1420581302643 2.5555558E7 9
92733433 1 23 1420581302643 2.5555558E7 10
45710831 2 16 1420581362643 9.6666672E7 1
46213956 2 21 1420581362643 9.3333336E7 2
12273252 2 18 1420581362643 9.0E7 3
14192680 2 16 1420581362643 8.1111112E7 4
140080129 2 9 1420581362643 8.0E7 5
14845376 2 6 1420581362643 7.6666664E7 6
57333521 2 18 1420581362643 7.6666664E7 7
40329236 1 24 1420581362643 2.6666668E7 8
24849868 1 24 1420581362643 2.6666668E7 9
22192440 1 20 1420581362643 2.5555558E7 10
14845376 2 16 1420581422643 8.7777776E7 1
45710831 2 15 1420581422643 8.6666664E7 2
14192680 2 14 1420581422643 8.5555552E7 3
1381345892 1 24 1420581422643 2.6666668E7 4
40329236 1 24 1420581422643 2.6666668E7 5
31634255 1 22 1420581422643 2.4444444E7 6
19274498 1 21 1420581422643 2.3333334E7 7
46213956 1 21 1420581422643 2.3333334E7 8
824157 1 20 1420581422643 2.2222222E7 9
21842357 1 8 1420581422643 2.2222222E7 10
45710831 2 15 1420581482643 9.6666672E7 1
259637983 2 11 1420581482643 9.3333336E7 2
21842357 2 8 1420581482643 9.2222216E7 3
14845376 2 19 1420581482643 9.1111112E7 4
17166894 2 19 1420581482643 9.1111112E7 5
140080129 2 16 1420581482643 8.7777776E7 6
14192680 2 10 1420581482643 8.1111112E7 7
1381345892 1 24 1420581482643 2.6666668E7 8
27091328 1 23 1420581482643 2.5555558E7 9
1454742764 1 19 1420581482643 2.1111112E7 10
1454742764 2 19 1420581542643 9.5555552E7 1
21842357 2 8 1420581542643 9.2222216E7 2
140080129 2 9 1420581542643 8.0E7 3
14845376 2 19 1420581542643 7.6666664E7 4
57333521 2 18 1420581542643 7.6666664E7 5
45710831 1 15 1420581542643 2.6666668E7 6
186222238 1 24 1420581542643 2.6666668E7 7
104291835 1 24 1420581542643 2.6666668E7 8
27091328 1 23 1420581542643 2.5555558E7 9
532171645 1 22 1420581542643 2.4444444E7 10
21842357 2 8 1420581602643 9.2222216E7 1
14192680 2 10 1420581602643 8.1111112E7 2
140080129 2 9 1420581602643 8.0E7 3
14845376 2 19 1420581602643 7.6666664E7 4
57333521 2 18 1420581602643 7.6666664E7 5
89787221 2 6 1420581602643 7.6666664E7 6
1381345892 1 24 1420581602643 2.6666668E7 7
16277373 1 24 1420581602643 2.6666668E7 8
104291835 1 24 1420581602643 2.6666668E7 9
7867072 1 22 1420581602643 2.5555558E7 10
1381345892 2 24 1420581662643 9.6666672E7 1
34541677 2 11 1420581662643 9.1111112E7 2
17166894 2 19 1420581662643 9.1111112E7 3
17070252 2 11 1420581662643 8.2222224E7 4
384479689 2 12 1420581662643 7.8888888E7 5
278093318 2 8 1420581662643 7.8888888E7 6
14845376 2 19 1420581662643 7.6666664E7 7
57333521 2 18 1420581662643 7.6666664E7 8
16277373 1 24 1420581662643 2.6666668E7 9
45710831 1 15 1420581662643 2.6666668E7 10
1381345892 2 25 1420581722643 9.7777776E7 1
15646547 2 12 1420581722643 8.3333328E7 2
140140890 2 8 1420581722643 7.8888888E7 3
14845376 2 19 1420581722643 7.6666664E7 4
57333521 2 18 1420581722643 7.6666664E7 5
23354464 2 19 1420581722643 7.0E7 6
92733433 1 25 1420581722643 2.777778E7 7
45710831 1 15 1420581722643 2.6666668E7 8
193232854 1 23 1420581722643 2.5555558E7 9
1454742764 1 19 1420581722643 2.5555558E7 10
1381345892 2 25 1420581782643 9.6666672E7 1
7867072 2 24 1420581782643 9.6666672E7 2
12413892 2 21 1420581782643 9.3333336E7 3
24773493 2 21 1420581782643 8.2222224E7 4
15111389 2 10 1420581782643 8.1111112E7 5
23354464 2 19 1420581782643 7.0E7 6
45710831 1 15 1420581782643 2.6666668E7 7
104291835 1 24 1420581782643 2.6666668E7 8
193232854 1 23 1420581782643 2.5555558E7 9
8861752 1 21 1420581782643 2.3333334E7 10
1381345892 2 25 1420581842643 9.6666672E7 1
12413892 2 21 1420581842643 9.3333336E7 2
24773493 2 21 1420581842643 8.2222224E7 3
15111389 2 10 1420581842643 8.1111112E7 4
45710831 1 15 1420581842643 2.6666668E7 5
92733433 1 24 1420581842643 2.6666668E7 6
7867072 1 24 1420581842643 2.5555558E7 7
17070252 1 11 1420581842643 2.5555558E7 8
14192680 1 22 1420581842643 2.4444444E7 9
35818653 1 21 1420581842643 2.3333334E7 10
7867072 2 24 1420581902643 9.5555552E7 1
1381345892 2 20 1420581902643 9.2222216E7 2
10069612 2 19 1420581902643 9.1111112E7 3
14787749 2 13 1420581902643 8.4444448E7 4
23742474 2 15 1420581902643 7.555556E7 5
92733433 1 24 1420581902643 2.777778E7 6
45710831 1 15 1420581902643 2.6666668E7 7
15111389 1 24 1420581902643 2.6666668E7 8
104291835 1 24 1420581902643 2.6666668E7 9
1454742764 1 19 1420581902643 2.5555558E7 10
7867072 2 24 1420581962643 9.5555552E7 1
14845376 2 16 1420581962643 8.7777776E7 2
14787749 2 13 1420581962643 8.4444448E7 3
1381345892 2 5 1420581962643 7.555556E7 4
45710831 1 15 1420581962643 2.6666668E7 5
104291835 1 24 1420581962643 2.6666668E7 6
12413892 1 21 1420581962643 2.3333334E7 7
34541677 1 11 1420581962643 2.1111112E7 8
17166894 1 19 1420581962643 2.1111112E7 9
195897346 1 23 1420581962643 2.1111112E7 10
1381345892 2 5 1420582022643 9.6666672E7 1
7867072 2 24 1420582022643 9.5555552E7 2
24773493 2 21 1420582022643 8.2222224E7 3
140080129 1 26 1420582022643 2.888889E7 4
8312862 1 24 1420582022643 2.6666668E7 5
12413892 1 21 1420582022643 2.3333334E7 6
61733092 1 20 1420582022643 2.2222222E7 7
188077169 1 19 1420582022643 2.1111112E7 8
107024149 1 19 1420582022643 2.1111112E7 9
17166894 1 19 1420582022643 2.1111112E7 10
8312862 2 24 1420582082643 9.6666672E7 1
1381345892 2 5 1420582082643 9.6666672E7 2
7867072 2 24 1420582082643 9.5555552E7 3
24773493 2 21 1420582082643 8.2222224E7 4
57333521 2 12 1420582082643 7.6666664E7 5
89787221 2 6 1420582082643 7.6666664E7 6
45710831 1 15 1420582082643 2.6666668E7 7
25368027 1 24 1420582082643 2.6666668E7 8
309220197 1 19 1420582082643 2.1111112E7 9
18970044 1 18 1420582082643 2.0000002E7 10
8312862 2 24 1420582142643 9.6666672E7 1
1381345892 2 5 1420582142643 9.6666672E7 2
24773493 2 21 1420582142643 8.2222224E7 3
57333521 2 12 1420582142643 7.6666664E7 4
23354464 2 16 1420582142643 7.0E7 5
45710831 1 15 1420582142643 2.6666668E7 6
104291835 1 24 1420582142643 2.6666668E7 7
6416622 1 24 1420582142643 2.6666668E7 8
7867072 1 24 1420582142643 2.5555558E7 9
1454742764 1 19 1420582142643 2.5555558E7 10
8312862 2 24 1420582202643 9.6666672E7 1
824157 2 24 1420582202643 9.6666672E7 2
92733433 2 21 1420582202643 9.3333336E7 3
24773493 2 21 1420582202643 8.2222224E7 4
180026716 2 8 1420582202643 8.1111112E7 5
23354464 2 16 1420582202643 7.0E7 6
1381345892 1 5 1420582202643 2.6666668E7 7
45710831 1 15 1420582202643 2.6666668E7 8
104291835 1 24 1420582202643 2.6666668E7 9
6416622 1 24 1420582202643 2.6666668E7 10
824157 2 24 1420582262643 9.6666672E7 1
92733433 2 24 1420582262643 9.6666672E7 2
1618007706 2 16 1420582262643 8.7777776E7 3
19934731 2 12 1420582262643 8.3333328E7 4
180026716 2 8 1420582262643 8.1111112E7 5
140080129 1 26 1420582262643 2.888889E7 6
27103822 1 24 1420582262643 2.6666668E7 7
45710831 1 15 1420582262643 2.6666668E7 8
104291835 1 24 1420582262643 2.6666668E7 9
11178672 1 23 1420582262643 2.5555558E7 10
824157 2 24 1420582322643 9.6666672E7 1
1381345892 2 5 1420582322643 9.6666672E7 2
27103822 2 24 1420582322643 9.6666672E7 3
193232854 2 16 1420582322643 9.5555552E7 4
17604456 2 20 1420582322643 9.2222216E7 5
278093318 2 13 1420582322643 8.4444448E7 6
180026716 2 8 1420582322643 8.1111112E7 7
16045956 2 6 1420582322643 7.6666664E7 8
25368027 2 24 1420582322643 7.6666664E7 9
57333521 2 12 1420582322643 7.6666664E7 10
46213956 2 22 1420582382643 9.3333336E7 1
17698956 2 20 1420582382643 9.2222216E7 2
34541677 2 8 1420582382643 9.1111112E7 3
278093318 2 15 1420582382643 8.6666664E7 4
15856366 2 5 1420582382643 8.2222224E7 5
180026716 2 8 1420582382643 8.1111112E7 6
15646547 2 7 1420582382643 7.7777776E7 7
57333521 2 12 1420582382643 7.6666664E7 8
27103822 1 24 1420582382643 2.6666668E7 9
104291835 1 24 1420582382643 2.6666668E7 10
1381345892 2 5 1420582442643 9.6666672E7 1
7867072 2 21 1420582442643 9.3333336E7 2
17698956 2 20 1420582442643 9.2222216E7 3
180026716 2 20 1420582442643 9.2222216E7 4
34541677 2 8 1420582442643 9.1111112E7 5
14787749 2 12 1420582442643 8.4444448E7 6
278093318 2 15 1420582442643 8.4444448E7 7
19934731 2 12 1420582442643 8.3333328E7 8
24849868 2 8 1420582442643 7.8888888E7 9
57333521 2 5 1420582442643 7.555556E7 10
7867072 2 21 1420582502643 9.5555552E7 1
17698956 2 21 1420582502643 9.3333336E7 2
34541677 2 21 1420582502643 9.3333336E7 3
19934731 2 18 1420582502643 9.0E7 4
180026716 2 20 1420582502643 8.1111112E7 5
24849868 2 8 1420582502643 7.8888888E7 6
57333521 2 5 1420582502643 7.6666664E7 7
824157 1 23 1420582502643 2.6666668E7 8
1381345892 1 5 1420582502643 2.6666668E7 9
27103822 1 24 1420582502643 2.6666668E7 10
1381345892 2 5 1420582562643 9.6666672E7 1
34541677 2 21 1420582562643 9.1111112E7 2
25368027 2 24 1420582562643 7.6666664E7 3
15484266 2 0 1420582562643 7.0E7 4
140080129 1 26 1420582562643 2.888889E7 5
55252152 1 24 1420582562643 2.6666668E7 6
27103822 1 24 1420582562643 2.6666668E7 7
45710831 1 14 1420582562643 2.6666668E7 8
193232854 1 16 1420582562643 2.5555558E7 9
7867072 1 21 1420582562643 2.5555558E7 10
27103822 2 24 1420582622643 9.6666672E7 1
193232854 2 16 1420582622643 9.5555552E7 2
34541677 2 21 1420582622643 9.1111112E7 3
186222238 2 15 1420582622643 8.6666664E7 4
140080129 1 26 1420582622643 2.888889E7 5
1381345892 1 5 1420582622643 2.6666668E7 6
55252152 1 24 1420582622643 2.6666668E7 7
512403075 1 23 1420582622643 2.5555558E7 8
1581203119 1 22 1420582622643 2.4444444E7 9
89787221 1 21 1420582622643 2.3333334E7 10
27103822 2 24 1420582682643 9.6666672E7 1
17698956 2 21 1420582682643 9.2222216E7 2
17604456 2 20 1420582682643 9.2222216E7 3
34541677 2 21 1420582682643 9.1111112E7 4
24773493 2 21 1420582682643 8.2222224E7 5
180026716 2 20 1420582682643 8.1111112E7 6
384940104 2 8 1420582682643 7.8888888E7 7
14845376 2 20 1420582682643 7.6666664E7 8
23354464 2 13 1420582682643 7.0E7 9
140080129 1 26 1420582682643 2.888889E7 10
1381345892 2 5 1420582742643 9.6666672E7 1
180026716 2 23 1420582742643 9.5555552E7 2
17698956 2 21 1420582742643 9.2222216E7 3
34541677 2 21 1420582742643 9.1111112E7 4
24206345 2 14 1420582742643 8.5555552E7 5
24773493 2 21 1420582742643 8.2222224E7 6
140080129 1 26 1420582742643 2.888889E7 7
27103822 1 24 1420582742643 2.6666668E7 8
45710831 1 14 1420582742643 2.6666668E7 9
193232854 1 16 1420582742643 2.5555558E7 10
1381345892 2 5 1420582802643 9.6666672E7 1
152341106 2 24 1420582802643 9.6666672E7 2
24773493 2 23 1420582802643 9.5555552E7 3
17698956 2 21 1420582802643 9.2222216E7 4
34541677 2 21 1420582802643 9.1111112E7 5
14845376 2 20 1420582802643 7.6666664E7 6
27103822 1 24 1420582802643 2.6666668E7 7
193232854 1 16 1420582802643 2.5555558E7 8
1454742764 1 21 1420582802643 2.3333334E7 9
188077169 1 18 1420582802643 2.0000002E7 10
1381345892 2 5 1420582862643 9.6666672E7 1
34541677 2 21 1420582862643 9.1111112E7 2
180026716 2 12 1420582862643 8.3333328E7 3
24773493 2 23 1420582862643 8.2222224E7 4
14845376 2 20 1420582862643 7.6666664E7 5
152341106 1 24 1420582862643 2.6666668E7 6
45710831 1 14 1420582862643 2.6666668E7 7
193232854 1 16 1420582862643 2.5555558E7 8
259637983 1 18 1420582862643 2.3333334E7 9
22990521 1 20 1420582862643 2.2222222E7 10
152341106 2 24 1420582922643 9.6666672E7 1
259637983 2 18 1420582922643 9.3333336E7 2
34541677 2 21 1420582922643 9.1111112E7 3
96184837 2 14 1420582922643 8.5555552E7 4
384479689 2 18 1420582922643 7.8888888E7 5
14845376 2 20 1420582922643 7.6666664E7 6
193232854 1 16 1420582922643 2.5555558E7 7
349227445 1 23 1420582922643 2.5555558E7 8
240818630 1 21 1420582922643 2.3333334E7 9
21986815 1 20 1420582922643 2.2222222E7 10
17698956 2 21 1420582982643 9.2222216E7 1
96184837 2 14 1420582982643 8.5555552E7 2
24773493 2 23 1420582982643 8.2222224E7 3
14192680 2 7 1420582982643 8.1111112E7 4
180026716 2 19 1420582982643 8.1111112E7 5
45710831 1 14 1420582982643 2.6666668E7 6
152341106 1 24 1420582982643 2.6666668E7 7
259637983 1 24 1420582982643 2.6666668E7 8
349227445 1 23 1420582982643 2.5555558E7 9
33320626 1 22 1420582982643 2.4444444E7 10
1381345892 2 21 1420583042643 9.3333336E7 1
96184837 2 14 1420583042643 8.5555552E7 2
14192680 2 7 1420583042643 8.1111112E7 3
180026716 2 19 1420583042643 8.1111112E7 4
12273252 2 7 1420583042643 7.555556E7 5
152341106 1 24 1420583042643 2.6666668E7 6
61733092 1 20 1420583042643 2.4444444E7 7
33320626 1 22 1420583042643 2.4444444E7 8
824157 1 21 1420583042643 2.3333334E7 9
8861752 1 20 1420583042643 2.2222222E7 10
1381345892 2 21 1420583102643 9.6666672E7 1
824157 2 21 1420583102643 9.3333336E7 2
96184837 2 14 1420583102643 8.5555552E7 3
14192680 2 7 1420583102643 8.1111112E7 4
180026716 2 19 1420583102643 8.1111112E7 5
12273252 2 7 1420583102643 7.555556E7 6
152341106 1 24 1420583102643 2.6666668E7 7
61733092 1 20 1420583102643 2.4444444E7 8
259637983 1 24 1420583102643 2.3333334E7 9
17698956 1 21 1420583102643 2.2222222E7 10
1381345892 2 21 1420583162643 9.6666672E7 1
17698956 2 21 1420583162643 9.2222216E7 2
171716921 2 14 1420583162643 8.5555552E7 3
96184837 2 14 1420583162643 8.5555552E7 4
811303 2 12 1420583162643 8.3333328E7 5
384479689 2 18 1420583162643 7.8888888E7 6
152341106 1 24 1420583162643 2.6666668E7 7
1618007706 1 24 1420583162643 2.6666668E7 8
12273252 1 23 1420583162643 2.5555558E7 9
61733092 1 20 1420583162643 2.4444444E7 10
1381345892 2 21 1420583222643 9.6666672E7 1
55252152 2 24 1420583222643 9.6666672E7 2
92733433 2 22 1420583222643 9.444444E7 3
17698956 2 21 1420583222643 9.2222216E7 4
34541677 2 21 1420583222643 9.1111112E7 5
96184837 2 14 1420583222643 8.5555552E7 6
811303 2 12 1420583222643 8.3333328E7 7
278093318 1 20 1420583222643 2.2222222E7 8
18725415 1 20 1420583222643 2.2222222E7 9
107024149 1 19 1420583222643 2.1111112E7 10
17698956 2 21 1420583282643 9.2222216E7 1
188077169 2 14 1420583282643 9.0E7 2
278093318 2 20 1420583282643 8.6666664E7 3
96184837 2 14 1420583282643 8.5555552E7 4
811303 2 12 1420583282643 8.3333328E7 5
180026716 2 19 1420583282643 8.1111112E7 6
15111389 2 6 1420583282643 8.1111112E7 7
1381345892 1 21 1420583282643 2.6666668E7 8
55252152 1 24 1420583282643 2.6666668E7 9
195897346 1 23 1420583282643 2.5555558E7 10
17698956 2 21 1420583342643 9.2222216E7 1
278093318 2 20 1420583342643 8.6666664E7 2
96184837 2 14 1420583342643 8.5555552E7 3
180026716 2 19 1420583342643 8.1111112E7 4
15111389 2 6 1420583342643 8.1111112E7 5
525187154 2 6 1420583342643 7.6666664E7 6
152341106 1 24 1420583342643 2.6666668E7 7
45710831 1 8 1420583342643 2.6666668E7 8
2703171 1 24 1420583342643 2.6666668E7 9
93644596 1 23 1420583342643 2.5555558E7 10
1381345892 2 13 1420583402643 9.6666672E7 1
152341106 2 24 1420583402643 9.6666672E7 2
49437246 2 15 1420583402643 8.6666664E7 3
96184837 2 14 1420583402643 8.5555552E7 4
14787749 2 16 1420583402643 8.4444448E7 5
811303 2 12 1420583402643 8.3333328E7 6
525187154 2 12 1420583402643 8.3333328E7 7
15601977 2 11 1420583402643 8.2222224E7 8
180026716 2 19 1420583402643 8.1111112E7 9
15111389 2 6 1420583402643 8.1111112E7 10
1381345892 2 13 1420583462643 9.6666672E7 1
278093318 2 21 1420583462643 9.3333336E7 2
259637983 2 24 1420583462643 9.3333336E7 3
96184837 2 14 1420583462643 8.5555552E7 4
14787749 2 16 1420583462643 8.4444448E7 5
10069612 2 13 1420583462643 8.4444448E7 6
21842357 2 10 1420583462643 8.3333328E7 7
811303 2 12 1420583462643 8.3333328E7 8
14192680 2 7 1420583462643 8.1111112E7 9
525187154 2 9 1420583462643 8.0E7 10
