7867072 2 23 1420574522643 9.5555552E7 1
12273252 2 19 1420574522643 9.1111112E7 2
140080129 2 16 1420574522643 8.7777776E7 3
278093318 2 14 1420574522643 8.5555552E7 4
104227735 2 0 1420574522643 7.0E7 5
326821147 2 0 1420574522643 7.0E7 6
89787221 2 0 1420574522643 7.0E7 7
61292961 1 23 1420574522643 2.5555558E7 8
11178672 1 23 1420574522643 2.5555558E7 9
149157068 1 22 1420574522643 2.4444444E7 10
7867072 2 23 1420574582643 9.5555552E7 1
12273252 2 19 1420574582643 9.1111112E7 2
15111389 2 12 1420574582643 8.3333328E7 3
14192680 2 0 1420574582643 7.0E7 4
23354464 2 0 1420574582643 7.0E7 5
18964685 2 0 1420574582643 7.0E7 6
89787221 2 0 1420574582643 7.0E7 7
11178672 1 23 1420574582643 2.5555558E7 8
27091328 1 23 1420574582643 2.5555558E7 9
114872969 1 20 1420574582643 2.2222222E7 10
7867072 2 23 1420574642643 9.5555552E7 1
27091328 2 23 1420574642643 9.5555552E7 2
12273252 2 19 1420574642643 9.1111112E7 3
12413892 2 16 1420574642643 8.7777776E7 4
73417273 2 0 1420574642643 7.0E7 5
89787221 2 0 1420574642643 7.0E7 6
114872969 1 20 1420574642643 2.2222222E7 7
1381345892 1 18 1420574642643 2.0000002E7 8
21862217 1 14 1420574642643 1.5555556E7 9
278093318 1 14 1420574642643 1.5555556E7 10
7867072 2 23 1420574702643 9.5555552E7 1
27091328 2 23 1420574702643 9.5555552E7 2
183807568 2 10 1420574702643 8.1111112E7 3
384479689 2 0 1420574702643 7.0E7 4
23354464 2 0 1420574702643 7.0E7 5
73417273 2 0 1420574702643 7.0E7 6
976147104 2 0 1420574702643 7.0E7 7
89787221 2 0 1420574702643 7.0E7 8
11178672 1 23 1420574702643 2.5555558E7 9
12273252 1 19 1420574702643 2.1111112E7 10
7867072 2 23 1420574762643 9.5555552E7 1
11178672 2 23 1420574762643 9.5555552E7 2
27091328 2 23 1420574762643 9.5555552E7 3
17698956 2 14 1420574762643 8.5555552E7 4
278093318 2 14 1420574762643 8.5555552E7 5
183807568 2 10 1420574762643 8.1111112E7 6
384479689 2 0 1420574762643 7.0E7 7
73417273 2 0 1420574762643 7.0E7 8
92733433 2 0 1420574762643 7.0E7 9
89787221 2 0 1420574762643 7.0E7 10
7867072 2 23 1420574822643 9.5555552E7 1
11178672 2 23 1420574822643 9.5555552E7 2
27091328 2 23 1420574822643 9.5555552E7 3
38702668 2 5 1420574822643 7.555556E7 4
384479689 2 0 1420574822643 7.0E7 5
73417273 2 0 1420574822643 7.0E7 6
89787221 2 0 1420574822643 7.0E7 7
92733433 2 0 1420574822643 7.0E7 8
16253142 1 22 1420574822643 2.4444444E7 9
33491215 1 20 1420574822643 2.2222222E7 10
7867072 2 23 1420574882643 9.5555552E7 1
11178672 2 23 1420574882643 9.5555552E7 2
27091328 2 23 1420574882643 9.5555552E7 3
12273252 2 19 1420574882643 9.1111112E7 4
384479689 2 0 1420574882643 7.0E7 5
21842357 2 0 1420574882643 7.0E7 6
92733433 2 0 1420574882643 7.0E7 7
818340 1 24 1420574882643 2.6666668E7 8
18725415 1 23 1420574882643 2.5555558E7 9
12413892 1 16 1420574882643 1.7777778E7 10
7867072 2 23 1420574942643 9.5555552E7 1
12273252 2 19 1420574942643 9.1111112E7 2
14192680 2 0 1420574942643 7.0E7 3
23354464 2 0 1420574942643 7.0E7 4
21842357 2 0 1420574942643 7.0E7 5
17070252 2 0 1420574942643 7.0E7 6
174890917 2 0 1420574942643 7.0E7 7
73417273 2 0 1420574942643 7.0E7 8
18964685 2 0 1420574942643 7.0E7 9
976147104 2 0 1420574942643 7.0E7 10
7867072 2 23 1420575002643 9.5555552E7 1
14192680 2 0 1420575002643 7.0E7 2
384479689 2 0 1420575002643 7.0E7 3
174890917 2 0 1420575002643 7.0E7 4
73417273 2 0 1420575002643 7.0E7 5
27091328 1 23 1420575002643 2.5555558E7 6
12273252 1 19 1420575002643 2.1111112E7 7
140080129 1 16 1420575002643 1.7777778E7 8
12413892 1 16 1420575002643 1.7777778E7 9
15920875 1 9 1420575002643 1.0000001E7 10
7867072 2 23 1420575062643 9.5555552E7 1
27091328 2 23 1420575062643 9.5555552E7 2
12273252 2 19 1420575062643 9.1111112E7 3
1381345892 2 18 1420575062643 9.0E7 4
384479689 2 0 1420575062643 7.0E7 5
174890917 2 0 1420575062643 7.0E7 6
89787221 2 0 1420575062643 7.0E7 7
16253142 1 22 1420575062643 2.4444444E7 8
12413892 1 16 1420575062643 1.7777778E7 9
15920875 1 9 1420575062643 1.0000001E7 10
11178672 2 23 1420575122643 9.5555552E7 1
27091328 2 23 1420575122643 9.5555552E7 2
1381345892 2 18 1420575122643 9.0E7 3
384479689 2 0 1420575122643 7.0E7 4
186222238 2 0 1420575122643 7.0E7 5
1051313198 2 0 1420575122643 7.0E7 6
8861752 2 0 1420575122643 7.0E7 7
89787221 2 0 1420575122643 7.0E7 8
61292961 1 23 1420575122643 2.5555558E7 9
7867072 1 23 1420575122643 2.5555558E7 10
140080129 2 16 1420575182643 8.7777776E7 1
12413892 2 16 1420575182643 8.7777776E7 2
384479689 2 0 1420575182643 7.0E7 3
89787221 2 0 1420575182643 7.0E7 4
16045956 1 23 1420575182643 2.5555558E7 5
61292961 1 23 1420575182643 2.5555558E7 6
11178672 1 23 1420575182643 2.5555558E7 7
27091328 1 23 1420575182643 2.5555558E7 8
14158682 1 19 1420575182643 2.1111112E7 9
12273252 1 19 1420575182643 2.1111112E7 10
140080129 2 16 1420575242643 8.7777776E7 1
12413892 2 16 1420575242643 8.7777776E7 2
278093318 2 14 1420575242643 8.5555552E7 3
14192680 2 0 1420575242643 7.0E7 4
89787221 2 0 1420575242643 7.0E7 5
92733433 2 0 1420575242643 7.0E7 6
16045956 1 23 1420575242643 2.5555558E7 7
7867072 1 23 1420575242643 2.5555558E7 8
27091328 1 23 1420575242643 2.5555558E7 9
166715703 1 19 1420575242643 2.1111112E7 10
12413892 2 16 1420575302643 8.7777776E7 1
384479689 2 0 1420575302643 7.0E7 2
17604456 2 0 1420575302643 7.0E7 3
17070252 2 0 1420575302643 7.0E7 4
174890917 2 0 1420575302643 7.0E7 5
11178672 1 23 1420575302643 2.5555558E7 6
27091328 1 23 1420575302643 2.5555558E7 7
166715703 1 19 1420575302643 2.1111112E7 8
12273252 1 19 1420575302643 2.1111112E7 9
1381345892 1 18 1420575302643 2.0000002E7 10
7867072 2 23 1420575362643 9.5555552E7 1
12273252 2 19 1420575362643 9.1111112E7 2
1381345892 2 18 1420575362643 9.0E7 3
17604456 2 0 1420575362643 7.0E7 4
17070252 2 0 1420575362643 7.0E7 5
73417273 2 0 1420575362643 7.0E7 6
18970044 2 0 1420575362643 7.0E7 7
11178672 1 23 1420575362643 2.5555558E7 8
140080129 1 16 1420575362643 1.7777778E7 9
12413892 1 16 1420575362643 1.7777778E7 10
140080129 2 16 1420575422643 8.7777776E7 1
278093318 2 14 1420575422643 8.5555552E7 2
24773493 2 7 1420575422643 7.7777776E7 3
14192680 2 0 1420575422643 7.0E7 4
202777395 2 0 1420575422643 7.0E7 5
20745130 2 0 1420575422643 7.0E7 6
17070252 2 0 1420575422643 7.0E7 7
1618007706 2 0 1420575422643 7.0E7 8
7867072 1 23 1420575422643 2.5555558E7 9
11178672 1 23 1420575422643 2.5555558E7 10
140080129 2 16 1420575482643 8.7777776E7 1
278093318 2 14 1420575482643 8.5555552E7 2
14192680 2 0 1420575482643 7.0E7 3
17070252 2 0 1420575482643 7.0E7 4
174890917 2 0 1420575482643 7.0E7 5
89787221 2 0 1420575482643 7.0E7 6
7867072 1 23 1420575482643 2.5555558E7 7
11178672 1 23 1420575482643 2.5555558E7 8
27091328 1 23 1420575482643 2.5555558E7 9
23973187 1 15 1420575482643 1.6666669E7 10
7867072 2 23 1420575542643 9.5555552E7 1
140080129 2 16 1420575542643 8.7777776E7 2
278093318 2 14 1420575542643 8.5555552E7 3
174890917 2 0 1420575542643 7.0E7 4
89787221 2 0 1420575542643 7.0E7 5
61292961 1 23 1420575542643 2.5555558E7 6
27091328 1 23 1420575542643 2.5555558E7 7
12273252 1 19 1420575542643 2.1111112E7 8
12413892 1 16 1420575542643 1.7777778E7 9
19964088 1 7 1420575542643 7777778.0 10
140080129 2 16 1420575602643 8.7777776E7 1
189107456 2 0 1420575602643 7.0E7 2
73417273 2 0 1420575602643 7.0E7 3
89787221 2 0 1420575602643 7.0E7 4
61292961 1 23 1420575602643 2.5555558E7 5
7867072 1 23 1420575602643 2.5555558E7 6
27091328 1 23 1420575602643 2.5555558E7 7
40996128 1 22 1420575602643 2.4444444E7 8
14787749 1 20 1420575602643 2.2222222E7 9
15445129 1 19 1420575602643 2.1111112E7 10
15445129 2 19 1420575662643 9.1111112E7 1
140080129 2 16 1420575662643 8.7777776E7 2
326821147 2 0 1420575662643 7.0E7 3
73417273 2 0 1420575662643 7.0E7 4
89787221 2 0 1420575662643 7.0E7 5
92733433 2 0 1420575662643 7.0E7 6
11178672 1 23 1420575662643 2.5555558E7 7
27091328 1 23 1420575662643 2.5555558E7 8
40996128 1 22 1420575662643 2.4444444E7 9
1566741842 1 20 1420575662643 2.2222222E7 10
140080129 2 16 1420575722643 8.7777776E7 1
21044502 2 15 1420575722643 8.6666664E7 2
23354464 2 0 1420575722643 7.0E7 3
69020299 2 0 1420575722643 7.0E7 4
73417273 2 0 1420575722643 7.0E7 5
349227445 1 24 1420575722643 2.6666668E7 6
7867072 1 23 1420575722643 2.5555558E7 7
11178672 1 23 1420575722643 2.5555558E7 8
27091328 1 23 1420575722643 2.5555558E7 9
1566741842 1 20 1420575722643 2.2222222E7 10
11178672 2 23 1420575782643 9.5555552E7 1
140080129 2 16 1420575782643 8.7777776E7 2
278093318 2 14 1420575782643 8.5555552E7 3
69020299 2 0 1420575782643 7.0E7 4
73417273 2 0 1420575782643 7.0E7 5
89787221 2 0 1420575782643 7.0E7 6
349227445 1 24 1420575782643 2.6666668E7 7
27091328 1 23 1420575782643 2.5555558E7 8
166715703 1 19 1420575782643 2.1111112E7 9
12273252 1 19 1420575782643 2.1111112E7 10
27091328 2 23 1420575842643 9.5555552E7 1
140080129 2 16 1420575842643 8.7777776E7 2
384479689 2 0 1420575842643 7.0E7 3
69020299 2 0 1420575842643 7.0E7 4
15601977 2 0 1420575842643 7.0E7 5
18964685 2 0 1420575842643 7.0E7 6
7867072 1 23 1420575842643 2.5555558E7 7
24177962 1 23 1420575842643 2.5555558E7 8
11178672 1 23 1420575842643 2.5555558E7 9
40996128 1 22 1420575842643 2.4444444E7 10
7867072 2 23 1420575902643 9.5555552E7 1
140080129 2 16 1420575902643 8.7777776E7 2
21986815 2 6 1420575902643 7.6666664E7 3
69020299 2 0 1420575902643 7.0E7 4
92733433 2 0 1420575902643 7.0E7 5
11178672 1 23 1420575902643 2.5555558E7 6
24177962 1 23 1420575902643 2.5555558E7 7
27091328 1 23 1420575902643 2.5555558E7 8
114872969 1 20 1420575902643 2.2222222E7 9
12273252 1 19 1420575902643 2.1111112E7 10
11178672 2 23 1420575962643 9.5555552E7 1
140080129 2 16 1420575962643 8.7777776E7 2
69020299 2 0 1420575962643 7.0E7 3
92733433 2 0 1420575962643 7.0E7 4
818340 1 24 1420575962643 2.6666668E7 5
7867072 1 23 1420575962643 2.5555558E7 6
27091328 1 23 1420575962643 2.5555558E7 7
12273252 1 19 1420575962643 2.1111112E7 8
17698956 1 14 1420575962643 1.5555556E7 9
278093318 1 14 1420575962643 1.5555556E7 10
12273252 2 19 1420576022643 9.1111112E7 1
140080129 2 16 1420576022643 8.7777776E7 2
17698956 2 14 1420576022643 8.5555552E7 3
118292510 2 10 1420576022643 8.1111112E7 4
69020299 2 0 1420576022643 7.0E7 5
15601977 2 0 1420576022643 7.0E7 6
92733433 2 0 1420576022643 7.0E7 7
818340 1 24 1420576022643 2.6666668E7 8
7867072 1 23 1420576022643 2.5555558E7 9
27091328 1 23 1420576022643 2.5555558E7 10
140080129 2 16 1420576082643 8.7777776E7 1
118292510 2 10 1420576082643 8.1111112E7 2
202777395 2 0 1420576082643 7.0E7 3
69020299 2 0 1420576082643 7.0E7 4
15601977 2 0 1420576082643 7.0E7 5
7867072 1 23 1420576082643 2.5555558E7 6
27091328 1 23 1420576082643 2.5555558E7 7
40996128 1 22 1420576082643 2.4444444E7 8
11129062 1 19 1420576082643 2.1111112E7 9
12273252 1 19 1420576082643 2.1111112E7 10
7867072 2 23 1420576142643 9.5555552E7 1
12273252 2 19 1420576142643 9.1111112E7 2
1381345892 2 18 1420576142643 9.0E7 3
140080129 2 16 1420576142643 8.7777776E7 4
12413892 2 16 1420576142643 8.7777776E7 5
17698956 2 14 1420576142643 8.5555552E7 6
278093318 2 14 1420576142643 8.5555552E7 7
14192680 2 0 1420576142643 7.0E7 8
69020299 2 0 1420576142643 7.0E7 9
174890917 2 0 1420576142643 7.0E7 10
7867072 2 23 1420576202643 9.5555552E7 1
27091328 2 23 1420576202643 9.5555552E7 2
12273252 2 19 1420576202643 9.1111112E7 3
17698956 2 14 1420576202643 8.5555552E7 4
23354464 2 0 1420576202643 7.0E7 5
69020299 2 0 1420576202643 7.0E7 6
15601977 2 0 1420576202643 7.0E7 7
92733433 2 0 1420576202643 7.0E7 8
114872969 1 20 1420576202643 2.2222222E7 9
45710831 1 18 1420576202643 2.0000002E7 10
27091328 2 23 1420576262643 9.5555552E7 1
12413892 2 16 1420576262643 8.7777776E7 2
14845376 2 0 1420576262643 7.0E7 3
384479689 2 0 1420576262643 7.0E7 4
15601977 2 0 1420576262643 7.0E7 5
15856366 2 0 1420576262643 7.0E7 6
818340 1 24 1420576262643 2.6666668E7 7
7867072 1 23 1420576262643 2.5555558E7 8
40996128 1 22 1420576262643 2.4444444E7 9
180026716 1 22 1420576262643 2.4444444E7 10
12413892 2 16 1420576322643 8.7777776E7 1
69020299 2 0 1420576322643 7.0E7 2
818340 1 24 1420576322643 2.6666668E7 3
7867072 1 23 1420576322643 2.5555558E7 4
27091328 1 23 1420576322643 2.5555558E7 5
40996128 1 22 1420576322643 2.4444444E7 6
180026716 1 22 1420576322643 2.4444444E7 7
166715703 1 19 1420576322643 2.1111112E7 8
12273252 1 19 1420576322643 2.1111112E7 9
1381345892 1 18 1420576322643 2.0000002E7 10
12413892 2 16 1420576382643 8.7777776E7 1
17698956 2 14 1420576382643 8.5555552E7 2
44426926 1 24 1420576382643 2.6666668E7 3
7867072 1 23 1420576382643 2.5555558E7 4
166715703 1 19 1420576382643 2.1111112E7 5
1381345892 1 18 1420576382643 2.0000002E7 6
24206345 1 18 1420576382643 2.0000002E7 7
19034656 1 17 1420576382643 1.888889E7 8
193232854 1 16 1420576382643 1.7777778E7 9
140080129 1 16 1420576382643 1.7777778E7 10
44426926 2 24 1420576442643 9.6666672E7 1
12413892 2 16 1420576442643 8.7777776E7 2
278093318 2 14 1420576442643 8.5555552E7 3
487535749 2 0 1420576442643 7.0E7 4
7867072 1 23 1420576442643 2.5555558E7 5
18880366 1 19 1420576442643 2.1111112E7 6
24206345 1 18 1420576442643 2.0000002E7 7
19034656 1 17 1420576442643 1.888889E7 8
193232854 1 16 1420576442643 1.7777778E7 9
140080129 1 16 1420576442643 1.7777778E7 10
140080129 2 16 1420576502643 8.7777776E7 1
12413892 2 16 1420576502643 8.7777776E7 2
17698956 2 14 1420576502643 8.5555552E7 3
278093318 2 14 1420576502643 8.5555552E7 4
69020299 2 0 1420576502643 7.0E7 5
8861752 2 0 1420576502643 7.0E7 6
818340 1 24 1420576502643 2.6666668E7 7
44426926 1 24 1420576502643 2.6666668E7 8
7867072 1 23 1420576502643 2.5555558E7 9
27091328 1 23 1420576502643 2.5555558E7 10
818340 2 24 1420576562643 9.6666672E7 1
12413892 2 16 1420576562643 8.7777776E7 2
17698956 2 14 1420576562643 8.5555552E7 3
824157 2 0 1420576562643 7.0E7 4
23354464 2 0 1420576562643 7.0E7 5
69020299 2 0 1420576562643 7.0E7 6
309220197 2 0 1420576562643 7.0E7 7
8861752 2 0 1420576562643 7.0E7 8
61292961 1 23 1420576562643 2.5555558E7 9
7867072 1 23 1420576562643 2.5555558E7 10
326821147 2 0 1420576622643 7.0E7 1
69020299 2 0 1420576622643 7.0E7 2
8861752 2 0 1420576622643 7.0E7 3
818340 1 24 1420576622643 2.6666668E7 4
44426926 1 24 1420576622643 2.6666668E7 5
61292961 1 23 1420576622643 2.5555558E7 6
7867072 1 23 1420576622643 2.5555558E7 7
27091328 1 23 1420576622643 2.5555558E7 8
12273252 1 19 1420576622643 2.1111112E7 9
193232854 1 16 1420576622643 1.7777778E7 10
7867072 2 23 1420576682643 9.5555552E7 1
278093318 2 14 1420576682643 8.5555552E7 2
19200736 2 0 1420576682643 7.0E7 3
69020299 2 0 1420576682643 7.0E7 4
44426926 1 24 1420576682643 2.6666668E7 5
16045956 1 23 1420576682643 2.5555558E7 6
12273252 1 19 1420576682643 2.1111112E7 7
45710831 1 18 1420576682643 2.0000002E7 8
140080129 1 16 1420576682643 1.7777778E7 9
22948692 1 15 1420576682643 1.6666669E7 10
818340 2 24 1420576742643 9.6666672E7 1
140080129 2 16 1420576742643 8.7777776E7 2
17698956 2 14 1420576742643 8.5555552E7 3
278093318 2 14 1420576742643 8.5555552E7 4
69020299 2 0 1420576742643 7.0E7 5
24849868 2 0 1420576742643 7.0E7 6
8861752 2 0 1420576742643 7.0E7 7
44426926 1 24 1420576742643 2.6666668E7 8
61292961 1 23 1420576742643 2.5555558E7 9
7867072 1 23 1420576742643 2.5555558E7 10
44426926 2 24 1420576802643 9.6666672E7 1
61292961 2 23 1420576802643 9.5555552E7 2
140080129 2 16 1420576802643 8.7777776E7 3
17698956 2 14 1420576802643 8.5555552E7 4
384479689 2 0 1420576802643 7.0E7 5
23354464 2 0 1420576802643 7.0E7 6
69020299 2 0 1420576802643 7.0E7 7
24849868 2 0 1420576802643 7.0E7 8
174890917 2 0 1420576802643 7.0E7 9
89787221 2 0 1420576802643 7.0E7 10
7867072 2 23 1420576862643 9.5555552E7 1
12273252 2 19 1420576862643 9.1111112E7 2
140080129 2 16 1420576862643 8.7777776E7 3
23354464 2 0 1420576862643 7.0E7 4
17810599 2 0 1420576862643 7.0E7 5
57333521 2 0 1420576862643 7.0E7 6
89787221 2 0 1420576862643 7.0E7 7
44426926 1 24 1420576862643 2.6666668E7 8
61292961 1 23 1420576862643 2.5555558E7 9
27091328 1 23 1420576862643 2.5555558E7 10
140080129 2 16 1420576922643 8.7777776E7 1
14192680 2 0 1420576922643 7.0E7 2
57333521 2 0 1420576922643 7.0E7 3
49437246 2 0 1420576922643 7.0E7 4
44426926 1 24 1420576922643 2.6666668E7 5
61292961 1 23 1420576922643 2.5555558E7 6
7867072 1 23 1420576922643 2.5555558E7 7
27091328 1 23 1420576922643 2.5555558E7 8
166715703 1 19 1420576922643 2.1111112E7 9
12273252 1 19 1420576922643 2.1111112E7 10
61292961 2 23 1420576982643 9.5555552E7 1
7867072 2 23 1420576982643 9.5555552E7 2
14192680 2 0 1420576982643 7.0E7 3
394078527 2 0 1420576982643 7.0E7 4
69020299 2 0 1420576982643 7.0E7 5
49437246 2 0 1420576982643 7.0E7 6
89787221 2 0 1420576982643 7.0E7 7
44426926 1 24 1420576982643 2.6666668E7 8
1381345892 1 18 1420576982643 2.0000002E7 9
140080129 1 16 1420576982643 1.7777778E7 10
7867072 2 23 1420577042643 9.5555552E7 1
27091328 2 23 1420577042643 9.5555552E7 2
23354464 2 0 1420577042643 7.0E7 3
174890917 2 0 1420577042643 7.0E7 4
1618007706 2 0 1420577042643 7.0E7 5
44426926 1 24 1420577042643 2.6666668E7 6
61292961 1 23 1420577042643 2.5555558E7 7
55252152 1 19 1420577042643 2.1111112E7 8
12273252 1 19 1420577042643 2.1111112E7 9
19034656 1 17 1420577042643 1.888889E7 10
7867072 2 23 1420577102643 9.5555552E7 1
14845376 2 0 1420577102643 7.0E7 2
23354464 2 0 1420577102643 7.0E7 3
8861752 2 0 1420577102643 7.0E7 4
195897346 2 0 1420577102643 7.0E7 5
44426926 1 24 1420577102643 2.6666668E7 6
27091328 1 23 1420577102643 2.5555558E7 7
15445129 1 19 1420577102643 2.1111112E7 8
55252152 1 19 1420577102643 2.1111112E7 9
1381345892 1 18 1420577102643 2.0000002E7 10
25368027 2 10 1420577162643 8.1111112E7 1
175295203 2 0 1420577162643 7.0E7 2
14845376 2 0 1420577162643 7.0E7 3
10069612 2 0 1420577162643 7.0E7 4
24849868 2 0 1420577162643 7.0E7 5
7867072 1 23 1420577162643 2.5555558E7 6
1381345892 1 18 1420577162643 2.0000002E7 7
12413892 1 16 1420577162643 1.7777778E7 8
278093318 1 14 1420577162643 1.5555556E7 9
19964088 1 7 1420577162643 7777778.0 10
25368027 2 10 1420577222643 8.1111112E7 1
14192680 2 0 1420577222643 7.0E7 2
14845376 2 0 1420577222643 7.0E7 3
24849868 2 0 1420577222643 7.0E7 4
7867072 1 23 1420577222643 2.5555558E7 5
1381345892 1 18 1420577222643 2.0000002E7 6
24206345 1 18 1420577222643 2.0000002E7 7
17698956 1 14 1420577222643 1.5555556E7 8
108039570 1 9 1420577222643 1.0000001E7 9
23354464 1 0 1420577222643 0.0 10
1381345892 2 18 1420577282643 9.0E7 1
25368027 2 10 1420577282643 8.1111112E7 2
14192680 2 0 1420577282643 7.0E7 3
14845376 2 0 1420577282643 7.0E7 4
69020299 2 0 1420577282643 7.0E7 5
44426926 1 24 1420577282643 2.6666668E7 6
7867072 1 23 1420577282643 2.5555558E7 7
17698956 1 14 1420577282643 1.5555556E7 8
278093318 1 14 1420577282643 1.5555556E7 9
16262688 1 10 1420577282643 1.1111111E7 10
1381345892 2 18 1420577342643 9.0E7 1
14845376 2 0 1420577342643 7.0E7 2
23354464 2 0 1420577342643 7.0E7 3
44426926 1 24 1420577342643 2.6666668E7 4
18725415 1 23 1420577342643 2.5555558E7 5
27091328 1 23 1420577342643 2.5555558E7 6
149157068 1 22 1420577342643 2.4444444E7 7
278093318 1 14 1420577342643 1.5555556E7 8
25368027 1 10 1420577342643 1.1111111E7 9
16262688 1 10 1420577342643 1.1111111E7 10
12273252 2 19 1420577402643 9.1111112E7 1
14845376 2 0 1420577402643 7.0E7 2
34541677 2 0 1420577402643 7.0E7 3
23354464 2 0 1420577402643 7.0E7 4
10069612 2 0 1420577402643 7.0E7 5
226606138 2 0 1420577402643 7.0E7 6
373316165 1 24 1420577402643 2.6666668E7 7
18725415 1 23 1420577402643 2.5555558E7 8
1381345892 1 18 1420577402643 2.0000002E7 9
45710831 1 18 1420577402643 2.0000002E7 10
12273252 2 19 1420577462643 9.1111112E7 1
14192680 2 0 1420577462643 7.0E7 2
14845376 2 0 1420577462643 7.0E7 3
23354464 2 0 1420577462643 7.0E7 4
8861752 2 0 1420577462643 7.0E7 5
195897346 2 0 1420577462643 7.0E7 6
373316165 1 24 1420577462643 2.6666668E7 7
18725415 1 23 1420577462643 2.5555558E7 8
11129062 1 19 1420577462643 2.1111112E7 9
45710831 1 18 1420577462643 2.0000002E7 10
25368027 2 10 1420577522643 8.1111112E7 1
824157 2 0 1420577522643 7.0E7 2
14845376 2 0 1420577522643 7.0E7 3
23354464 2 0 1420577522643 7.0E7 4
7867072 1 23 1420577522643 2.5555558E7 5
18725415 1 23 1420577522643 2.5555558E7 6
40996128 1 22 1420577522643 2.4444444E7 7
11129062 1 19 1420577522643 2.1111112E7 8
12273252 1 19 1420577522643 2.1111112E7 9
23973187 1 15 1420577522643 1.6666669E7 10
7867072 2 23 1420577582643 9.5555552E7 1
40996128 2 22 1420577582643 9.444444E7 2
25368027 2 10 1420577582643 8.1111112E7 3
15520253 2 6 1420577582643 7.6666664E7 4
51220493 2 0 1420577582643 7.0E7 5
14845376 2 0 1420577582643 7.0E7 6
23354464 2 0 1420577582643 7.0E7 7
10069612 2 0 1420577582643 7.0E7 8
69020299 2 0 1420577582643 7.0E7 9
174890917 2 0 1420577582643 7.0E7 10
44426926 2 24 1420577642643 9.6666672E7 1
140080129 2 16 1420577642643 8.7777776E7 2
25368027 2 10 1420577642643 8.1111112E7 3
14845376 2 0 1420577642643 7.0E7 4
23354464 2 0 1420577642643 7.0E7 5
174890917 2 0 1420577642643 7.0E7 6
8861752 2 0 1420577642643 7.0E7 7
7867072 1 23 1420577642643 2.5555558E7 8
40996128 1 22 1420577642643 2.4444444E7 9
11129062 1 19 1420577642643 2.1111112E7 10
1381345892 2 18 1420577702643 9.0E7 1
140080129 2 16 1420577702643 8.7777776E7 2
824157 2 0 1420577702643 7.0E7 3
14845376 2 0 1420577702643 7.0E7 4
23354464 2 0 1420577702643 7.0E7 5
73417273 2 0 1420577702643 7.0E7 6
174890917 2 0 1420577702643 7.0E7 7
44426926 1 24 1420577702643 2.6666668E7 8
7867072 1 23 1420577702643 2.5555558E7 9
27091328 1 23 1420577702643 2.5555558E7 10
7867072 2 23 1420577762643 9.5555552E7 1
1381345892 2 18 1420577762643 9.0E7 2
140080129 2 16 1420577762643 8.7777776E7 3
14845376 2 0 1420577762643 7.0E7 4
23354464 2 0 1420577762643 7.0E7 5
174890917 2 0 1420577762643 7.0E7 6
27091328 1 23 1420577762643 2.5555558E7 7
12273252 1 19 1420577762643 2.1111112E7 8
22948692 1 15 1420577762643 1.6666669E7 9
23973187 1 15 1420577762643 1.6666669E7 10
7867072 2 23 1420577822643 9.5555552E7 1
1381345892 2 18 1420577822643 9.0E7 2
278093318 2 14 1420577822643 8.5555552E7 3
8312862 2 6 1420577822643 7.6666664E7 4
824157 2 0 1420577822643 7.0E7 5
14845376 2 0 1420577822643 7.0E7 6
23354464 2 0 1420577822643 7.0E7 7
174890917 2 0 1420577822643 7.0E7 8
309220197 2 0 1420577822643 7.0E7 9
44426926 1 24 1420577822643 2.6666668E7 10
7867072 2 23 1420577882643 9.5555552E7 1
1381345892 2 18 1420577882643 9.0E7 2
278093318 2 14 1420577882643 8.5555552E7 3
8312862 2 6 1420577882643 7.6666664E7 4
14845376 2 0 1420577882643 7.0E7 5
384479689 2 0 1420577882643 7.0E7 6
23354464 2 0 1420577882643 7.0E7 7
174890917 2 0 1420577882643 7.0E7 8
92791146 2 0 1420577882643 7.0E7 9
17145499 2 0 1420577882643 7.0E7 10
7867072 2 23 1420577942643 9.5555552E7 1
140080129 2 16 1420577942643 8.7777776E7 2
278093318 2 14 1420577942643 8.5555552E7 3
14845376 2 0 1420577942643 7.0E7 4
384479689 2 0 1420577942643 7.0E7 5
23354464 2 0 1420577942643 7.0E7 6
18360000 2 0 1420577942643 7.0E7 7
174890917 2 0 1420577942643 7.0E7 8
73417273 2 0 1420577942643 7.0E7 9
92791146 2 0 1420577942643 7.0E7 10
16045956 2 23 1420578002643 9.5555552E7 1
12273252 2 19 1420578002643 9.1111112E7 2
140080129 2 16 1420578002643 8.7777776E7 3
278093318 2 14 1420578002643 8.5555552E7 4
109013694 2 0 1420578002643 7.0E7 5
14845376 2 0 1420578002643 7.0E7 6
23354464 2 0 1420578002643 7.0E7 7
10069612 2 0 1420578002643 7.0E7 8
7867072 1 23 1420578002643 2.5555558E7 9
811303 1 18 1420578002643 2.0000002E7 10
16045956 2 23 1420578062643 9.5555552E7 1
7867072 2 23 1420578062643 9.5555552E7 2
1381345892 2 18 1420578062643 9.0E7 3
140080129 2 16 1420578062643 8.7777776E7 4
278093318 2 14 1420578062643 8.5555552E7 5
824157 2 0 1420578062643 7.0E7 6
14845376 2 0 1420578062643 7.0E7 7
384479689 2 0 1420578062643 7.0E7 8
23354464 2 0 1420578062643 7.0E7 9
40996128 1 22 1420578062643 2.4444444E7 10
16045956 2 23 1420578122643 9.5555552E7 1
1381345892 2 18 1420578122643 9.0E7 2
22948692 2 15 1420578122643 8.6666664E7 3
278093318 2 14 1420578122643 8.5555552E7 4
24773493 2 7 1420578122643 7.7777776E7 5
34541677 2 0 1420578122643 7.0E7 6
23354464 2 0 1420578122643 7.0E7 7
19934731 2 0 1420578122643 7.0E7 8
57333521 2 0 1420578122643 7.0E7 9
92733433 2 0 1420578122643 7.0E7 10
16045956 2 23 1420578182643 9.5555552E7 1
7867072 2 23 1420578182643 9.5555552E7 2
1381345892 2 18 1420578182643 9.0E7 3
22948692 2 15 1420578182643 8.6666664E7 4
278093318 2 14 1420578182643 8.5555552E7 5
14845376 2 0 1420578182643 7.0E7 6
276554601 2 0 1420578182643 7.0E7 7
10069612 2 0 1420578182643 7.0E7 8
73417273 2 0 1420578182643 7.0E7 9
92791146 2 0 1420578182643 7.0E7 10
16045956 2 23 1420578242643 9.5555552E7 1
7867072 2 23 1420578242643 9.5555552E7 2
22948692 2 15 1420578242643 8.6666664E7 3
278093318 2 14 1420578242643 8.5555552E7 4
15520253 2 6 1420578242643 7.6666664E7 5
109013694 2 0 1420578242643 7.0E7 6
14845376 2 0 1420578242643 7.0E7 7
23354464 2 0 1420578242643 7.0E7 8
57333521 2 0 1420578242643 7.0E7 9
92733433 2 0 1420578242643 7.0E7 10
16045956 2 23 1420578302643 9.5555552E7 1
7867072 2 23 1420578302643 9.5555552E7 2
22948692 2 15 1420578302643 8.6666664E7 3
14845376 2 0 1420578302643 7.0E7 4
23354464 2 0 1420578302643 7.0E7 5
73417273 2 0 1420578302643 7.0E7 6
1618007706 2 0 1420578302643 7.0E7 7
27091328 1 23 1420578302643 2.5555558E7 8
40996128 1 22 1420578302643 2.4444444E7 9
149157068 1 22 1420578302643 2.4444444E7 10
1381345892 2 18 1420578362643 9.0E7 1
22948692 2 15 1420578362643 8.6666664E7 2
14845376 2 0 1420578362643 7.0E7 3
384479689 2 0 1420578362643 7.0E7 4
23354464 2 0 1420578362643 7.0E7 5
16045956 1 23 1420578362643 2.5555558E7 6
7867072 1 23 1420578362643 2.5555558E7 7
11178672 1 23 1420578362643 2.5555558E7 8
40996128 1 22 1420578362643 2.4444444E7 9
27103822 1 16 1420578362643 1.7777778E7 10
16045956 2 23 1420578422643 9.5555552E7 1
1381345892 2 18 1420578422643 9.0E7 2
22948692 2 15 1420578422643 8.6666664E7 3
14845376 2 0 1420578422643 7.0E7 4
23354464 2 0 1420578422643 7.0E7 5
57333521 2 0 1420578422643 7.0E7 6
11178672 1 23 1420578422643 2.5555558E7 7
40996128 1 22 1420578422643 2.4444444E7 8
12273252 1 19 1420578422643 2.1111112E7 9
140080129 1 16 1420578422643 1.7777778E7 10
1381345892 2 18 1420578482643 9.0E7 1
278093318 2 14 1420578482643 8.5555552E7 2
14192680 2 0 1420578482643 7.0E7 3
14845376 2 0 1420578482643 7.0E7 4
23354464 2 0 1420578482643 7.0E7 5
16045956 1 23 1420578482643 2.5555558E7 6
15445129 1 19 1420578482643 2.1111112E7 7
12273252 1 19 1420578482643 2.1111112E7 8
12413892 1 16 1420578482643 1.7777778E7 9
22948692 1 15 1420578482643 1.6666669E7 10
278093318 2 14 1420578542643 8.5555552E7 1
567341777 2 0 1420578542643 7.0E7 2
14845376 2 0 1420578542643 7.0E7 3
23354464 2 0 1420578542643 7.0E7 4
92791146 2 0 1420578542643 7.0E7 5
89316412 2 0 1420578542643 7.0E7 6
92733433 2 0 1420578542643 7.0E7 7
50225386 1 24 1420578542643 2.6666668E7 8
16045956 1 23 1420578542643 2.5555558E7 9
12273252 1 19 1420578542643 2.1111112E7 10
278093318 2 14 1420578602643 8.5555552E7 1
14845376 2 0 1420578602643 7.0E7 2
23354464 2 0 1420578602643 7.0E7 3
92791146 2 0 1420578602643 7.0E7 4
89316412 2 0 1420578602643 7.0E7 5
195897346 2 0 1420578602643 7.0E7 6
50225386 1 24 1420578602643 2.6666668E7 7
16045956 1 23 1420578602643 2.5555558E7 8
12273252 1 19 1420578602643 2.1111112E7 9
140080129 1 16 1420578602643 1.7777778E7 10
16045956 2 23 1420578662643 9.5555552E7 1
7867072 2 23 1420578662643 9.5555552E7 2
22948692 2 15 1420578662643 8.6666664E7 3
278093318 2 14 1420578662643 8.5555552E7 4
14192680 2 0 1420578662643 7.0E7 5
14845376 2 0 1420578662643 7.0E7 6
23354464 2 0 1420578662643 7.0E7 7
73417273 2 0 1420578662643 7.0E7 8
195897346 2 0 1420578662643 7.0E7 9
14787749 1 20 1420578662643 2.2222222E7 10
7867072 2 23 1420578722643 9.5555552E7 1
278093318 2 14 1420578722643 8.5555552E7 2
14845376 2 0 1420578722643 7.0E7 3
23354464 2 0 1420578722643 7.0E7 4
44426926 1 24 1420578722643 2.6666668E7 5
16045956 1 23 1420578722643 2.5555558E7 6
14787749 1 20 1420578722643 2.2222222E7 7
12273252 1 19 1420578722643 2.1111112E7 8
1381345892 1 18 1420578722643 2.0000002E7 9
1886740873 1 16 1420578722643 1.7777778E7 10
278093318 2 14 1420578782643 8.5555552E7 1
567341777 2 0 1420578782643 7.0E7 2
14845376 2 0 1420578782643 7.0E7 3
467431144 2 0 1420578782643 7.0E7 4
23354464 2 0 1420578782643 7.0E7 5
44426926 1 24 1420578782643 2.6666668E7 6
7867072 1 23 1420578782643 2.5555558E7 7
27091328 1 23 1420578782643 2.5555558E7 8
1381345892 1 18 1420578782643 2.0000002E7 9
24206345 1 18 1420578782643 2.0000002E7 10
14845376 2 0 1420578842643 7.0E7 1
23354464 2 0 1420578842643 7.0E7 2
22192440 2 0 1420578842643 7.0E7 3
27091328 1 23 1420578842643 2.5555558E7 4
140080129 1 16 1420578842643 1.7777778E7 5
12413892 1 16 1420578842643 1.7777778E7 6
17472921 1 14 1420578842643 1.5555556E7 7
278093318 1 14 1420578842643 1.5555556E7 8
25368027 1 10 1420578842643 1.1111111E7 9
15920875 1 9 1420578842643 1.0000001E7 10
140080129 2 16 1420578902643 8.7777776E7 1
14845376 2 0 1420578902643 7.0E7 2
44426926 1 24 1420578902643 2.6666668E7 3
7867072 1 23 1420578902643 2.5555558E7 4
12273252 1 19 1420578902643 2.1111112E7 5
251369428 1 18 1420578902643 2.0000002E7 6
27103822 1 16 1420578902643 1.7777778E7 7
12413892 1 16 1420578902643 1.7777778E7 8
16220541 1 10 1420578902643 1.1111111E7 9
15920875 1 9 1420578902643 1.0000001E7 10
12273252 2 19 1420578962643 9.1111112E7 1
140080129 2 16 1420578962643 8.7777776E7 2
14845376 2 0 1420578962643 7.0E7 3
23354464 2 0 1420578962643 7.0E7 4
15856366 2 0 1420578962643 7.0E7 5
44426926 1 24 1420578962643 2.6666668E7 6
16045956 1 23 1420578962643 2.5555558E7 7
7867072 1 23 1420578962643 2.5555558E7 8
27091328 1 23 1420578962643 2.5555558E7 9
180026716 1 22 1420578962643 2.4444444E7 10
23354464 2 0 1420579022643 7.0E7 1
160890393 2 0 1420579022643 7.0E7 2
195897346 2 0 1420579022643 7.0E7 3
818340 1 24 1420579022643 2.6666668E7 4
27091328 1 23 1420579022643 2.5555558E7 5
180026716 1 22 1420579022643 2.4444444E7 6
12273252 1 19 1420579022643 2.1111112E7 7
140080129 1 16 1420579022643 1.7777778E7 8
12413892 1 16 1420579022643 1.7777778E7 9
278093318 1 14 1420579022643 1.5555556E7 10
27091328 2 23 1420579082643 9.5555552E7 1
14845376 2 0 1420579082643 7.0E7 2
23354464 2 0 1420579082643 7.0E7 3
384940104 2 0 1420579082643 7.0E7 4
160890393 2 0 1420579082643 7.0E7 5
818340 1 24 1420579082643 2.6666668E7 6
44426926 1 24 1420579082643 2.6666668E7 7
140080129 1 16 1420579082643 1.7777778E7 8
22948692 1 15 1420579082643 1.6666669E7 9
278093318 1 14 1420579082643 1.5555556E7 10
140080129 2 16 1420579142643 8.7777776E7 1
14192680 2 0 1420579142643 7.0E7 2
824157 2 0 1420579142643 7.0E7 3
23354464 2 0 1420579142643 7.0E7 4
373316165 1 24 1420579142643 2.6666668E7 5
44426926 1 24 1420579142643 2.6666668E7 6
16045956 1 23 1420579142643 2.5555558E7 7
61292961 1 23 1420579142643 2.5555558E7 8
27091328 1 23 1420579142643 2.5555558E7 9
12413892 1 16 1420579142643 1.7777778E7 10
50023090 2 5 1420579202643 7.555556E7 1
14192680 2 0 1420579202643 7.0E7 2
73417273 2 0 1420579202643 7.0E7 3
15856366 2 0 1420579202643 7.0E7 4
92733433 2 0 1420579202643 7.0E7 5
373316165 1 24 1420579202643 2.6666668E7 6
16045956 1 23 1420579202643 2.5555558E7 7
61292961 1 23 1420579202643 2.5555558E7 8
7867072 1 23 1420579202643 2.5555558E7 9
27091328 1 23 1420579202643 2.5555558E7 10
7867072 2 23 1420579262643 9.5555552E7 1
12413892 2 16 1420579262643 8.7777776E7 2
278093318 2 14 1420579262643 8.5555552E7 3
14192680 2 0 1420579262643 7.0E7 4
14845376 2 0 1420579262643 7.0E7 5
384479689 2 0 1420579262643 7.0E7 6
41644754 2 0 1420579262643 7.0E7 7
92733433 2 0 1420579262643 7.0E7 8
89787221 2 0 1420579262643 7.0E7 9
27091328 1 23 1420579262643 2.5555558E7 10
1381345892 2 18 1420579322643 9.0E7 1
140080129 2 16 1420579322643 8.7777776E7 2
278093318 2 14 1420579322643 8.5555552E7 3
1364403168 2 9 1420579322643 8.0E7 4
14845376 2 0 1420579322643 7.0E7 5
23354464 2 0 1420579322643 7.0E7 6
4282171 2 0 1420579322643 7.0E7 7
89787221 2 0 1420579322643 7.0E7 8
7867072 1 23 1420579322643 2.5555558E7 9
27091328 1 23 1420579322643 2.5555558E7 10
140080129 2 16 1420579382643 8.7777776E7 1
14845376 2 0 1420579382643 7.0E7 2
23354464 2 0 1420579382643 7.0E7 3
89787221 2 0 1420579382643 7.0E7 4
7867072 1 23 1420579382643 2.5555558E7 5
149157068 1 22 1420579382643 2.4444444E7 6
1381345892 1 18 1420579382643 2.0000002E7 7
251369428 1 18 1420579382643 2.0000002E7 8
19034656 1 17 1420579382643 1.888889E7 9
17472921 1 14 1420579382643 1.5555556E7 10
7867072 2 23 1420579442643 9.5555552E7 1
278093318 2 14 1420579442643 8.5555552E7 2
14192680 2 0 1420579442643 7.0E7 3
14845376 2 0 1420579442643 7.0E7 4
10069612 2 0 1420579442643 7.0E7 5
89787221 2 0 1420579442643 7.0E7 6
40996128 1 22 1420579442643 2.4444444E7 7
12273252 1 19 1420579442643 2.1111112E7 8
1381345892 1 18 1420579442643 2.0000002E7 9
19034656 1 17 1420579442643 1.888889E7 10
7867072 2 23 1420579502643 9.5555552E7 1
12273252 2 19 1420579502643 9.1111112E7 2
278093318 2 14 1420579502643 8.5555552E7 3
14192680 2 0 1420579502643 7.0E7 4
174890917 2 0 1420579502643 7.0E7 5
309220197 2 0 1420579502643 7.0E7 6
89787221 2 0 1420579502643 7.0E7 7
8861752 2 0 1420579502643 7.0E7 8
1381345892 1 18 1420579502643 2.0000002E7 9
12413892 1 16 1420579502643 1.7777778E7 10
7867072 2 23 1420579562643 9.5555552E7 1
12273252 2 19 1420579562643 9.1111112E7 2
278093318 2 14 1420579562643 8.5555552E7 3
325220198 2 7 1420579562643 7.7777776E7 4
14845376 2 0 1420579562643 7.0E7 5
174890917 2 0 1420579562643 7.0E7 6
309220197 2 0 1420579562643 7.0E7 7
89787221 2 0 1420579562643 7.0E7 8
238115057 1 23 1420579562643 2.5555558E7 9
36573752 1 20 1420579562643 2.2222222E7 10
12273252 2 19 1420579622643 9.1111112E7 1
278093318 2 14 1420579622643 8.5555552E7 2
23742474 2 0 1420579622643 7.0E7 3
34541677 2 0 1420579622643 7.0E7 4
23354464 2 0 1420579622643 7.0E7 5
174890917 2 0 1420579622643 7.0E7 6
1618007706 2 0 1420579622643 7.0E7 7
57333521 2 0 1420579622643 7.0E7 8
349227445 1 24 1420579622643 2.6666668E7 9
44426926 1 24 1420579622643 2.6666668E7 10
7867072 2 23 1420579682643 9.5555552E7 1
140080129 2 16 1420579682643 8.7777776E7 2
34541677 2 0 1420579682643 7.0E7 3
23354464 2 0 1420579682643 7.0E7 4
17070252 2 0 1420579682643 7.0E7 5
174890917 2 0 1420579682643 7.0E7 6
8861752 2 0 1420579682643 7.0E7 7
16045956 1 23 1420579682643 2.5555558E7 8
27091328 1 23 1420579682643 2.5555558E7 9
16253142 1 22 1420579682643 2.4444444E7 10
27091328 2 23 1420579742643 9.5555552E7 1
14845376 2 0 1420579742643 7.0E7 2
23354464 2 0 1420579742643 7.0E7 3
4282171 2 0 1420579742643 7.0E7 4
8861752 2 0 1420579742643 7.0E7 5
89787221 2 0 1420579742643 7.0E7 6
16045956 1 23 1420579742643 2.5555558E7 7
7867072 1 23 1420579742643 2.5555558E7 8
18725415 1 23 1420579742643 2.5555558E7 9
36573752 1 20 1420579742643 2.2222222E7 10
27091328 2 23 1420579802643 9.5555552E7 1
36573752 2 20 1420579802643 9.2222216E7 2
1381345892 2 18 1420579802643 9.0E7 3
27103822 2 16 1420579802643 8.7777776E7 4
278093318 2 14 1420579802643 8.5555552E7 5
24773493 2 7 1420579802643 7.7777776E7 6
14845376 2 0 1420579802643 7.0E7 7
384479689 2 0 1420579802643 7.0E7 8
23354464 2 0 1420579802643 7.0E7 9
8861752 2 0 1420579802643 7.0E7 10
1381345892 2 18 1420579862643 9.0E7 1
278093318 2 14 1420579862643 8.5555552E7 2
14192680 2 0 1420579862643 7.0E7 3
14845376 2 0 1420579862643 7.0E7 4
384479689 2 0 1420579862643 7.0E7 5
186222238 2 0 1420579862643 7.0E7 6
174890917 2 0 1420579862643 7.0E7 7
8861752 2 0 1420579862643 7.0E7 8
349227445 1 24 1420579862643 2.6666668E7 9
16045956 1 23 1420579862643 2.5555558E7 10
16045956 2 23 1420579922643 9.5555552E7 1
1381345892 2 18 1420579922643 9.0E7 2
1581203119 2 0 1420579922643 7.0E7 3
14845376 2 0 1420579922643 7.0E7 4
186222238 2 0 1420579922643 7.0E7 5
349227445 1 24 1420579922643 2.6666668E7 6
172496840 1 23 1420579922643 2.5555558E7 7
7867072 1 23 1420579922643 2.5555558E7 8
1566741842 1 20 1420579922643 2.2222222E7 9
36440780 1 16 1420579922643 1.7777778E7 10
16045956 2 23 1420579982643 9.5555552E7 1
7867072 2 23 1420579982643 9.5555552E7 2
1381345892 2 18 1420579982643 9.0E7 3
278093318 2 14 1420579982643 8.5555552E7 4
14192680 2 0 1420579982643 7.0E7 5
14845376 2 0 1420579982643 7.0E7 6
10069612 2 0 1420579982643 7.0E7 7
186222238 2 0 1420579982643 7.0E7 8
1618007706 2 0 1420579982643 7.0E7 9
140080129 1 16 1420579982643 1.7777778E7 10
12273252 2 19 1420580042643 9.1111112E7 1
12413892 2 16 1420580042643 8.7777776E7 2
384479689 2 0 1420580042643 7.0E7 3
186222238 2 0 1420580042643 7.0E7 4
1618007706 2 0 1420580042643 7.0E7 5
309220197 2 0 1420580042643 7.0E7 6
16045956 1 23 1420580042643 2.5555558E7 7
7867072 1 23 1420580042643 2.5555558E7 8
16253142 1 22 1420580042643 2.4444444E7 9
24206345 1 18 1420580042643 2.0000002E7 10
12413892 2 16 1420580102643 8.7777776E7 1
14192680 2 0 1420580102643 7.0E7 2
824157 2 0 1420580102643 7.0E7 3
1618007706 2 0 1420580102643 7.0E7 4
8861752 2 0 1420580102643 7.0E7 5
16045956 1 23 1420580102643 2.5555558E7 6
27091328 1 23 1420580102643 2.5555558E7 7
16253142 1 22 1420580102643 2.4444444E7 8
12273252 1 19 1420580102643 2.1111112E7 9
1381345892 1 18 1420580102643 2.0000002E7 10
16262688 2 10 1420580162643 8.1111112E7 1
824157 2 0 1420580162643 7.0E7 2
14845376 2 0 1420580162643 7.0E7 3
23354464 2 0 1420580162643 7.0E7 4
17348724 2 0 1420580162643 7.0E7 5
8861752 2 0 1420580162643 7.0E7 6
16045956 1 23 1420580162643 2.5555558E7 7
7867072 1 23 1420580162643 2.5555558E7 8
45710831 1 18 1420580162643 2.0000002E7 9
19034656 1 17 1420580162643 1.888889E7 10
45710831 2 18 1420580222643 9.0E7 1
16262688 2 10 1420580222643 8.1111112E7 2
14845376 2 0 1420580222643 7.0E7 3
384479689 2 0 1420580222643 7.0E7 4
20745130 2 0 1420580222643 7.0E7 5
17348724 2 0 1420580222643 7.0E7 6
92733433 2 0 1420580222643 7.0E7 7
7867072 1 23 1420580222643 2.5555558E7 8
27091328 1 23 1420580222643 2.5555558E7 9
278093318 1 14 1420580222643 1.5555556E7 10
278093318 2 14 1420580282643 8.5555552E7 1
92733433 2 0 1420580282643 7.0E7 2
7867072 1 23 1420580282643 2.5555558E7 3
27091328 1 23 1420580282643 2.5555558E7 4
1381345892 1 18 1420580282643 2.0000002E7 5
45710831 1 18 1420580282643 2.0000002E7 6
12413892 1 16 1420580282643 1.7777778E7 7
16262688 1 10 1420580282643 1.1111111E7 8
24773493 1 7 1420580282643 7777778.0 9
15520253 1 6 1420580282643 6666667.0 10
7867072 2 23 1420580342643 9.5555552E7 1
27091328 2 23 1420580342643 9.5555552E7 2
45710831 2 18 1420580342643 9.0E7 3
278093318 2 14 1420580342643 8.5555552E7 4
10005212 2 0 1420580342643 7.0E7 5
69020299 2 0 1420580342643 7.0E7 6
174890917 2 0 1420580342643 7.0E7 7
44426926 1 24 1420580342643 2.6666668E7 8
1381345892 1 18 1420580342643 2.0000002E7 9
140080129 1 16 1420580342643 1.7777778E7 10
7867072 2 23 1420580402643 9.5555552E7 1
278093318 2 14 1420580402643 8.5555552E7 2
174890917 2 0 1420580402643 7.0E7 3
89787221 2 0 1420580402643 7.0E7 4
44426926 1 24 1420580402643 2.6666668E7 5
27091328 1 23 1420580402643 2.5555558E7 6
16253142 1 22 1420580402643 2.4444444E7 7
1381345892 1 18 1420580402643 2.0000002E7 8
45710831 1 18 1420580402643 2.0000002E7 9
61733092 1 17 1420580402643 1.888889E7 10
7867072 2 23 1420580462643 9.5555552E7 1
1381345892 2 18 1420580462643 9.0E7 2
45710831 2 18 1420580462643 9.0E7 3
22948692 2 15 1420580462643 8.6666664E7 4
278093318 2 14 1420580462643 8.5555552E7 5
25368027 2 10 1420580462643 8.1111112E7 6
34541677 2 0 1420580462643 7.0E7 7
14845376 2 0 1420580462643 7.0E7 8
174890917 2 0 1420580462643 7.0E7 9
27091328 1 23 1420580462643 2.5555558E7 10
1381345892 2 18 1420580522643 9.0E7 1
45710831 2 18 1420580522643 9.0E7 2
140080129 2 16 1420580522643 8.7777776E7 3
278093318 2 14 1420580522643 8.5555552E7 4
14845376 2 0 1420580522643 7.0E7 5
7867072 1 23 1420580522643 2.5555558E7 6
12273252 1 19 1420580522643 2.1111112E7 7
22948692 1 15 1420580522643 1.6666669E7 8
23973187 1 15 1420580522643 1.6666669E7 9
25368027 1 10 1420580522643 1.1111111E7 10
1381345892 2 18 1420580582643 9.0E7 1
45710831 2 18 1420580582643 9.0E7 2
140080129 2 16 1420580582643 8.7777776E7 3
278093318 2 14 1420580582643 8.5555552E7 4
14845376 2 0 1420580582643 7.0E7 5
15601977 2 0 1420580582643 7.0E7 6
21842357 2 0 1420580582643 7.0E7 7
1454742764 2 0 1420580582643 7.0E7 8
387220815 2 0 1420580582643 7.0E7 9
195897346 2 0 1420580582643 7.0E7 10
1381345892 2 18 1420580642643 9.0E7 1
45710831 2 18 1420580642643 9.0E7 2
140080129 2 16 1420580642643 8.7777776E7 3
278093318 2 14 1420580642643 8.5555552E7 4
15520253 2 6 1420580642643 7.6666664E7 5
14845376 2 0 1420580642643 7.0E7 6
387220815 2 0 1420580642643 7.0E7 7
195897346 2 0 1420580642643 7.0E7 8
16045956 1 23 1420580642643 2.5555558E7 9
12273252 1 19 1420580642643 2.1111112E7 10
45710831 2 18 1420580702643 9.0E7 1
278093318 2 14 1420580702643 8.5555552E7 2
14845376 2 0 1420580702643 7.0E7 3
57333521 2 0 1420580702643 7.0E7 4
7867072 1 23 1420580702643 2.5555558E7 5
14787749 1 20 1420580702643 2.2222222E7 6
12273252 1 19 1420580702643 2.1111112E7 7
1381345892 1 18 1420580702643 2.0000002E7 8
811303 1 18 1420580702643 2.0000002E7 9
140080129 1 16 1420580702643 1.7777778E7 10
45710831 2 18 1420580762643 9.0E7 1
140080129 2 16 1420580762643 8.7777776E7 2
278093318 2 14 1420580762643 8.5555552E7 3
14845376 2 0 1420580762643 7.0E7 4
23354464 2 0 1420580762643 7.0E7 5
4282171 2 0 1420580762643 7.0E7 6
7867072 1 23 1420580762643 2.5555558E7 7
14787749 1 20 1420580762643 2.2222222E7 8
1381345892 1 18 1420580762643 2.0000002E7 9
811303 1 18 1420580762643 2.0000002E7 10
140080129 2 16 1420580822643 8.7777776E7 1
14845376 2 0 1420580822643 7.0E7 2
21842357 2 0 1420580822643 7.0E7 3
57333521 2 0 1420580822643 7.0E7 4
18725415 1 23 1420580822643 2.5555558E7 5
12273252 1 19 1420580822643 2.1111112E7 6
45710831 1 18 1420580822643 2.0000002E7 7
278093318 1 14 1420580822643 1.5555556E7 8
74578857 1 12 1420580822643 1.3333334E7 9
15920875 1 9 1420580822643 1.0000001E7 10
12273252 2 19 1420580882643 9.1111112E7 1
14845376 2 0 1420580882643 7.0E7 2
21842357 2 0 1420580882643 7.0E7 3
57333521 2 0 1420580882643 7.0E7 4
44426926 1 24 1420580882643 2.6666668E7 5
61292961 1 23 1420580882643 2.5555558E7 6
18725415 1 23 1420580882643 2.5555558E7 7
27091328 1 23 1420580882643 2.5555558E7 8
45710831 1 18 1420580882643 2.0000002E7 9
12413892 1 16 1420580882643 1.7777778E7 10
45710831 2 18 1420580942643 9.0E7 1
278093318 2 14 1420580942643 8.5555552E7 2
14845376 2 0 1420580942643 7.0E7 3
44426926 1 24 1420580942643 2.6666668E7 4
7867072 1 23 1420580942643 2.5555558E7 5
12273252 1 19 1420580942643 2.1111112E7 6
36440780 1 16 1420580942643 1.7777778E7 7
27103822 1 16 1420580942643 1.7777778E7 8
12413892 1 16 1420580942643 1.7777778E7 9
23973187 1 15 1420580942643 1.6666669E7 10
12273252 2 19 1420581002643 9.1111112E7 1
45710831 2 18 1420581002643 9.0E7 2
14845376 2 0 1420581002643 7.0E7 3
202777395 2 0 1420581002643 7.0E7 4
19934731 2 0 1420581002643 7.0E7 5
8861752 2 0 1420581002643 7.0E7 6
27103822 1 16 1420581002643 1.7777778E7 7
23973187 1 15 1420581002643 1.6666669E7 8
278093318 1 14 1420581002643 1.5555556E7 9
16262688 1 10 1420581002643 1.1111111E7 10
45710831 2 18 1420581062643 9.0E7 1
140080129 2 16 1420581062643 8.7777776E7 2
34541677 2 0 1420581062643 7.0E7 3
14845376 2 0 1420581062643 7.0E7 4
57333521 2 0 1420581062643 7.0E7 5
19934731 2 0 1420581062643 7.0E7 6
7867072 1 23 1420581062643 2.5555558E7 7
12273252 1 19 1420581062643 2.1111112E7 8
22948692 1 15 1420581062643 1.6666669E7 9
278093318 1 14 1420581062643 1.5555556E7 10
45710831 2 18 1420581122643 9.0E7 1
140080129 2 16 1420581122643 8.7777776E7 2
14845376 2 0 1420581122643 7.0E7 3
7867072 1 23 1420581122643 2.5555558E7 4
12273252 1 19 1420581122643 2.1111112E7 5
278093318 1 14 1420581122643 1.5555556E7 6
15111389 1 12 1420581122643 1.3333334E7 7
25368027 1 10 1420581122643 1.1111111E7 8
21842357 1 0 1420581122643 0.0 9
1618007706 1 0 1420581122643 0.0 10
140080129 2 16 1420581182643 8.7777776E7 1
14845376 2 0 1420581182643 7.0E7 2
44426926 1 24 1420581182643 2.6666668E7 3
61292961 1 23 1420581182643 2.5555558E7 4
11178672 1 23 1420581182643 2.5555558E7 5
12273252 1 19 1420581182643 2.1111112E7 6
45710831 1 18 1420581182643 2.0000002E7 7
17698956 1 14 1420581182643 1.5555556E7 8
278093318 1 14 1420581182643 1.5555556E7 9
34409159 1 14 1420581182643 1.5555556E7 10
140080129 2 16 1420581242643 8.7777776E7 1
14845376 2 0 1420581242643 7.0E7 2
188077169 2 0 1420581242643 7.0E7 3
57333521 2 0 1420581242643 7.0E7 4
92791146 2 0 1420581242643 7.0E7 5
89316412 2 0 1420581242643 7.0E7 6
61292961 1 23 1420581242643 2.5555558E7 7
7867072 1 23 1420581242643 2.5555558E7 8
27103822 1 16 1420581242643 1.7777778E7 9
34409159 1 14 1420581242643 1.5555556E7 10
140080129 2 16 1420581302643 8.7777776E7 1
14845376 2 0 1420581302643 7.0E7 2
57333521 2 0 1420581302643 7.0E7 3
114872969 1 20 1420581302643 2.2222222E7 4
45710831 1 18 1420581302643 2.0000002E7 5
27103822 1 16 1420581302643 1.7777778E7 6
23973187 1 15 1420581302643 1.6666669E7 7
25368027 1 10 1420581302643 1.1111111E7 8
18971670 1 0 1420581302643 0.0 9
15856366 1 0 1420581302643 0.0 10
12273252 2 19 1420581362643 9.1111112E7 1
45710831 2 18 1420581362643 9.0E7 2
140080129 2 16 1420581362643 8.7777776E7 3
14192680 2 0 1420581362643 7.0E7 4
14845376 2 0 1420581362643 7.0E7 5
46213956 2 0 1420581362643 7.0E7 6
57333521 2 0 1420581362643 7.0E7 7
18725415 1 23 1420581362643 2.5555558E7 8
114872969 1 20 1420581362643 2.2222222E7 9
278093318 1 14 1420581362643 1.5555556E7 10
45710831 2 18 1420581422643 9.0E7 1
14192680 2 0 1420581422643 7.0E7 2
14845376 2 0 1420581422643 7.0E7 3
114872969 1 20 1420581422643 2.2222222E7 4
12273252 1 19 1420581422643 2.1111112E7 5
1381345892 1 18 1420581422643 2.0000002E7 6
140080129 1 16 1420581422643 1.7777778E7 7
26207922 1 15 1420581422643 1.6666669E7 8
512403075 1 9 1420581422643 1.0000001E7 9
24773493 1 7 1420581422643 7777778.0 10
45710831 2 18 1420581482643 9.0E7 1
140080129 2 16 1420581482643 8.7777776E7 2
14192680 2 0 1420581482643 7.0E7 3
14845376 2 0 1420581482643 7.0E7 4
259637983 2 0 1420581482643 7.0E7 5
21842357 2 0 1420581482643 7.0E7 6
17166894 2 0 1420581482643 7.0E7 7
818340 1 24 1420581482643 2.6666668E7 8
44426926 1 24 1420581482643 2.6666668E7 9
27091328 1 23 1420581482643 2.5555558E7 10
140080129 2 16 1420581542643 8.7777776E7 1
14845376 2 0 1420581542643 7.0E7 2
21842357 2 0 1420581542643 7.0E7 3
1454742764 2 0 1420581542643 7.0E7 4
57333521 2 0 1420581542643 7.0E7 5
818340 1 24 1420581542643 2.6666668E7 6
44426926 1 24 1420581542643 2.6666668E7 7
7867072 1 23 1420581542643 2.5555558E7 8
18725415 1 23 1420581542643 2.5555558E7 9
27091328 1 23 1420581542643 2.5555558E7 10
140080129 2 16 1420581602643 8.7777776E7 1
14192680 2 0 1420581602643 7.0E7 2
14845376 2 0 1420581602643 7.0E7 3
21842357 2 0 1420581602643 7.0E7 4
57333521 2 0 1420581602643 7.0E7 5
89787221 2 0 1420581602643 7.0E7 6
107024149 1 24 1420581602643 2.6666668E7 7
7867072 1 23 1420581602643 2.5555558E7 8
18725415 1 23 1420581602643 2.5555558E7 9
1381345892 1 18 1420581602643 2.0000002E7 10
1381345892 2 18 1420581662643 9.0E7 1
278093318 2 14 1420581662643 8.5555552E7 2
34541677 2 0 1420581662643 7.0E7 3
14845376 2 0 1420581662643 7.0E7 4
384479689 2 0 1420581662643 7.0E7 5
17070252 2 0 1420581662643 7.0E7 6
57333521 2 0 1420581662643 7.0E7 7
17166894 2 0 1420581662643 7.0E7 8
107024149 1 24 1420581662643 2.6666668E7 9
16045956 1 23 1420581662643 2.5555558E7 10
1381345892 2 18 1420581722643 9.0E7 1
140140890 2 0 1420581722643 7.0E7 2
14845376 2 0 1420581722643 7.0E7 3
23354464 2 0 1420581722643 7.0E7 4
57333521 2 0 1420581722643 7.0E7 5
15646547 2 0 1420581722643 7.0E7 6
15445129 1 19 1420581722643 2.1111112E7 7
45710831 1 18 1420581722643 2.0000002E7 8
19034656 1 17 1420581722643 1.888889E7 9
289794552 1 17 1420581722643 1.888889E7 10
7867072 2 23 1420581782643 9.5555552E7 1
1381345892 2 18 1420581782643 9.0E7 2
12413892 2 16 1420581782643 8.7777776E7 3
15111389 2 12 1420581782643 8.3333328E7 4
24773493 2 7 1420581782643 7.7777776E7 5
23354464 2 0 1420581782643 7.0E7 6
14787749 1 20 1420581782643 2.2222222E7 7
15445129 1 19 1420581782643 2.1111112E7 8
45710831 1 18 1420581782643 2.0000002E7 9
19034656 1 17 1420581782643 1.888889E7 10
1381345892 2 18 1420581842643 9.0E7 1
12413892 2 16 1420581842643 8.7777776E7 2
15111389 2 12 1420581842643 8.3333328E7 3
24773493 2 7 1420581842643 7.7777776E7 4
7867072 1 23 1420581842643 2.5555558E7 5
14787749 1 20 1420581842643 2.2222222E7 6
45710831 1 18 1420581842643 2.0000002E7 7
19034656 1 17 1420581842643 1.888889E7 8
27103822 1 16 1420581842643 1.7777778E7 9
278093318 1 14 1420581842643 1.5555556E7 10
7867072 2 23 1420581902643 9.5555552E7 1
14787749 2 20 1420581902643 9.2222216E7 2
1381345892 2 18 1420581902643 9.0E7 3
23742474 2 0 1420581902643 7.0E7 4
10069612 2 0 1420581902643 7.0E7 5
107024149 1 24 1420581902643 2.6666668E7 6
44426926 1 24 1420581902643 2.6666668E7 7
45710831 1 18 1420581902643 2.0000002E7 8
36440780 1 16 1420581902643 1.7777778E7 9
12413892 1 16 1420581902643 1.7777778E7 10
7867072 2 23 1420581962643 9.5555552E7 1
14787749 2 20 1420581962643 9.2222216E7 2
1381345892 2 18 1420581962643 9.0E7 3
14845376 2 0 1420581962643 7.0E7 4
44426926 1 24 1420581962643 2.6666668E7 5
45710831 1 18 1420581962643 2.0000002E7 6
140080129 1 16 1420581962643 1.7777778E7 7
12413892 1 16 1420581962643 1.7777778E7 8
24773493 1 7 1420581962643 7777778.0 9
17810599 1 0 1420581962643 0.0 10
7867072 2 23 1420582022643 9.5555552E7 1
1381345892 2 18 1420582022643 9.0E7 2
24773493 2 7 1420582022643 7.7777776E7 3
107024149 1 24 1420582022643 2.6666668E7 4
180026716 1 22 1420582022643 2.4444444E7 5
14787749 1 20 1420582022643 2.2222222E7 6
19034656 1 17 1420582022643 1.888889E7 7
61733092 1 17 1420582022643 1.888889E7 8
140080129 1 16 1420582022643 1.7777778E7 9
12413892 1 16 1420582022643 1.7777778E7 10
7867072 2 23 1420582082643 9.5555552E7 1
1381345892 2 18 1420582082643 9.0E7 2
24773493 2 7 1420582082643 7.7777776E7 3
8312862 2 6 1420582082643 7.6666664E7 4
57333521 2 0 1420582082643 7.0E7 5
89787221 2 0 1420582082643 7.0E7 6
14787749 1 20 1420582082643 2.2222222E7 7
45710831 1 18 1420582082643 2.0000002E7 8
19034656 1 17 1420582082643 1.888889E7 9
12413892 1 16 1420582082643 1.7777778E7 10
1381345892 2 18 1420582142643 9.0E7 1
24773493 2 7 1420582142643 7.7777776E7 2
8312862 2 6 1420582142643 7.6666664E7 3
23354464 2 0 1420582142643 7.0E7 4
57333521 2 0 1420582142643 7.0E7 5
7867072 1 23 1420582142643 2.5555558E7 6
180026716 1 22 1420582142643 2.4444444E7 7
14787749 1 20 1420582142643 2.2222222E7 8
45710831 1 18 1420582142643 2.0000002E7 9
278093318 1 14 1420582142643 1.5555556E7 10
180026716 2 22 1420582202643 9.444444E7 1
24773493 2 7 1420582202643 7.7777776E7 2
8312862 2 6 1420582202643 7.6666664E7 3
824157 2 0 1420582202643 7.0E7 4
23354464 2 0 1420582202643 7.0E7 5
92733433 2 0 1420582202643 7.0E7 6
7867072 1 23 1420582202643 2.5555558E7 7
11178672 1 23 1420582202643 2.5555558E7 8
40996128 1 22 1420582202643 2.4444444E7 9
45710831 1 18 1420582202643 2.0000002E7 10
180026716 2 22 1420582262643 9.444444E7 1
824157 2 0 1420582262643 7.0E7 2
1618007706 2 0 1420582262643 7.0E7 3
19934731 2 0 1420582262643 7.0E7 4
92733433 2 0 1420582262643 7.0E7 5
11178672 1 23 1420582262643 2.5555558E7 6
40996128 1 22 1420582262643 2.4444444E7 7
45710831 1 18 1420582262643 2.0000002E7 8
27103822 1 16 1420582262643 1.7777778E7 9
140080129 1 16 1420582262643 1.7777778E7 10
16045956 2 23 1420582322643 9.5555552E7 1
180026716 2 22 1420582322643 9.444444E7 2
1381345892 2 18 1420582322643 9.0E7 3
193232854 2 16 1420582322643 8.7777776E7 4
27103822 2 16 1420582322643 8.7777776E7 5
278093318 2 14 1420582322643 8.5555552E7 6
25368027 2 10 1420582322643 8.1111112E7 7
824157 2 0 1420582322643 7.0E7 8
57333521 2 0 1420582322643 7.0E7 9
15856366 2 0 1420582322643 7.0E7 10
180026716 2 22 1420582382643 9.444444E7 1
17698956 2 14 1420582382643 8.5555552E7 2
278093318 2 14 1420582382643 8.5555552E7 3
34541677 2 0 1420582382643 7.0E7 4
46213956 2 0 1420582382643 7.0E7 5
57333521 2 0 1420582382643 7.0E7 6
15646547 2 0 1420582382643 7.0E7 7
15856366 2 0 1420582382643 7.0E7 8
16045956 1 23 1420582382643 2.5555558E7 9
7867072 1 23 1420582382643 2.5555558E7 10
7867072 2 23 1420582442643 9.5555552E7 1
180026716 2 22 1420582442643 9.444444E7 2
14787749 2 20 1420582442643 9.2222216E7 3
1381345892 2 18 1420582442643 9.0E7 4
17698956 2 14 1420582442643 8.5555552E7 5
278093318 2 14 1420582442643 8.5555552E7 6
34541677 2 0 1420582442643 7.0E7 7
15484266 2 0 1420582442643 7.0E7 8
24849868 2 0 1420582442643 7.0E7 9
19934731 2 0 1420582442643 7.0E7 10
7867072 2 23 1420582502643 9.5555552E7 1
180026716 2 22 1420582502643 9.444444E7 2
17698956 2 14 1420582502643 8.5555552E7 3
34541677 2 0 1420582502643 7.0E7 4
24849868 2 0 1420582502643 7.0E7 5
19934731 2 0 1420582502643 7.0E7 6
57333521 2 0 1420582502643 7.0E7 7
44426926 1 24 1420582502643 2.6666668E7 8
27091328 1 23 1420582502643 2.5555558E7 9
14787749 1 20 1420582502643 2.2222222E7 10
1381345892 2 18 1420582562643 9.0E7 1
25368027 2 10 1420582562643 8.1111112E7 2
34541677 2 0 1420582562643 7.0E7 3
15484266 2 0 1420582562643 7.0E7 4
44426926 1 24 1420582562643 2.6666668E7 5
16045956 1 23 1420582562643 2.5555558E7 6
7867072 1 23 1420582562643 2.5555558E7 7
180026716 1 22 1420582562643 2.4444444E7 8
14787749 1 20 1420582562643 2.2222222E7 9
55252152 1 19 1420582562643 2.1111112E7 10
193232854 2 16 1420582622643 8.7777776E7 1
27103822 2 16 1420582622643 8.7777776E7 2
34541677 2 0 1420582622643 7.0E7 3
186222238 2 0 1420582622643 7.0E7 4
44426926 1 24 1420582622643 2.6666668E7 5
16045956 1 23 1420582622643 2.5555558E7 6
180026716 1 22 1420582622643 2.4444444E7 7
14787749 1 20 1420582622643 2.2222222E7 8
15445129 1 19 1420582622643 2.1111112E7 9
12273252 1 19 1420582622643 2.1111112E7 10
180026716 2 22 1420582682643 9.444444E7 1
27103822 2 16 1420582682643 8.7777776E7 2
17698956 2 14 1420582682643 8.5555552E7 3
24773493 2 7 1420582682643 7.7777776E7 4
14845376 2 0 1420582682643 7.0E7 5
34541677 2 0 1420582682643 7.0E7 6
23354464 2 0 1420582682643 7.0E7 7
17604456 2 0 1420582682643 7.0E7 8
384940104 2 0 1420582682643 7.0E7 9
14787749 1 20 1420582682643 2.2222222E7 10
180026716 2 22 1420582742643 9.444444E7 1
1381345892 2 18 1420582742643 9.0E7 2
24206345 2 18 1420582742643 9.0E7 3
17698956 2 14 1420582742643 8.5555552E7 4
24773493 2 7 1420582742643 7.7777776E7 5
34541677 2 0 1420582742643 7.0E7 6
107024149 1 24 1420582742643 2.6666668E7 7
166715703 1 19 1420582742643 2.1111112E7 8
12273252 1 19 1420582742643 2.1111112E7 9
45710831 1 18 1420582742643 2.0000002E7 10
1381345892 2 18 1420582802643 9.0E7 1
17698956 2 14 1420582802643 8.5555552E7 2
24773493 2 7 1420582802643 7.7777776E7 3
34541677 2 0 1420582802643 7.0E7 4
14845376 2 0 1420582802643 7.0E7 5
152341106 2 0 1420582802643 7.0E7 6
16045956 1 23 1420582802643 2.5555558E7 7
180026716 1 22 1420582802643 2.4444444E7 8
12273252 1 19 1420582802643 2.1111112E7 9
24206345 1 18 1420582802643 2.0000002E7 10
180026716 2 22 1420582862643 9.444444E7 1
1381345892 2 18 1420582862643 9.0E7 2
24773493 2 7 1420582862643 7.7777776E7 3
34541677 2 0 1420582862643 7.0E7 4
14845376 2 0 1420582862643 7.0E7 5
373316165 1 24 1420582862643 2.6666668E7 6
16045956 1 23 1420582862643 2.5555558E7 7
34454970 1 19 1420582862643 2.1111112E7 8
45710831 1 18 1420582862643 2.0000002E7 9
193232854 1 16 1420582862643 1.7777778E7 10
14845376 2 0 1420582922643 7.0E7 1
34541677 2 0 1420582922643 7.0E7 2
384479689 2 0 1420582922643 7.0E7 3
152341106 2 0 1420582922643 7.0E7 4
259637983 2 0 1420582922643 7.0E7 5
96184837 2 0 1420582922643 7.0E7 6
349227445 1 24 1420582922643 2.6666668E7 7
373316165 1 24 1420582922643 2.6666668E7 8
44426926 1 24 1420582922643 2.6666668E7 9
180026716 1 22 1420582922643 2.4444444E7 10
180026716 2 22 1420582982643 9.444444E7 1
17698956 2 14 1420582982643 8.5555552E7 2
24773493 2 7 1420582982643 7.7777776E7 3
14192680 2 0 1420582982643 7.0E7 4
96184837 2 0 1420582982643 7.0E7 5
349227445 1 24 1420582982643 2.6666668E7 6
44426926 1 24 1420582982643 2.6666668E7 7
114872969 1 20 1420582982643 2.2222222E7 8
45710831 1 18 1420582982643 2.0000002E7 9
620340592 1 14 1420582982643 1.5555556E7 10
180026716 2 22 1420583042643 9.444444E7 1
12273252 2 19 1420583042643 9.1111112E7 2
1381345892 2 18 1420583042643 9.0E7 3
14192680 2 0 1420583042643 7.0E7 4
96184837 2 0 1420583042643 7.0E7 5
27091328 1 23 1420583042643 2.5555558E7 6
114872969 1 20 1420583042643 2.2222222E7 7
45710831 1 18 1420583042643 2.0000002E7 8
61733092 1 17 1420583042643 1.888889E7 9
140080129 1 16 1420583042643 1.7777778E7 10
180026716 2 22 1420583102643 9.444444E7 1
12273252 2 19 1420583102643 9.1111112E7 2
1381345892 2 18 1420583102643 9.0E7 3
14192680 2 0 1420583102643 7.0E7 4
824157 2 0 1420583102643 7.0E7 5
96184837 2 0 1420583102643 7.0E7 6
11178672 1 23 1420583102643 2.5555558E7 7
27091328 1 23 1420583102643 2.5555558E7 8
811303 1 18 1420583102643 2.0000002E7 9
61733092 1 17 1420583102643 1.888889E7 10
1381345892 2 18 1420583162643 9.0E7 1
811303 2 18 1420583162643 9.0E7 2
17698956 2 14 1420583162643 8.5555552E7 3
384479689 2 0 1420583162643 7.0E7 4
171716921 2 0 1420583162643 7.0E7 5
96184837 2 0 1420583162643 7.0E7 6
7867072 1 23 1420583162643 2.5555558E7 7
11178672 1 23 1420583162643 2.5555558E7 8
180026716 1 22 1420583162643 2.4444444E7 9
12273252 1 19 1420583162643 2.1111112E7 10
55252152 2 19 1420583222643 9.1111112E7 1
1381345892 2 18 1420583222643 9.0E7 2
811303 2 18 1420583222643 9.0E7 3
17698956 2 14 1420583222643 8.5555552E7 4
34541677 2 0 1420583222643 7.0E7 5
96184837 2 0 1420583222643 7.0E7 6
92733433 2 0 1420583222643 7.0E7 7
107024149 1 24 1420583222643 2.6666668E7 8
7867072 1 23 1420583222643 2.5555558E7 9
18725415 1 23 1420583222643 2.5555558E7 10
180026716 2 22 1420583282643 9.444444E7 1
811303 2 18 1420583282643 9.0E7 2
17698956 2 14 1420583282643 8.5555552E7 3
278093318 2 14 1420583282643 8.5555552E7 4
15111389 2 12 1420583282643 8.3333328E7 5
188077169 2 0 1420583282643 7.0E7 6
96184837 2 0 1420583282643 7.0E7 7
107024149 1 24 1420583282643 2.6666668E7 8
44426926 1 24 1420583282643 2.6666668E7 9
16045956 1 23 1420583282643 2.5555558E7 10
180026716 2 22 1420583342643 9.444444E7 1
17698956 2 14 1420583342643 8.5555552E7 2
278093318 2 14 1420583342643 8.5555552E7 3
15111389 2 12 1420583342643 8.3333328E7 4
96184837 2 0 1420583342643 7.0E7 5
525187154 2 0 1420583342643 7.0E7 6
44426926 1 24 1420583342643 2.6666668E7 7
16045956 1 23 1420583342643 2.5555558E7 8
14787749 1 20 1420583342643 2.2222222E7 9
12273252 1 19 1420583342643 2.1111112E7 10
180026716 2 22 1420583402643 9.444444E7 1
14787749 2 20 1420583402643 9.2222216E7 2
1381345892 2 18 1420583402643 9.0E7 3
811303 2 18 1420583402643 9.0E7 4
15111389 2 12 1420583402643 8.3333328E7 5
14192680 2 0 1420583402643 7.0E7 6
14845376 2 0 1420583402643 7.0E7 7
152341106 2 0 1420583402643 7.0E7 8
96184837 2 0 1420583402643 7.0E7 9
525187154 2 0 1420583402643 7.0E7 10
14787749 2 20 1420583462643 9.2222216E7 1
1381345892 2 18 1420583462643 9.0E7 2
811303 2 18 1420583462643 9.0E7 3
278093318 2 14 1420583462643 8.5555552E7 4
14192680 2 0 1420583462643 7.0E7 5
14845376 2 0 1420583462643 7.0E7 6
259637983 2 0 1420583462643 7.0E7 7
15484266 2 0 1420583462643 7.0E7 8
96184837 2 0 1420583462643 7.0E7 9
525187154 2 0 1420583462643 7.0E7 10
