[],1420574922643
[],1420574932643
[],1420574942643
[],1420574952643
[],1420574962643
[],1420574972643
[],1420574982643
[],1420574992643
[],1420575002643
[],1420575012643
[],1420575022643
[],1420575032643
[],1420575042643
[],1420575052643
[],1420575062643
[],1420575072643
[],1420575082643
[],1420575092643
[],1420575102643
[],1420575112643
[],1420575122643
[],1420575132643
[],1420575142643
[],1420575152643
[],1420575162643
[],1420575172643
[],1420575182643
[],1420575192643
[],1420575202643
[],1420575212643
[],1420575222643
[],1420575232643
[],1420575242643
[],1420575252643
[],1420575262643
[],1420575272643
[],1420575282643
[],1420575292643
[],1420575302643
[],1420575312643
[],1420575322643
[],1420575332643
[],1420575342643
[],1420575352643
[],1420575362643
[],1420575372643
[],1420575382643
[],1420575392643
[],1420575402643
[],1420575412643
