estimatedExpired,totalNumberOfCandidates,numberOfExpiredCandidates,numberOfExpiredCandidatesAfterTheMaintenance,numberOfExpiredElementsInTheView,numberOfExpiredElementsInTheViewAfterTheMaintenance 
,21,0.0,0.0,0.0,0.0 
,27,0.0,0.0,0.0,0.0 
,29,3.0,3.0,22.0,22.0 
,35,5.0,3.0,22.0,20.0 
,35,3.0,1.0,20.0,18.0 
,43,6.0,5.0,39.0,38.0 
,35,5.0,2.0,38.0,35.0 
,41,4.0,2.0,35.0,33.0 
,37,5.0,1.0,41.0,37.0 
,38,1.0,1.0,40.0,40.0 
,38,2.0,1.0,40.0,39.0 
,42,1.0,0.0,39.0,38.0 
,43,9.0,5.0,55.0,51.0 
,50,8.0,5.0,51.0,48.0 
,49,5.0,4.0,48.0,47.0 
,51,10.0,8.0,72.0,70.0 
,47,8.0,5.0,70.0,67.0 
,54,6.0,5.0,67.0,66.0 
,52,9.0,5.0,73.0,69.0 
,53,10.0,8.0,79.0,77.0 
,54,8.0,5.0,77.0,74.0 
,56,6.0,4.0,74.0,72.0 
,57,15.0,10.0,90.0,85.0 
,59,10.0,7.0,85.0,82.0 
,55,8.0,5.0,82.0,79.0 
,56,9.0,7.0,91.0,89.0 
,58,7.0,5.0,89.0,87.0 
,62,7.0,4.0,87.0,84.0 
,62,12.0,8.0,98.0,94.0 
,64,9.0,7.0,94.0,92.0 
,61,6.0,5.0,92.0,91.0 
,63,8.0,6.0,96.0,94.0 
,68,15.0,10.0,102.0,97.0 
,69,10.0,8.0,97.0,95.0 
,70,9.0,8.0,95.0,94.0 
,71,17.0,12.0,111.0,106.0 
,69,11.0,9.0,106.0,104.0 
,71,9.0,7.0,104.0,102.0 
,73,14.0,10.0,112.0,108.0 
,76,11.0,7.0,108.0,104.0 
,76,8.0,6.0,104.0,102.0 
,81,10.0,6.0,111.0,107.0 
,80,10.0,9.0,114.0,113.0 
,84,10.0,7.0,113.0,110.0 
,84,7.0,6.0,110.0,109.0 
,84,18.0,15.0,127.0,124.0 
,84,15.0,14.0,124.0,123.0 
,84,14.0,10.0,123.0,119.0 
,83,17.0,14.0,129.0,126.0 
,86,16.0,12.0,126.0,122.0 
,85,12.0,9.0,122.0,119.0 
,86,20.0,18.0,132.0,130.0 
,88,20.0,14.0,131.0,125.0 
,90,14.0,10.0,125.0,121.0 
,93,13.0,9.0,126.0,122.0 
,98,16.0,11.0,126.0,121.0 
,98,12.0,10.0,121.0,119.0 
,102,14.0,8.0,119.0,113.0 
,103,19.0,17.0,127.0,125.0 
,106,18.0,15.0,125.0,122.0 
,107,18.0,14.0,122.0,118.0 
,108,27.0,25.0,131.0,129.0 
,109,26.0,21.0,129.0,124.0 
,110,22.0,21.0,124.0,123.0 
,112,36.0,32.0,142.0,138.0 
,113,32.0,30.0,138.0,136.0 
,112,31.0,23.0,136.0,128.0 
,112,25.0,19.0,132.0,126.0 
,108,21.0,18.0,129.0,126.0 
,108,18.0,16.0,126.0,124.0 
,113,18.0,14.0,124.0,120.0 
,115,25.0,21.0,132.0,128.0 
,114,22.0,16.0,128.0,122.0 
,116,16.0,13.0,122.0,119.0 
,119,23.0,20.0,130.0,127.0 
,121,22.0,16.0,127.0,121.0 
,122,16.0,14.0,121.0,119.0 
,124,21.0,20.0,127.0,126.0 
,126,20.0,19.0,126.0,125.0 
,127,19.0,17.0,125.0,123.0 
,128,21.0,19.0,129.0,127.0 
,129,25.0,21.0,134.0,130.0 
,124,21.0,19.0,130.0,128.0 
,124,19.0,17.0,128.0,126.0 
,125,28.0,22.0,139.0,133.0 
,129,25.0,20.0,133.0,128.0 
,129,22.0,19.0,128.0,125.0 
,130,33.0,29.0,142.0,138.0 
,130,29.0,25.0,138.0,134.0 
,130,25.0,23.0,134.0,132.0 
,129,33.0,29.0,147.0,143.0 
,130,30.0,28.0,143.0,141.0 
,130,28.0,22.0,141.0,135.0 
,131,24.0,20.0,139.0,135.0 
,131,27.0,22.0,141.0,136.0 
,131,22.0,19.0,136.0,133.0 
,133,19.0,17.0,133.0,131.0 
,133,28.0,24.0,145.0,141.0 
,134,25.0,21.0,141.0,137.0 
,138,25.0,19.0,137.0,131.0 
,139,25.0,25.0,138.0,138.0 
,139,25.0,22.0,138.0,135.0 
,138,21.0,19.0,135.0,133.0 
,139,27.0,23.0,142.0,138.0 
,138,22.0,19.0,138.0,135.0 
,140,20.0,17.0,135.0,132.0 
,142,32.0,29.0,148.0,145.0 
,145,31.0,27.0,145.0,141.0 
,146,29.0,26.0,141.0,138.0 
,146,35.0,28.0,147.0,140.0 
,144,27.0,23.0,140.0,136.0 
,144,23.0,21.0,136.0,134.0 
,143,28.0,26.0,141.0,139.0 
,143,30.0,27.0,143.0,140.0 
,142,28.0,23.0,140.0,135.0 
,143,24.0,21.0,135.0,132.0 
,143,33.0,29.0,147.0,143.0 
,145,31.0,27.0,143.0,139.0 
,143,26.0,25.0,139.0,138.0 
,143,35.0,31.0,152.0,148.0 
,142,31.0,28.0,148.0,145.0 
,144,30.0,26.0,145.0,141.0 
,145,36.0,33.0,148.0,145.0 
,146,34.0,28.0,145.0,139.0 
,144,28.0,24.0,139.0,135.0 
,146,32.0,26.0,144.0,138.0 
,146,26.0,24.0,138.0,136.0 
,146,24.0,23.0,136.0,135.0 
,146,31.0,26.0,146.0,141.0 
,148,27.0,24.0,141.0,138.0 
,148,24.0,23.0,138.0,137.0 
,148,31.0,27.0,150.0,146.0 
,147,28.0,26.0,148.0,146.0 
,148,27.0,21.0,146.0,140.0 
,146,27.0,23.0,145.0,141.0 
,146,31.0,29.0,152.0,150.0 
,146,29.0,26.0,150.0,147.0 
,147,27.0,22.0,147.0,142.0 
,146,30.0,24.0,154.0,148.0 
,147,25.0,23.0,148.0,146.0 
,147,23.0,20.0,146.0,143.0 
,147,26.0,23.0,154.0,151.0 
,146,23.0,21.0,151.0,149.0 
,146,21.0,19.0,149.0,147.0 
,145,28.0,24.0,154.0,150.0 
,146,25.0,20.0,150.0,145.0 
,145,20.0,17.0,145.0,142.0 
,145,27.0,25.0,157.0,155.0 
,145,26.0,21.0,155.0,150.0 
,146,21.0,20.0,150.0,149.0 
,147,31.0,27.0,160.0,156.0 
,148,28.0,26.0,157.0,155.0 
,149,27.0,25.0,155.0,153.0 
,149,25.0,23.0,153.0,151.0 
,150,36.0,33.0,165.0,162.0 
,150,33.0,30.0,162.0,159.0 
,149,30.0,26.0,159.0,155.0 
,152,41.0,35.0,169.0,163.0 
,151,36.0,31.0,163.0,158.0 
,152,31.0,30.0,158.0,157.0 
,153,41.0,39.0,171.0,169.0 
,153,39.0,35.0,169.0,165.0 
,155,36.0,32.0,165.0,161.0 
,155,44.0,39.0,175.0,170.0 
,154,39.0,36.0,170.0,167.0 
,156,38.0,34.0,167.0,163.0 
,156,34.0,32.0,164.0,162.0 
,156,40.0,38.0,170.0,168.0 
,157,39.0,36.0,168.0,165.0 
,157,36.0,30.0,165.0,159.0 
,157,38.0,33.0,170.0,165.0 
,158,34.0,29.0,165.0,160.0 
,159,29.0,27.0,160.0,158.0 
,159,34.0,30.0,166.0,162.0 
,158,30.0,24.0,162.0,156.0 
,159,25.0,22.0,156.0,153.0 
,158,33.0,29.0,167.0,163.0 
,160,31.0,29.0,163.0,161.0 
,159,30.0,24.0,161.0,155.0 
,162,40.0,36.0,171.0,167.0 
,162,37.0,34.0,167.0,164.0 
,162,34.0,28.0,164.0,158.0 
,162,31.0,29.0,163.0,161.0 
,165,35.0,32.0,167.0,164.0 
,165,32.0,30.0,164.0,162.0 
,165,30.0,29.0,162.0,161.0 
,165,34.0,29.0,167.0,162.0 
,166,30.0,27.0,162.0,159.0 
,167,28.0,21.0,159.0,152.0 
,168,36.0,32.0,169.0,165.0 
,170,34.0,31.0,165.0,162.0 
,170,31.0,27.0,162.0,158.0 
,169,32.0,28.0,170.0,166.0 
,170,28.0,25.0,166.0,163.0 
,172,27.0,23.0,163.0,159.0 
,172,33.0,31.0,168.0,166.0 
,172,33.0,28.0,170.0,165.0 
,172,28.0,24.0,165.0,161.0 
,172,28.0,24.0,165.0,161.0 
,175,35.0,31.0,170.0,166.0 
,174,31.0,30.0,166.0,165.0 
,174,30.0,27.0,165.0,162.0 
,175,36.0,35.0,172.0,171.0 
,177,35.0,34.0,171.0,170.0 
,177,35.0,29.0,170.0,164.0 
,177,41.0,35.0,179.0,173.0 
,176,35.0,33.0,173.0,171.0 
,179,35.0,32.0,171.0,168.0 
,178,40.0,38.0,178.0,176.0 
,178,39.0,36.0,178.0,175.0 
,178,37.0,33.0,175.0,171.0 
,180,36.0,33.0,175.0,172.0 
,181,35.0,30.0,178.0,173.0 
,183,30.0,27.0,173.0,170.0 
,182,27.0,22.0,170.0,165.0 
,184,29.0,25.0,173.0,169.0 
,185,26.0,23.0,169.0,166.0 
,185,23.0,22.0,166.0,165.0 
,183,32.0,28.0,178.0,174.0 
,183,28.0,27.0,174.0,173.0 
,182,27.0,24.0,173.0,170.0 
,182,26.0,24.0,173.0,171.0 
,182,28.0,24.0,175.0,171.0 
,183,25.0,19.0,171.0,165.0 
,184,19.0,15.0,165.0,161.0 
,185,29.0,27.0,175.0,173.0 
,186,28.0,25.0,173.0,170.0 
,186,25.0,23.0,170.0,168.0 
,187,33.0,31.0,177.0,175.0 
,187,31.0,29.0,175.0,173.0 
,189,32.0,26.0,173.0,167.0 
,191,30.0,28.0,171.0,169.0 
,189,37.0,35.0,178.0,176.0 
,190,36.0,31.0,176.0,171.0 
,191,31.0,29.0,171.0,169.0 
,191,38.0,34.0,178.0,174.0 
,193,35.0,32.0,174.0,171.0 
,194,32.0,31.0,171.0,170.0 
,194,41.0,36.0,179.0,174.0 
,195,41.0,38.0,180.0,177.0 
,198,39.0,36.0,177.0,174.0 
,198,36.0,33.0,176.0,173.0 
,199,39.0,35.0,179.0,175.0 
,200,36.0,33.0,175.0,172.0 
,200,35.0,30.0,172.0,167.0 
,200,39.0,33.0,176.0,170.0 
,201,33.0,32.0,170.0,169.0 
,201,32.0,29.0,169.0,166.0 
,202,40.0,38.0,174.0,172.0 
,203,39.0,35.0,172.0,168.0 
,203,35.0,32.0,168.0,165.0 
,204,43.0,39.0,177.0,173.0 
,204,39.0,37.0,173.0,171.0 
,205,37.0,33.0,171.0,167.0 
,206,41.0,40.0,177.0,176.0 
,206,41.0,35.0,178.0,172.0 
,206,35.0,32.0,172.0,169.0 
,206,37.0,36.0,175.0,174.0 
,206,43.0,41.0,182.0,180.0 
,206,41.0,41.0,180.0,180.0 
,205,41.0,38.0,180.0,177.0 
,206,49.0,46.0,187.0,184.0 
,206,45.0,41.0,184.0,180.0 
,206,41.0,37.0,180.0,176.0 
,208,51.0,46.0,186.0,181.0 
,209,47.0,41.0,181.0,175.0 
,207,41.0,37.0,175.0,171.0 
,208,49.0,45.0,184.0,180.0 
,208,45.0,41.0,180.0,176.0 
,210,42.0,38.0,176.0,172.0 
,211,45.0,40.0,180.0,175.0 
,212,43.0,39.0,177.0,173.0 
,212,39.0,36.0,173.0,170.0 
,213,37.0,36.0,170.0,169.0 
,213,45.0,40.0,178.0,173.0 
,214,41.0,38.0,173.0,170.0 
,213,37.0,33.0,170.0,166.0 
,213,44.0,42.0,178.0,176.0 
,213,42.0,38.0,176.0,172.0 
,215,40.0,38.0,172.0,170.0 
,215,48.0,44.0,180.0,176.0 
,215,44.0,39.0,176.0,171.0 
,216,40.0,38.0,171.0,169.0 
,216,49.0,46.0,180.0,177.0 
,217,47.0,43.0,177.0,173.0 
,217,43.0,40.0,173.0,170.0 
,217,51.0,46.0,182.0,177.0 
,217,47.0,43.0,178.0,174.0 
,217,43.0,41.0,174.0,172.0 
,217,43.0,43.0,174.0,174.0 
,218,48.0,44.0,176.0,172.0 
,218,44.0,42.0,172.0,170.0 
,218,42.0,37.0,170.0,165.0 
,218,46.0,42.0,175.0,171.0 
,219,42.0,35.0,171.0,164.0 
,220,36.0,33.0,164.0,161.0 
,222,46.0,41.0,173.0,168.0 
,222,41.0,38.0,168.0,165.0 
,223,39.0,35.0,165.0,161.0 
,223,42.0,37.0,169.0,164.0 
,223,37.0,35.0,164.0,162.0 
,223,35.0,31.0,162.0,158.0 
,222,40.0,39.0,168.0,167.0 
,223,42.0,39.0,169.0,166.0 
,222,39.0,35.0,166.0,162.0 
,222,35.0,33.0,162.0,160.0 
,221,49.0,46.0,178.0,175.0 
,221,46.0,44.0,175.0,173.0 
,221,44.0,41.0,173.0,170.0 
,222,48.0,44.0,178.0,174.0 
,222,44.0,40.0,174.0,170.0 
,222,40.0,36.0,170.0,166.0 
,222,46.0,43.0,177.0,174.0 
,222,43.0,42.0,174.0,173.0 
,222,42.0,37.0,173.0,168.0 
,223,43.0,40.0,173.0,170.0 
,221,40.0,37.0,171.0,168.0 
,221,37.0,36.0,168.0,167.0 
,220,38.0,35.0,169.0,166.0 
,220,45.0,39.0,175.0,169.0 
,221,39.0,34.0,169.0,164.0 
,222,34.0,31.0,164.0,161.0 
,223,44.0,42.0,171.0,169.0 
,223,42.0,36.0,169.0,163.0 
,223,37.0,33.0,163.0,159.0 
,224,49.0,45.0,175.0,171.0 
,224,46.0,45.0,171.0,170.0 
,224,45.0,42.0,170.0,167.0 
,222,52.0,49.0,175.0,172.0 
,222,49.0,46.0,172.0,169.0 
,222,46.0,43.0,169.0,166.0 
,224,54.0,48.0,176.0,170.0 
,223,48.0,43.0,170.0,165.0 
,223,43.0,41.0,165.0,163.0 
,223,48.0,45.0,169.0,166.0 
,224,51.0,47.0,172.0,168.0 
,224,47.0,44.0,168.0,165.0 
,225,44.0,41.0,165.0,162.0 
,225,48.0,46.0,167.0,165.0 
,225,46.0,42.0,165.0,161.0 
,224,42.0,35.0,161.0,154.0 
,224,38.0,35.0,160.0,157.0 
,223,35.0,33.0,157.0,155.0 
,223,33.0,30.0,155.0,152.0 
,223,44.0,40.0,167.0,163.0 
,223,40.0,40.0,163.0,163.0 
,223,40.0,34.0,163.0,157.0 
,226,48.0,44.0,169.0,165.0 
,226,44.0,40.0,165.0,161.0 
,226,40.0,38.0,161.0,159.0 
