p, s, p&s, totalNumberOfCandidatesinML, numberOfExpiredCandidatesinML, numberOfExpiredCandidatesAfterTheMaintenanceinML, numberOfExpiredElementsInTheView, numberOfExpiredElementsInTheViewAfterTheMaintenance 
,39,7.0,5.0,95.0,93.0 
,41,11.0,8.0,160.0,157.0 
,32,12.0,10.0,195.0,193.0 
,30,10.0,8.0,207.0,205.0 
,30,15.0,12.0,247.0,244.0 
,32,20.0,17.0,278.0,275.0 
,30,19.0,15.0,301.0,297.0 
,27,17.0,13.0,320.0,316.0 
,29,21.0,17.0,331.0,327.0 
,31,22.0,17.0,342.0,337.0 
,30,19.0,15.0,348.0,344.0 
,30,21.0,19.0,355.0,353.0 
,29,22.0,20.0,362.0,360.0 
,27,17.0,14.0,363.0,360.0 
,37,25.0,23.0,366.0,364.0 
,39,29.0,25.0,370.0,366.0 
,26,18.0,13.0,370.0,365.0 
,22,14.0,11.0,370.0,367.0 
,25,16.0,11.0,370.0,365.0 
,26,18.0,14.0,371.0,367.0 
,41,29.0,26.0,373.0,370.0 
,40,30.0,27.0,376.0,373.0 
,42,35.0,32.0,379.0,376.0 
,32,27.0,22.0,376.0,371.0 
,23,18.0,17.0,374.0,373.0 
,21,16.0,12.0,376.0,372.0 
,34,24.0,20.0,375.0,371.0 
,36,24.0,20.0,374.0,370.0 
,37,27.0,24.0,376.0,373.0 
,38,28.0,26.0,376.0,374.0 
,28,21.0,15.0,377.0,371.0 
,25,21.0,17.0,377.0,373.0 
,29,23.0,22.0,374.0,373.0 
,27,20.0,16.0,377.0,373.0 
,34,27.0,21.0,380.0,374.0 
,32,23.0,20.0,378.0,375.0 
,26,19.0,14.0,377.0,372.0 
,32,23.0,19.0,374.0,370.0 
,28,21.0,16.0,373.0,368.0 
,38,29.0,24.0,377.0,372.0 
,33,23.0,19.0,374.0,370.0 
,27,18.0,17.0,377.0,376.0 
,31,25.0,19.0,378.0,372.0 
,30,23.0,19.0,380.0,376.0 
,24,16.0,11.0,375.0,370.0 
,30,20.0,17.0,375.0,372.0 
,26,17.0,15.0,379.0,377.0 
,25,21.0,15.0,382.0,376.0 
,26,21.0,15.0,386.0,380.0 
,29,20.0,14.0,384.0,378.0 
,24,16.0,11.0,381.0,376.0 
,31,21.0,16.0,382.0,377.0 
,28,19.0,14.0,382.0,377.0 
,23,15.0,11.0,380.0,376.0 
,27,17.0,12.0,378.0,373.0 
,38,30.0,26.0,379.0,375.0 
,34,23.0,18.0,376.0,371.0 
,33,25.0,19.0,377.0,371.0 
,39,30.0,28.0,372.0,370.0 
,39,30.0,25.0,373.0,368.0 
,43,29.0,27.0,367.0,365.0 
,42,31.0,28.0,368.0,365.0 
,33,24.0,19.0,373.0,368.0 
,30,21.0,16.0,375.0,370.0 
,30,20.0,17.0,375.0,372.0 
,33,26.0,21.0,380.0,375.0 
,34,26.0,23.0,376.0,373.0 
,30,21.0,15.0,374.0,368.0 
,31,20.0,17.0,373.0,370.0 
,32,21.0,17.0,376.0,372.0 
,30,22.0,17.0,381.0,376.0 
,22,18.0,11.0,378.0,371.0 
,23,15.0,10.0,375.0,370.0 
,28,17.0,14.0,374.0,371.0 
,24,16.0,11.0,374.0,369.0 
,31,20.0,15.0,372.0,367.0 
,34,21.0,19.0,368.0,366.0 
,36,26.0,21.0,369.0,364.0 
,33,26.0,20.0,373.0,367.0 
,36,27.0,21.0,369.0,363.0 
,36,27.0,22.0,372.0,367.0 
,32,21.0,15.0,374.0,368.0 
,37,24.0,18.0,371.0,365.0 
,37,22.0,18.0,367.0,363.0 
,31,23.0,18.0,371.0,366.0 
,32,16.0,13.0,369.0,366.0 
,31,17.0,14.0,371.0,368.0 
,38,27.0,20.0,376.0,369.0 
,33,23.0,19.0,375.0,371.0 
,35,25.0,20.0,376.0,371.0 
,33,22.0,19.0,372.0,369.0 
,34,22.0,17.0,371.0,366.0 
,35,25.0,21.0,374.0,370.0 
,39,29.0,27.0,373.0,371.0 
,35,26.0,25.0,379.0,378.0 
,36,30.0,25.0,378.0,373.0 
,36,27.0,22.0,377.0,372.0 
,33,24.0,20.0,373.0,369.0 
,40,33.0,28.0,376.0,371.0 
,38,30.0,24.0,378.0,372.0 
,30,17.0,14.0,374.0,371.0 
,26,13.0,9.0,371.0,367.0 
,31,19.0,16.0,369.0,366.0 
,30,17.0,12.0,365.0,360.0 
,26,15.0,14.0,365.0,364.0 
,26,17.0,12.0,369.0,364.0 
,30,20.0,15.0,371.0,366.0 
,32,23.0,19.0,373.0,369.0 
,26,18.0,14.0,377.0,373.0 
,30,23.0,17.0,376.0,370.0 
,25,17.0,12.0,382.0,377.0 
,31,26.0,21.0,379.0,374.0 
,26,25.0,18.0,378.0,371.0 
,26,19.0,15.0,374.0,370.0 
,33,26.0,21.0,374.0,369.0 
,27,18.0,15.0,372.0,369.0 
,24,17.0,13.0,376.0,372.0 
,34,26.0,21.0,373.0,368.0 
,33,23.0,19.0,367.0,363.0 
,41,32.0,28.0,370.0,366.0 
,34,27.0,23.0,374.0,370.0 
,30,23.0,20.0,372.0,369.0 
,33,25.0,20.0,371.0,366.0 
,35,25.0,22.0,373.0,370.0 
,29,18.0,15.0,374.0,371.0 
,32,23.0,21.0,379.0,377.0 
,26,22.0,17.0,378.0,373.0 
,30,22.0,18.0,375.0,371.0 
,35,26.0,22.0,373.0,369.0 
,32,26.0,20.0,376.0,370.0 
,34,28.0,23.0,373.0,368.0 
,35,27.0,23.0,371.0,367.0 
,30,21.0,18.0,373.0,370.0 
,30,21.0,16.0,372.0,367.0 
,37,26.0,23.0,369.0,366.0 
,40,29.0,27.0,369.0,367.0 
,36,27.0,23.0,372.0,368.0 
,36,28.0,25.0,372.0,369.0 
,32,23.0,18.0,372.0,367.0 
,37,25.0,20.0,370.0,365.0 
,41,29.0,24.0,370.0,365.0 
,31,21.0,16.0,371.0,366.0 
,29,19.0,13.0,375.0,369.0 
,33,24.0,19.0,375.0,370.0 
,31,25.0,21.0,378.0,374.0 
,31,28.0,22.0,381.0,375.0 
,36,28.0,24.0,376.0,372.0 
,39,27.0,26.0,375.0,374.0 
,37,31.0,28.0,381.0,378.0 
,39,30.0,24.0,379.0,373.0 
