[],1420574482643
[],1420574502643
[],1420574522643
[],1420574542643
[],1420574562643
[],1420574582643
[],1420574602643
[],1420574622643
[183807568, 140080129],1420574642643
[17698956],1420574662643
[],1420574682643
[],1420574702643
[],1420574722643
[309220197],1420574742643
[92733433],1420574762643
[],1420574782643
[140080129],1420574802643
[140080129],1420574822643
[],1420574842643
[],1420574862643
[12413892, 1618007706],1420574882643
[14192680, 140080129, 12273252],1420574902643
[140080129, 12413892],1420574922643
[12413892],1420574942643
[12413892],1420574962643
[12413892],1420574982643
[8861752],1420575002643
[15520253, 186222238],1420575022643
[276554601],1420575042643
[16621805, 12413892],1420575062643
[140080129, 12413892],1420575082643
[12413892, 92733433],1420575102643
[278093318, 12413892],1420575122643
[92733433],1420575142643
[92733433],1420575162643
[17070252, 16262688],1420575182643
[140080129, 16262688, 17070252],1420575202643
[1381345892, 17070252],1420575222643
[326821147, 17604456, 73417273, 4380591],1420575242643
[34541677, 10069612],1420575262643
[34541677, 17070252],1420575282643
[14845376, 34541677, 17070252],1420575302643
[34541677, 140080129, 23973187],1420575322643
[23354464, 140080129, 17070252, 1618007706, 309220197],1420575342643
[276554601, 23354464, 140080129, 17070252, 92733433],1420575362643
[14192680, 140080129, 17070252, 92733433],1420575382643
[],1420575402643
[],1420575422643
[174890917, 12273252],1420575442643
[34541677, 50023090],1420575462643
[34541677],1420575482643
[17698956, 140080129, 4380591, 92733433],1420575502643
[23354464, 4380591, 8861752, 92733433],1420575522643
[69020299, 92733433, 89787221],1420575542643
[1566741842, 193232854, 69020299, 89787221],1420575562643
[69020299, 24849868, 12413892, 512403075, 976147104],1420575582643
[69020299, 14811775],1420575602643
[69020299, 140080129, 21796484, 14811775, 15787325],1420575622643
[15836048, 186222238, 140080129, 14811775, 4380591],1420575642643
[278093318, 69020299, 25368027, 12413892, 89787221],1420575662643
[394078527, 34541677, 183807568, 12413892, 35947725],1420575682643
[202777395, 69020299, 487535749, 92733433, 525187154],1420575702643
[27103822, 69020299],1420575722643
[276554601, 17698956, 69020299, 17070252],1420575742643
[69020299, 17070252, 140080129, 16262688],1420575762643
[69020299],1420575782643
[69020299],1420575802643
[69020299],1420575822643
[8312862, 202777395, 69020299],1420575842643
[202777395, 69020299],1420575862643
[292289403, 14845376, 140080129, 34409159],1420575882643
[202777395, 140080129, 12413892, 8861752],1420575902643
[140140890, 17698956, 384479689, 202777395, 69020299],1420575922643
[14192680, 1381345892, 384479689, 1051313198, 12273252],1420575942643
[14192680, 69020299, 24206345, 27091328],1420575962643
[14192680, 17070252, 24206345, 27091328, 123576946],1420575982643
[824157, 17070252, 24206345],1420576002643
[384479689, 183807568, 45710831, 140080129],1420576022643
[24206345, 16101657, 27091328, 92733433],1420576042643
[24206345, 16101657, 15856366],1420576062643
[23742474, 27091328, 20096207, 15856366],1420576082643
[180026716, 17070252, 20096207, 15856366],1420576102643
[17070252, 20096207],1420576122643
[],1420576142643
[17698956, 38702668, 140080129, 44426926],1420576162643
[140080129, 24206345, 97175299],1420576182643
[14192680, 278093318, 24206345, 487535749, 15646547],1420576202643
[14192680, 73417273, 199358175, 195897346],1420576222643
[326821147, 140080129, 7867072, 73417273, 195897346],1420576242643
[140080129, 50023090, 8861752],1420576262643
[118292510, 140080129, 27091328],1420576282643
[14192680, 108039570, 23354464, 183807568, 27091328],1420576302643
[34541677, 23354464],1420576322643
[15520253, 34541677, 23354464, 309220197, 20096207],1420576342643
[17698956, 23354464, 61292961, 12413892, 20096207],1420576362643
[394078527, 21104725, 1618007706, 27091328, 195897346],1420576382643
[17604456, 27091328, 14811775],1420576402643
[19200736, 14811775],1420576422643
[26337145, 92733433],1420576442643
[16045956, 188077169, 14736904, 22948692],1420576462643
[140080129, 12273252, 24705687, 46697447],1420576482643
[24849868],1420576502643
[174890917],1420576522643
[23354464],1420576542643
[17698956],1420576562643
[183807568, 46358463, 20096207],1420576582643
[259637983, 140080129, 57333521],1420576602643
[55252152, 259637983, 73417273, 811303, 8861752],1420576622643
[10069612, 24206345, 73417273, 27091328, 92791146],1420576642643
[1381345892, 24206345, 166715703, 27091328, 89316412],1420576662643
[34541677, 15980503, 512403075],1420576682643
[512403075, 17348724],1420576702643
[140080129],1420576722643
[17698956],1420576742643
[27091328, 23973187, 96184837],1420576762643
[10005212, 186222238, 27091328, 96184837, 89787221],1420576782643
[14845376, 19034656, 316053072, 27091328, 195897346],1420576802643
[276554601, 22990521, 140080129, 73417273, 44426926],1420576822643
[276554601, 15445129, 278093318, 19964088, 25368027],1420576842643
[12413892],1420576862643
[24849868, 17070252],1420576882643
[109013694, 16101657],1420576902643
[14192680, 24206345, 17047743, 226606138, 16785615],1420576922643
[24206345, 1454742764, 1618007706],1420576942643
[17698956, 69020299, 19934731],1420576962643
[292289403, 33320626],1420576982643
[16262688],1420577002643
[27091328],1420577022643
[214214616, 27091328, 976147104, 149157068],1420577042643
[119538278, 18725415, 19781206],1420577062643
[19781206, 12273252],1420577082643
[202777395],1420577102643
[15520253, 202777395, 22948692, 14745100],1420577122643
[373316165, 22948692, 8861752],1420577142643
[18964685],1420577162643
[326821147],1420577182643
[326821147, 17698956, 512403075, 309220197, 92733433],1420577202643
[51220493, 92733433],1420577222643
[23354464],1420577242643
[811303, 19781206],1420577262643
[326821147, 27103822, 24849868, 19781206],1420577282643
[326821147, 10069612],1420577302643
[140080129, 22948692],1420577322643
[104227735, 824157],1420577342643
[1381345892, 14845376, 21842357, 27091328],1420577362643
[326821147, 14845376, 20133051, 27091328, 15856366],1420577382643
[14845376, 1618007706, 14811775],1420577402643
[14192680, 14845376, 278093318],1420577422643
[8312862, 87290802, 140080129, 27091328],1420577442643
[8312862, 19205893, 188077169, 140080129, 27091328],1420577462643
[19205893, 188077169, 44448194, 309220197, 44426926],1420577482643
[8312862, 487535749, 17145499],1420577502643
[45710831, 338262255, 174890917, 34409159, 17145499],1420577522643
[384479689, 174890917],1420577542643
[384479689, 140080129, 174890917, 17145499, 92733433],1420577562643
[17145499],1420577582643
[17698956, 1051313198, 18360000],1420577602643
[226493139, 1051313198, 18703477, 18360000, 35818653],1420577622643
[17070252, 73417273, 35818653],1420577642643
[808721557, 17070252, 12273252, 24773493],1420577662643
[808721557, 382230093, 140080129, 24773493],1420577682643
[14736904, 19781206, 8861752],1420577702643
[1581203119, 130447060, 16262688, 17070252, 57333521],1420577722643
[40996128, 130447060, 34541677, 17070252, 22948692],1420577742643
[45710831, 20745130, 24849868, 24773493],1420577762643
[21796484, 24773493],1420577782643
[276554601, 22990521, 23973187, 24773493, 35818653],1420577802643
[16277373, 140080129, 1365924662, 23973187, 35818653],1420577822643
[15520253, 36767344, 140080129, 24773493],1420577842643
[],1420577862643
[],1420577882643
[188077169, 1618007706, 27091328, 92733433],1420577902643
[109013694, 567341777, 188077169, 92733433],1420577922643
[567341777, 188077169, 23354464],1420577942643
[14192680, 10005212, 76162725],1420577962643
[14845376, 10005212, 23624581, 76162725],1420577982643
[92733433, 89787221],1420578002643
[108039570, 25368027, 22948692, 11178672, 15646547],1420578022643
[19205893, 140080129, 12413892],1420578042643
[1381345892, 58975906, 24426175],1420578062643
[1381345892, 41119424, 278093318, 309220197],1420578082643
[1381345892, 278093318],1420578102643
[1381345892, 278093318],1420578122643
[15445129, 278093318, 69020299, 92733433, 8861752],1420578142643
[567341777, 50225386, 74578857, 12273252, 24773493],1420578162643
[567341777, 50225386, 120985729, 24773493],1420578182643
[130447060, 19200736, 140080129, 24773493],1420578202643
[16621805],1420578222643
[1006922053, 259637983, 17070252],1420578242643
[16045956, 263131563, 7867072],1420578262643
[14787749, 12794362],1420578282643
[22948692, 8861752],1420578302643
[140080129, 25368027, 8861752],1420578322643
[17604456, 22192440, 44426926, 309220197],1420578342643
[567341777, 24849868, 28516164, 24206345, 309220197],1420578362643
[467431144],1420578382643
[567341777, 17472921, 90714989],1420578402643
[567341777, 17472921, 25368027],1420578422643
[25368027, 92791146, 24773493],1420578442643
[10005212, 140080129, 15920875, 388784593, 24773493],1420578462643
[14192680, 27103822, 19274498, 16220541, 92733433],1420578482643
[567341777, 12413892],1420578502643
[326821147, 567341777, 10069612, 41644754],1420578522643
[567341777, 14845376, 180026716, 73417273],1420578542643
[93644596],1420578562643
[14745100, 195897346],1420578582643
[16262688, 25368027, 14745100, 16101657],1420578602643
[16262688, 818340, 384940104, 1618007706, 104291835],1420578622643
[8312862, 23354464, 338262255],1420578642643
[8312862, 34541677, 23354464, 140080129, 22948692],1420578662643
[824157, 34541677, 23354464, 188077169, 309220197],1420578682643
[23742474, 23354464, 24849868, 309220197, 23453742],1420578702643
[17472921, 373316165, 61292961, 50023090, 57333521],1420578722643
[824157, 44682474, 23354464, 4282171, 8861752],1420578742643
[55252152, 23354464, 15111389, 46358463, 33320626],1420578762643
[],1420578782643
[23354464, 278093318, 166715703, 174890917, 12273252],1420578802643
[1381345892, 34541677, 23354464, 174890917, 12273252],1420578822643
[824157, 34541677, 23354464, 140080129, 92733433],1420578842643
[824157, 17698956, 34541677, 23354464, 811303],1420578862643
[34541677, 23354464, 472207757, 149157068, 251369428],1420578882643
[1364403168, 21842357, 15646547, 43216942],1420578902643
[8312862, 567341777, 16262688, 309220197, 49437246],1420578922643
[8312862, 23354464, 18811814, 20146313],1420578942643
[14192680, 34541677, 12413892, 25870048],1420578962643
[34541677, 186222238, 22990521, 12413892, 25870048],1420578982643
[174890917, 22948692, 879521, 23973187, 12273252],1420579002643
[27103822, 23354464, 4380591, 89316412, 15856366],1420579022643
[23354464, 129917609, 18811814, 174890917],1420579042643
[18811814, 12413892],1420579062643
[238115057, 19118802, 325220198, 12413892],1420579082643
[14845376, 34541677, 27103822, 36573752, 134772528],1420579102643
[34541677, 384479689, 23354464, 44426926, 8861752],1420579122643
[27103822, 349227445, 140080129, 1618007706, 18725415],1420579142643
[34541677, 17070252, 16253142, 251369428],1420579162643
[34541677, 10069612, 17348724, 251369428, 24773493],1420579182643
[25242416, 34541677, 10069612, 309220197, 24773493],1420579202643
[16621805, 34541677, 10069612, 879521, 89787221],1420579222643
[824157, 34541677, 10069612, 18725415, 24773493],1420579242643
[1581203119, 326821147, 169193463, 27103822, 46697447],1420579262643
[34541677, 27103822, 69020299, 14745100, 46697447],1420579282643
[34541677, 118292510, 27103822, 10069612, 15907716],1420579302643
[87290802, 5146511, 27103822, 10069612, 879521],1420579322643
[87290802, 15836048, 278093318, 879521, 24773493],1420579342643
[1566741842, 1581203119, 808721557, 15646547, 17145499],1420579362643
[1581203119, 172496840, 1364403168, 349227445, 1454742764],1420579382643
[34541677, 188077169, 1454742764, 92733433, 123576946],1420579402643
[1581203119, 15520253, 619739966, 24773493],1420579422643
[1581203119, 21986815, 10069612, 140080129, 24773493],1420579442643
[14192680, 34541677, 10069612, 555359654, 976147104],1420579462643
[14192680, 21862217, 10069612, 309220197],1420579482643
[292289403, 43285968, 10069612, 24849868, 12413892],1420579502643
[824157, 27103822, 1454742764, 18811814, 12273252],1420579522643
[394078527, 186222238, 24206345, 17810599, 8861752],1420579542643
[14192680, 1381345892, 193232854, 22948692, 8861752],1420579562643
[14192680, 79292033, 18964685, 27091328, 16253142],1420579582643
[14192680, 140080129, 16262688, 1618007706, 8861752],1420579602643
[14192680, 19034656, 10069612, 259637983, 20096207],1420579622643
[45710831, 22990521, 74578857, 8861752],1420579642643
[14845376, 15980503, 10005212, 22990521, 1454742764],1420579662643
[276554601, 14845376, 45710831, 1454742764, 19287097],1420579682643
[14845376, 46213956, 45710831],1420579702643
[14845376, 45710831, 879521, 18970044],1420579722643
[109013694, 45710831, 1454742764, 879521, 24773493],1420579742643
[14192680, 17810599, 1454742764, 24773493, 92733433],1420579762643
[14192680, 69020299, 119538278, 140080129, 17810599],1420579782643
[17896885, 69020299, 45710831],1420579802643
[8312862, 14845376, 69020299, 384940104, 44426926],1420579822643
[23742474, 14845376, 152341106, 17437735, 23973187],1420579842643
[1581203119, 567341777, 25368027, 21796484, 22948692],1420579862643
[1581203119, 18971670, 24849868, 61733092, 16253142],1420579882643
[114872969, 14845376, 23354464, 45710831, 24849868],1420579902643
[14845376, 60863619, 45710831, 140080129, 24773493],1420579922643
[14192680, 17604456, 45710831, 104291835, 23973187],1420579942643
[14845376, 278093318, 45710831, 1454742764, 387220815],1420579962643
[14845376, 69020299, 45710831, 1454742764, 17047743],1420579982643
[14192680, 14845376, 10069612, 1454742764, 12273252],1420580002643
[14845376, 108039570, 10069612, 15601977, 19934731],1420580022643
[15520253, 14845376, 140080129, 17070252, 1454742764],1420580042643
[104227735, 14845376, 24206345, 17810599, 12273252],1420580062643
