[114872969, 61733092, 20745130, 487535749, 49437246],1420574922643
[8312862, 16262688, 278093318, 92733433, 395194959],1420574942643
[189107456, 174890917, 24773493, 15856366, 49437246],1420574962643
[18725415, 90714989, 36440780, 38702668],1420574982643
[33491215, 61733092, 45710831, 23779501, 10005212],1420575002643
[89316412, 15111389, 259637983, 73417273, 1381345892],1420575022643
[128044351, 278093318, 1618007706, 824157, 26207922],1420575042643
[18964685, 73417273, 34541677, 174083824, 26207922],1420575062643
[23354464, 25368027, 276554601, 1051313198, 1381345892],1420575082643
[18964685, 19934731, 15856366, 49437246],1420575102643
[19934731, 12794362, 16621805, 174890917],1420575122643
[15520253, 16621805, 76162725, 14192680],1420575142643
[34541677, 23973187, 195897346, 15856366, 202777395],1420575162643
[276554601, 174083824, 195897346, 12413892, 27091328],1420575182643
[8861752, 7867072, 16045956, 14811775, 21986815],1420575202643
[18964685, 140080129, 118292510, 16220541, 14158682],1420575222643
[12794362, 17604456, 34541677, 1051313198, 14158682],1420575242643
[17070252, 12413892, 15856366, 27091328, 16045956],1420575262643
[18964685, 17472921, 4380591, 28319608, 23742474],1420575282643
[89316412, 19200736, 12413892, 20660146, 217588851],1420575302643
[89316412, 76162725, 12413892, 27091328, 92733433],1420575322643
[140080129, 19200736, 326821147, 14192680, 55252152],1420575342643
[15520253, 25368027, 89787221, 18970044, 14845376],1420575362643
[19934731, 16262688, 89787221, 12273252, 1381345892],1420575382643
[89316412, 12413892, 7867072, 202777395, 18970044],1420575402643
[87290802, 278093318, 12413892, 166715703, 23742474],1420575422643
[17604456, 276554601, 20660146, 28319608, 14192680],1420575442643
[15601977, 118292510, 17810599, 1381345892],1420575462643
[140080129, 8861752, 76162725, 46697447, 14845376],1420575482643
[76162725, 18811814, 202777395, 21986815, 14845376],1420575502643
[234484328, 89316412, 15445129, 14192680, 14845376],1420575522643
[11178672, 16220541, 25368027, 24773493, 14845376],1420575542643
[44682474, 23973187, 7867072, 12273252],1420575562643
[11178672, 12273252, 92733433, 23742474],1420575582643
[1618007706, 276554601, 199358175, 15980503, 40996128],1420575602643
[18964685, 11178672, 278093318, 104227735, 19964088],1420575622643
[25368027, 1566741842, 17698956, 226107231, 10069612],1420575642643
[50023090, 89787221, 104227735, 15787325, 14811775],1420575662643
[31634255, 24773493, 15445129, 824157, 27091328],1420575682643
[11178672, 278093318, 17472921, 15484266, 14787749],1420575702643
[89316412, 195897346, 199358175, 92733433, 1381345892],1420575722643
[25368027, 487535749, 27091328, 183807568, 10069612],1420575742643
[349227445, 234484328, 15836048, 16220541, 8861752],1420575762643
[512403075, 186222238, 309220197, 24773493, 824157],1420575782643
[193232854, 278093318, 31634255, 275665487],1420575802643
[193232854, 34541677, 24773493, 183807568],1420575822643
[17348724, 27103822, 89316412, 24849868, 8923182],1420575842643
[140080129, 15601977, 12413892, 7867072, 28319608],1420575862643
[23354464, 73417273, 278093318, 276554601, 202777395],1420575882643
[140080129, 16262688, 20745130, 14845376, 8923182],1420575902643
