p,s,p&s,totalNumberOfCandidatesinML,numberOfExpiredCandidatesinML,numberOfExpiredCandidatesAfterTheMaintenanceinML,numberOfExpiredElementsInTheView,numberOfExpiredElementsInTheViewAfterTheMaintenance 
1,4,0.0,39,4.0,4.0,22.0,22.0 
2,9,1.0,41,9.0,9.0,41.0,41.0 
1,9,1.0,32,9.0,8.0,47.0,46.0 
7,10,5.0,30,10.0,10.0,49.0,49.0 
8,11,6.0,30,11.0,11.0,63.0,63.0 
10,15,8.0,32,15.0,15.0,85.0,85.0 
12,11,7.0,30,11.0,11.0,98.0,98.0 
14,11,8.0,27,11.0,11.0,106.0,106.0 
15,13,8.0,29,13.0,12.0,113.0,112.0 
13,17,9.0,31,17.0,17.0,122.0,122.0 
14,18,9.0,30,18.0,18.0,129.0,129.0 
17,18,12.0,30,18.0,18.0,138.0,138.0 
16,18,10.0,29,18.0,17.0,143.0,142.0 
20,16,12.0,27,16.0,15.0,148.0,147.0 
24,22,17.0,37,22.0,22.0,149.0,149.0 
28,23,20.0,39,23.0,23.0,158.0,158.0 
21,17,15.0,26,17.0,16.0,163.0,162.0 
17,15,14.0,22,15.0,15.0,167.0,167.0 
21,17,16.0,25,17.0,16.0,167.0,166.0 
19,15,13.0,26,15.0,15.0,173.0,173.0 
33,25,22.0,41,25.0,25.0,173.0,173.0 
31,24,21.0,40,24.0,23.0,178.0,177.0 
31,24,23.0,42,24.0,24.0,180.0,180.0 
23,19,16.0,32,19.0,19.0,180.0,180.0 
19,15,13.0,23,15.0,14.0,185.0,184.0 
19,14,14.0,21,14.0,12.0,187.0,185.0 
24,22,19.0,34,22.0,22.0,189.0,189.0 
30,25,22.0,36,25.0,25.0,195.0,195.0 
30,28,26.0,37,28.0,28.0,201.0,201.0 
31,25,23.0,38,25.0,25.0,210.0,210.0 
23,21,19.0,28,21.0,20.0,216.0,215.0 
21,21,19.0,25,21.0,20.0,215.0,214.0 
26,24,24.0,29,24.0,23.0,219.0,218.0 
24,21,21.0,27,21.0,20.0,219.0,218.0 
28,27,26.0,34,27.0,27.0,218.0,218.0 
28,25,23.0,32,25.0,24.0,222.0,221.0 
24,21,20.0,26,21.0,18.0,222.0,219.0 
26,23,23.0,32,23.0,23.0,221.0,221.0 
25,22,20.0,28,22.0,21.0,226.0,225.0 
33,26,22.0,38,26.0,24.0,231.0,229.0 
28,25,24.0,33,25.0,25.0,229.0,229.0 
24,24,22.0,27,24.0,21.0,233.0,230.0 
26,19,19.0,31,19.0,19.0,234.0,234.0 
27,23,22.0,30,23.0,22.0,239.0,238.0 
20,20,19.0,24,20.0,19.0,236.0,235.0 
25,22,22.0,30,22.0,22.0,239.0,239.0 
24,21,21.0,26,21.0,20.0,244.0,243.0 
21,19,19.0,25,19.0,19.0,248.0,248.0 
22,21,20.0,26,21.0,21.0,248.0,248.0 
24,22,20.0,29,22.0,22.0,254.0,254.0 
19,16,16.0,24,16.0,16.0,256.0,256.0 
25,24,23.0,31,24.0,24.0,259.0,259.0 
23,22,21.0,28,22.0,21.0,257.0,256.0 
21,19,19.0,23,19.0,17.0,257.0,255.0 
24,24,22.0,27,24.0,22.0,267.0,265.0 
33,30,29.0,38,30.0,29.0,264.0,263.0 
31,29,29.0,34,29.0,28.0,268.0,267.0 
28,25,25.0,33,25.0,25.0,269.0,269.0 
32,32,29.0,39,32.0,31.0,271.0,270.0 
33,35,33.0,39,35.0,34.0,272.0,271.0 
39,37,37.0,43,37.0,37.0,273.0,273.0 
37,35,34.0,42,35.0,35.0,273.0,273.0 
26,28,25.0,33,28.0,27.0,275.0,274.0 
23,25,22.0,30,25.0,25.0,277.0,277.0 
27,27,25.0,30,27.0,25.0,281.0,279.0 
28,28,27.0,33,28.0,28.0,282.0,282.0 
30,28,27.0,34,28.0,27.0,284.0,283.0 
26,24,23.0,30,24.0,24.0,285.0,285.0 
27,27,26.0,31,27.0,27.0,287.0,287.0 
31,31,30.0,32,31.0,28.0,290.0,287.0 
25,27,24.0,30,27.0,26.0,288.0,287.0 
18,19,17.0,22,19.0,19.0,289.0,289.0 
16,18,15.0,23,18.0,18.0,290.0,290.0 
22,22,19.0,28,22.0,22.0,292.0,292.0 
21,22,21.0,24,22.0,21.0,292.0,291.0 
26,27,24.0,31,27.0,26.0,296.0,295.0 
31,31,29.0,34,31.0,29.0,299.0,297.0 
33,31,30.0,36,31.0,30.0,298.0,297.0 
28,28,27.0,33,28.0,27.0,299.0,298.0 
31,30,29.0,36,30.0,30.0,300.0,300.0 
30,30,28.0,36,30.0,29.0,302.0,301.0 
26,23,23.0,32,23.0,23.0,300.0,300.0 
33,31,29.0,37,31.0,30.0,297.0,296.0 
33,30,28.0,37,30.0,28.0,298.0,296.0 
28,23,23.0,31,23.0,22.0,300.0,299.0 
29,25,25.0,32,25.0,24.0,300.0,299.0 
26,23,23.0,31,23.0,23.0,300.0,300.0 
33,33,31.0,38,33.0,32.0,303.0,302.0 
29,26,26.0,33,26.0,26.0,301.0,301.0 
34,29,29.0,35,29.0,26.0,304.0,301.0 
28,27,26.0,33,27.0,27.0,302.0,302.0 
28,31,27.0,34,31.0,29.0,306.0,304.0 
31,32,30.0,35,32.0,31.0,307.0,306.0 
36,34,33.0,39,34.0,33.0,305.0,304.0 
34,33,33.0,35,33.0,30.0,305.0,302.0 
30,29,28.0,36,29.0,28.0,307.0,306.0 
32,30,29.0,36,30.0,30.0,309.0,309.0 
31,32,31.0,33,32.0,30.0,312.0,310.0 
37,40,37.0,40,40.0,37.0,311.0,308.0 
32,33,31.0,38,33.0,33.0,311.0,311.0 
27,27,26.0,30,27.0,26.0,313.0,312.0 
20,23,20.0,26,23.0,22.0,312.0,311.0 
26,28,26.0,31,28.0,28.0,314.0,314.0 
29,27,26.0,30,27.0,24.0,313.0,310.0 
23,23,21.0,26,23.0,21.0,311.0,309.0 
20,22,18.0,26,22.0,20.0,311.0,309.0 
25,25,24.0,30,25.0,25.0,311.0,311.0 
29,30,28.0,32,30.0,27.0,314.0,311.0 
23,24,23.0,26,24.0,23.0,313.0,312.0 
25,25,24.0,30,25.0,25.0,311.0,311.0 
20,18,17.0,25,18.0,17.0,309.0,308.0 
29,24,24.0,31,24.0,22.0,306.0,304.0 
23,19,19.0,26,19.0,18.0,306.0,305.0 
24,19,19.0,26,19.0,17.0,303.0,301.0 
28,26,25.0,33,26.0,26.0,305.0,305.0 
25,24,23.0,27,24.0,22.0,307.0,305.0 
21,18,17.0,24,18.0,17.0,304.0,303.0 
29,30,27.0,34,30.0,29.0,306.0,305.0 
31,29,28.0,33,29.0,27.0,305.0,303.0 
37,33,33.0,41,33.0,33.0,305.0,305.0 
31,29,28.0,34,29.0,27.0,308.0,306.0 
26,24,23.0,30,24.0,24.0,308.0,308.0 
28,25,24.0,33,25.0,25.0,310.0,310.0 
31,28,28.0,35,28.0,28.0,313.0,313.0 
27,25,25.0,29,25.0,23.0,312.0,310.0 
25,19,19.0,32,19.0,19.0,312.0,312.0 
22,18,17.0,26,18.0,18.0,317.0,317.0 
27,28,27.0,30,28.0,27.0,321.0,320.0 
32,31,30.0,35,31.0,29.0,321.0,319.0 
28,24,23.0,32,24.0,24.0,319.0,319.0 
30,28,27.0,34,28.0,27.0,319.0,318.0 
28,28,25.0,35,28.0,26.0,318.0,316.0 
26,25,23.0,30,25.0,24.0,316.0,315.0 
28,24,24.0,30,24.0,22.0,318.0,316.0 
33,27,27.0,37,27.0,27.0,319.0,319.0 
35,32,31.0,40,32.0,32.0,320.0,320.0 
31,26,26.0,36,26.0,26.0,319.0,319.0 
30,28,28.0,36,28.0,28.0,319.0,319.0 
29,26,26.0,32,26.0,25.0,318.0,317.0 
33,30,29.0,37,30.0,29.0,315.0,314.0 
35,32,30.0,41,32.0,31.0,314.0,313.0 
27,21,20.0,31,21.0,21.0,313.0,313.0 
28,23,23.0,29,23.0,20.0,311.0,308.0 
29,26,26.0,33,26.0,26.0,309.0,309.0 
27,22,22.0,31,22.0,22.0,310.0,310.0 
29,24,24.0,31,24.0,22.0,310.0,308.0 
29,27,24.0,36,27.0,26.0,311.0,310.0 
30,27,24.0,39,27.0,27.0,310.0,310.0 
29,28,25.0,37,28.0,28.0,314.0,314.0 
35,32,31.0,39,32.0,32.0,315.0,315.0 
